block n60 sum_rr60 bad60 hold drowsy
0 2 419 4 1 0
1 7 1431 4 1 0
2 13 2613 4 1 0
3 19 3852 4 1 0
4 25 5061 4 1 0
5 31 6297 4 1 0
6 37 7480 4 1 0
7 43 8697 4 1 0
8 49 9920 4 1 0
9 54 11009 4 1 0
10 60 12338 4 1 0
11 65 13421 4 1 0
12 69 14282 0 1 0
13 69 14376 0 1 0
14 69 14514 0 1 0
15 68 14390 0 1 0
16 68 14495 0 1 0
17 67 14354 0 1 0
18 67 14504 0 1 0
19 66 14392 0 1 0
20 66 14402 0 1 0
21 67 14581 0 1 0
22 66 14280 0 1 0
23 67 14479 0 1 0
24 67 14455 0 1 0
25 67 14469 0 1 0
26 67 14416 0 1 0
27 67 14391 0 1 0
28 67 14374 0 1 0
29 68 14550 0 1 0
30 68 14423 0 1 0
31 68 14494 0 1 0
32 67 14341 0 1 0
33 67 14355 0 1 0
34 67 14437 0 1 0
35 67 14452 0 1 0
36 67 14449 0 0 0
37 67 14386 0 0 0
38 67 14437 0 0 0
39 67 14434 0 0 0
40 67 14452 0 0 0
41 66 14287 0 0 0
42 66 14413 0 0 0
43 66 14348 0 0 0
44 66 14346 0 0 0
45 66 14365 0 0 0
46 66 14395 0 0 0
47 66 14389 0 0 0
48 65 14234 0 0 0
49 66 14539 0 0 0
50 65 14307 0 0 0
51 65 14352 0 0 0
52 65 14379 0 0 0
53 65 14375 0 0 0
54 65 14334 0 0 0
55 65 14289 0 0 0
56 66 14523 0 0 0
57 66 14506 0 0 0
58 66 14456 0 0 0
59 66 14457 0 0 0
60 66 14403 0 0 0
61 66 14272 0 0 0
62 67 14522 0 0 0
63 67 14450 0 0 0
64 67 14430 0 0 0
65 67 14420 0 0 0
66 67 14431 0 0 0
67 67 14448 0 0 0
68 67 14445 0 0 0
69 66 14245 0 0 0
70 67 14459 0 0 0
71 66 14260 0 0 0
72 67 14548 0 0 0
73 66 14385 0 0 0
74 66 14391 0 0 0
75 66 14447 0 0 0
76 65 14252 0 0 0
77 66 14473 0 0 0
78 65 14262 0 0 0
79 66 14526 0 0 0
80 65 14334 0 0 0
81 66 14524 0 0 0
82 65 14302 0 0 0
83 66 14478 0 0 0
84 66 14404 0 0 0
85 66 14402 0 0 0
86 66 14347 0 0 0
87 67 14501 0 0 0
88 67 14444 0 0 0
89 67 14392 0 0 0
90 67 14375 0 0 0
91 67 14347 0 0 0
92 68 14488 0 0 0
93 67 14217 0 0 0
94 68 14434 0 0 0
95 67 14291 0 0 0
96 67 14351 0 0 0
97 68 14547 0 0 0
98 67 14328 0 0 0
99 67 14324 0 0 0
100 67 14337 0 0 0
101 67 14370 0 0 0
102 67 14385 0 0 0
103 67 14359 0 0 0
104 67 14329 0 0 0
105 68 14580 0 0 0
106 67 14312 0 0 0
107 68 14466 0 0 0
108 68 14422 0 0 0
109 67 14268 0 0 0
110 68 14517 0 0 0
111 67 14362 0 0 0
112 68 14586 0 0 0
113 67 14327 0 0 0
114 69 14610 0 0 0
115 68 14329 0 0 0
116 68 14360 0 0 0
117 68 14388 0 0 0
118 68 14482 0 0 0
119 68 14523 0 0 0
120 67 14333 0 0 0
121 68 14514 0 0 0
122 67 14336 0 0 0
123 67 14347 0 0 0
124 67 14369 0 0 0
125 67 14402 0 0 0
126 66 14316 0 0 0
127 66 14381 0 0 0
128 66 14407 0 0 0
129 66 14380 0 0 0
130 67 14523 0 0 0
131 66 14236 0 0 0
132 67 14368 0 0 0
133 67 14309 0 0 0
134 68 14410 0 0 0
135 68 14413 0 0 0
136 68 14416 0 0 0
137 68 14451 0 0 0
138 68 14455 0 0 0
139 68 14456 0 0 0
140 67 14299 0 0 0
141 67 14386 0 0 0
142 66 14215 0 0 0
143 67 14521 0 0 0
144 66 14433 0 0 0
145 65 14336 0 0 0
146 65 14403 0 0 0
147 66 14551 0 0 0
148 65 14313 0 0 0
149 65 14360 0 0 0
150 65 14423 0 0 0
151 65 14465 0 0 0
152 66 14608 0 0 0
153 65 14332 0 0 0
154 66 14571 0 0 0
155 65 14310 0 0 0
156 66 14490 0 0 0
157 66 14451 0 0 0
158 66 14460 0 0 0
159 65 14281 0 0 0
160 66 14468 0 0 0
161 66 14403 0 0 0
162 66 14358 0 0 0
163 66 14340 0 0 0
164 66 14342 0 0 0
165 67 14549 0 0 0
166 66 14286 0 0 0
167 66 14351 0 0 0
168 66 14277 0 0 0
169 67 14419 0 0 0
170 67 14374 0 0 0
171 67 14364 0 0 0
172 67 14327 0 0 0
173 67 14381 0 0 0
174 67 14351 0 0 0
175 68 14526 0 0 0
176 67 14344 0 0 0
177 66 14202 0 0 0
178 67 14488 0 0 0
179 67 14443 0 0 0
180 66 14337 0 0 0
181 66 14391 0 0 0
182 66 14400 0 0 0
183 66 14375 0 0 0
184 66 14451 0 0 0
185 66 14425 0 0 0
186 66 14451 0 0 0
187 65 14280 0 0 0
188 65 14318 0 0 0
189 66 14542 0 0 0
190 65 14308 0 0 0
191 65 14327 0 0 0
192 66 14561 0 0 0
193 65 14375 0 0 0
194 65 14395 0 0 0
195 65 14407 0 0 0
196 65 14411 0 0 0
197 65 14416 0 0 0
198 65 14408 0 0 0
199 66 14532 0 0 0
200 66 14454 0 0 0
201 66 14415 0 0 0
202 66 14389 0 0 0
203 67 14555 0 0 0
204 66 14268 0 0 0
205 67 14411 0 0 0
206 67 14428 0 0 0
207 67 14455 0 0 0
208 67 14344 0 0 0
209 68 14521 0 0 0
210 67 14366 0 0 0
211 66 14246 0 0 0
212 67 14429 0 0 0
213 67 14373 0 0 0
214 68 14521 0 0 0
215 67 14292 0 0 0
216 68 14526 0 0 0
217 67 14377 0 0 0
218 67 14385 0 0 0
219 67 14385 0 0 0
220 66 14326 0 0 0
221 66 14344 0 0 0
222 67 14456 0 0 0
223 67 14393 0 0 0
224 67 14468 0 0 0
225 66 14309 0 0 0
226 66 14331 0 0 0
227 66 14380 0 0 0
228 66 14324 0 0 0
229 67 14491 0 0 0
230 66 14250 0 0 0
231 67 14394 0 0 0
232 68 14487 0 0 0
233 68 14461 0 0 0
234 67 14321 0 0 0
235 67 14378 0 0 0
236 67 14373 0 0 0
237 67 14343 0 0 0
238 67 14388 0 0 0
239 68 14585 0 0 0
240 67 14427 0 0 0
241 67 14467 0 0 0
242 67 14423 0 0 0
243 67 14479 0 0 0
244 66 14317 0 0 0
245 66 14314 0 0 0
246 66 14280 0 0 0
247 67 14520 0 0 0
248 66 14342 0 0 0
249 67 14564 0 0 0
250 66 14337 0 0 0
251 66 14340 0 0 0
252 66 14328 0 0 0
253 66 14285 0 0 0
254 67 14546 0 0 0
255 66 14326 0 0 0
256 67 14545 0 0 0
257 66 14392 0 0 0
258 67 14588 0 0 0
259 66 14287 0 0 0
260 67 14438 0 0 0
261 67 14425 0 0 0
262 67 14388 0 0 0
263 67 14370 0 0 0
264 67 14387 0 0 0
265 67 14412 0 0 0
266 67 14351 0 0 0
267 68 14478 0 0 0
268 68 14430 0 0 0
269 68 14340 0 0 0
270 68 14368 0 0 0
271 68 14397 0 0 0
272 68 14439 0 0 0
273 67 14244 0 0 0
274 68 14456 0 0 0
275 67 14295 0 0 0
276 68 14517 0 0 0
277 67 14297 0 0 0
278 67 14387 0 0 0
279 67 14434 0 0 0
280 67 14390 0 0 0
281 67 14371 0 0 0
282 67 14330 0 0 0
283 68 14545 0 0 0
284 67 14317 0 0 0
285 68 14531 0 0 0
286 67 14365 0 0 0
287 68 14528 0 0 0
288 67 14270 0 0 0
289 68 14490 0 0 0
290 68 14437 0 0 0
291 67 14229 0 0 0
292 67 14304 0 0 0
293 68 14526 0 0 0
294 68 14521 0 0 0
295 67 14295 0 0 0
296 68 14427 0 0 0
297 69 14437 0 0 0
298 70 14458 0 0 0
299 70 14339 0 0 0
300 71 14465 0 0 0
301 71 14449 0 0 0
302 70 14267 0 0 0
303 71 14564 0 0 0
304 70 14359 0 0 0
305 70 14385 0 0 0
306 70 14357 0 0 0
307 71 14519 0 0 0
308 70 14338 0 0 0
309 69 14332 0 0 0
310 69 14479 0 0 0
311 68 14424 0 0 0
312 68 14534 0 0 0
313 67 14364 0 0 0
314 68 14552 0 0 0
315 67 14281 0 0 0
316 68 14519 0 0 0
317 67 14398 0 0 0
318 66 14294 0 0 0
319 66 14391 0 0 0
320 66 14402 0 0 0
321 66 14394 0 0 0
322 65 14245 0 0 0
323 66 14379 0 0 0
324 66 14368 0 0 0
325 66 14354 0 0 0
326 66 14373 0 0 0
327 66 14360 0 0 0
328 66 14294 0 0 0
329 67 14467 0 0 0
330 67 14435 0 0 0
331 67 14434 0 0 0
332 67 14488 0 0 0
333 66 14288 0 0 0
334 67 14517 0 0 0
335 66 14380 0 0 0
336 66 14398 0 0 0
337 66 14387 0 0 0
338 66 14338 0 0 0
339 66 14409 0 0 0
340 66 14504 0 0 0
341 65 14263 0 0 0
342 66 14469 0 0 0
343 65 14226 0 0 0
344 66 14353 0 0 0
345 67 14531 0 0 0
346 67 14459 0 0 0
347 67 14398 0 0 0
348 67 14392 0 0 0
349 67 14383 0 0 0
350 67 14422 0 0 0
351 68 14556 0 0 0
352 67 14235 0 0 0
353 68 14405 0 0 0
354 68 14357 0 0 0
355 69 14555 0 0 0
356 68 14369 0 0 0
357 68 14399 0 0 0
358 67 14221 0 0 0
359 68 14452 0 0 0
360 68 14397 0 0 0
361 68 14449 0 0 0
362 68 14406 0 0 0
363 67 14216 0 0 0
364 68 14487 0 0 0
365 68 14515 0 0 0
366 67 14361 0 0 0
367 67 14390 0 0 0
368 67 14430 0 0 0
369 67 14365 0 0 0
370 68 14546 0 0 0
371 67 14345 0 0 0
372 67 14427 0 0 0
373 67 14440 0 0 0
374 66 14330 0 0 0
375 66 14412 0 0 0
376 66 14437 0 0 0
377 65 14292 0 0 0
378 66 14536 0 0 0
379 65 14302 0 0 0
380 66 14517 0 0 0
381 65 14366 0 0 0
382 65 14377 0 0 0
383 65 14394 0 0 0
384 65 14358 0 0 0
385 65 14292 0 0 0
386 66 14461 0 0 0
387 66 14408 0 0 0
388 66 14323 0 0 0
389 67 14438 0 0 0
390 67 14374 0 0 0
391 67 14381 0 0 0
392 67 14289 0 0 0
393 67 14324 0 0 0
394 67 14299 0 0 0
395 68 14487 0 0 0
396 67 14310 0 0 0
397 68 14525 0 0 0
398 68 14420 0 0 0
399 68 14383 0 0 0
400 68 14419 0 0 0
401 68 14467 0 0 0
402 68 14371 0 0 0
403 69 14542 0 0 0
404 68 14416 0 0 0
405 68 14399 0 0 0
406 68 14507 0 0 0
407 67 14348 0 0 0
408 67 14389 0 0 0
409 66 14281 0 0 0
410 66 14442 0 0 0
411 66 14416 0 0 0
412 66 14418 0 0 0
413 66 14436 0 0 0
414 65 14370 0 0 0
415 64 14228 0 0 0
416 65 14395 0 0 0
417 66 14519 0 0 0
418 65 14294 0 0 0
419 65 14312 0 0 0
420 66 14511 0 0 0
421 66 14414 0 0 0
422 66 14385 0 0 0
423 66 14442 0 0 0
424 66 14484 0 0 0
425 65 14263 0 0 0
426 66 14424 0 0 0
427 67 14550 0 0 0
428 66 14440 0 0 0
429 65 14377 0 0 0
430 65 14369 0 0 0
431 66 14559 0 0 0
432 65 14297 0 0 0
433 66 14479 0 0 0
434 66 14411 0 0 0
435 66 14400 0 0 0
436 66 14428 0 0 0
437 66 14394 0 0 0
438 66 14407 0 0 0
439 65 14242 0 0 0
440 66 14404 0 0 0
441 66 14341 0 0 0
442 67 14490 0 0 0
443 67 14446 0 0 0
444 67 14443 0 0 0
445 67 14409 0 0 0
446 67 14408 0 0 0
447 67 14411 0 0 0
448 67 14361 0 0 0
449 67 14351 0 0 0
450 67 14354 0 0 0
451 67 14404 0 0 0
452 67 14401 0 0 0
453 67 14415 0 0 0
454 67 14482 0 0 0
455 66 14273 0 0 0
456 67 14507 0 0 0
457 66 14374 0 0 0
458 65 14212 0 0 0
459 66 14418 0 0 0
460 66 14381 0 0 0
461 66 14384 0 0 0
462 66 14378 0 0 0
463 67 14519 0 0 0
464 66 14324 0 0 0
465 67 14537 0 0 0
466 66 14304 0 0 0
467 67 14517 0 0 0
468 66 14296 0 0 0
469 67 14499 0 0 0
470 67 14510 0 0 0
471 66 14397 0 0 0
472 65 14337 0 0 0
473 66 14604 0 0 0
474 65 14465 0 0 0
475 64 14355 0 0 0
476 65 14553 0 0 0
477 64 14269 0 0 0
478 65 14356 0 0 0
479 65 14299 0 0 0
480 66 14494 0 0 0
481 65 14289 0 0 0
482 66 14459 0 0 0
483 66 14368 0 0 0
484 67 14372 0 0 0
485 67 14244 0 0 0
486 69 14458 0 0 0
487 69 14336 0 0 0
488 70 14393 0 0 0
489 70 14362 0 0 0
490 70 14427 0 0 0
491 70 14448 0 0 0
492 69 14218 0 0 0
493 70 14422 0 0 0
494 70 14434 0 0 0
495 70 14447 0 0 0
496 69 14362 0 0 0
497 69 14432 0 0 0
498 68 14334 0 0 0
499 69 14554 0 0 0
500 67 14265 0 0 0
501 68 14573 0 0 0
502 68 14529 0 0 0
503 67 14340 0 0 0
504 67 14391 0 0 0
505 67 14458 0 0 0
506 66 14286 0 0 0
507 67 14502 0 0 0
508 67 14446 0 0 0
509 67 14512 0 0 0
510 66 14325 0 0 0
511 66 14379 0 0 0
512 66 14404 0 0 0
513 66 14346 0 0 0
514 66 14399 0 0 0
515 66 14393 0 0 0
516 67 14584 0 0 0
517 66 14322 0 0 0
518 66 14313 0 0 0
519 66 14280 0 0 0
520 67 14486 0 0 0
521 67 14406 0 0 0
522 67 14404 0 0 0
523 67 14369 0 0 0
524 67 14359 0 0 0
525 67 14406 0 0 0
526 66 14197 0 0 0
527 67 14426 0 0 0
528 66 14202 0 0 0
529 67 14401 0 0 0
530 68 14608 0 0 0
531 67 14399 0 0 0
532 67 14424 0 0 0
533 66 14299 0 0 0
534 66 14336 0 0 0
535 66 14314 0 0 0
536 67 14551 0 0 0
537 66 14325 0 0 0
538 67 14574 0 0 0
539 66 14308 0 0 0
540 66 14391 0 0 0
541 66 14476 0 0 0
542 65 14289 0 0 0
543 66 14499 0 0 0
544 65 14325 0 0 0
545 66 14466 0 0 0
546 66 14463 0 0 0
547 66 14506 0 0 0
548 66 14399 0 0 0
549 66 14342 0 0 0
550 66 14391 0 0 0
551 67 14604 0 0 0
552 67 14444 0 0 0
553 67 14394 0 0 0
554 67 14344 0 0 0
555 67 14366 0 0 0
556 67 14309 0 0 0
557 67 14274 0 0 0
558 68 14423 0 0 0
559 67 14254 0 0 0
560 67 14359 0 0 0
561 67 14412 0 0 0
562 67 14348 0 0 0
563 67 14365 0 0 0
564 67 14448 0 0 0
565 67 14364 0 0 0
566 68 14450 0 0 0
567 68 14398 0 0 0
568 68 14394 0 0 0
569 68 14401 0 0 0
570 68 14386 0 0 0
571 69 14515 0 0 0
572 69 14455 0 0 0
573 69 14478 0 0 0
574 69 14462 0 0 0
575 68 14295 0 0 0
576 69 14528 0 0 0
577 69 14486 0 0 0
578 68 14396 0 0 0
579 67 14259 0 0 0
580 68 14445 0 0 0
581 68 14566 0 0 0
582 67 14482 0 0 0
583 66 14334 0 0 0
584 65 14210 0 0 0
585 66 14469 0 0 0
586 65 14289 0 0 0
587 66 14492 0 0 0
588 65 14236 0 0 0
589 65 14382 0 0 0
590 65 14434 0 0 0
591 65 14420 0 0 0
592 65 14490 0 0 0
593 64 14278 0 0 0
594 64 14299 0 0 0
595 65 14539 0 0 0
596 65 14466 0 0 0
597 65 14402 0 0 0
598 65 14379 0 0 0
599 65 14386 0 0 0
600 66 14572 0 0 0
601 65 14316 0 0 0
602 66 14437 0 0 0
603 67 14575 0 0 0
604 66 14317 0 0 0
605 67 14422 0 0 0
606 68 14495 0 0 0
607 67 14205 0 0 0
608 68 14394 0 0 0
609 68 14347 0 0 0
610 69 14502 0 0 0
611 68 14254 0 0 0
612 68 14243 0 0 0
613 69 14362 0 0 0
614 69 14318 0 0 0
615 69 14303 0 0 0
616 70 14467 0 0 0
617 70 14372 0 0 0
618 70 14330 0 0 0
619 71 14585 0 0 0
620 70 14455 0 0 0
621 69 14337 0 0 0
622 69 14376 0 0 0
623 69 14426 0 0 0
624 69 14544 0 0 0
625 68 14369 0 0 0
626 68 14482 0 0 0
627 67 14381 0 0 0
628 66 14272 0 0 0
629 66 14410 0 0 0
630 65 14340 0 0 0
631 64 14255 0 0 0
632 64 14288 0 0 0
633 65 14535 0 0 0
634 64 14314 0 0 0
635 65 14540 0 0 0
636 65 14376 0 0 0
637 65 14481 0 0 0
638 64 14308 0 0 0
639 65 14417 0 0 0
640 65 14447 0 0 0
641 65 14469 0 0 0
642 65 14460 0 0 0
643 65 14354 0 0 0
644 66 14533 0 0 0
645 66 14427 0 0 0
646 66 14463 0 0 0
647 66 14405 0 0 0
648 65 14244 0 0 0
649 66 14373 0 0 0
650 67 14413 0 0 0
651 67 14500 0 0 0
652 67 14423 0 0 0
653 67 14392 0 0 0
654 67 14327 0 0 0
655 68 14600 0 0 0
656 67 14293 0 0 0
657 67 14266 0 0 0
658 68 14473 0 0 0
659 68 14408 0 0 0
660 69 14528 0 0 0
661 69 14401 0 0 0
662 69 14364 0 0 0
663 69 14291 0 0 0
664 70 14513 0 0 0
665 69 14269 0 0 0
666 70 14479 0 0 0
667 69 14208 0 0 0
668 70 14426 0 0 0
669 70 14416 0 0 0
670 70 14340 0 0 0
671 70 14322 0 0 0
672 70 14326 0 0 0
673 70 14432 0 0 0
674 70 14540 0 0 0
675 69 14331 0 0 0
676 69 14357 0 0 0
677 69 14405 0 0 0
678 69 14445 0 0 0
679 70 14568 0 0 0
680 69 14418 0 0 0
681 68 14336 0 0 0
682 68 14439 0 0 0
683 67 14338 0 0 0
684 67 14358 0 0 0
685 67 14447 0 0 0
686 67 14414 0 0 0
687 67 14520 0 0 0
688 66 14367 0 0 0
689 66 14466 0 0 0
690 65 14269 0 0 0
691 65 14317 0 0 0
692 65 14339 0 0 0
693 66 14520 0 0 0
694 65 14253 0 0 0
695 66 14410 0 0 0
696 66 14510 0 0 0
697 66 14418 0 0 0
698 65 14252 0 0 0
699 66 14405 0 0 0
700 67 14463 0 0 0
701 67 14361 0 0 0
702 68 14512 0 0 0
703 68 14479 0 0 0
704 68 14436 0 0 0
705 68 14422 0 0 0
706 69 14570 0 0 0
707 68 14486 0 0 0
708 67 14310 0 0 0
709 67 14266 0 0 0
710 69 14533 0 0 0
711 69 14460 0 0 0
712 68 14297 0 0 0
713 69 14409 0 0 0
714 69 14462 0 0 0
715 68 14265 0 0 0
716 69 14496 0 0 0
717 68 14248 0 0 0
718 68 14250 0 0 0
719 69 14398 0 0 0
720 69 14471 0 0 0
721 68 14372 0 0 0
722 67 14413 0 0 0
723 66 14371 0 0 0
724 66 14441 0 0 0
725 66 14528 0 0 0
726 65 14299 0 0 0
727 65 14415 0 0 0
728 65 14415 0 0 0
729 65 14407 0 0 0
730 65 14516 0 0 0
731 64 14276 0 0 0
732 65 14346 0 0 0
733 66 14535 0 0 0
734 65 14289 0 0 0
735 66 14414 0 0 0
736 66 14339 0 0 0
737 66 14350 0 0 0
738 66 14347 0 0 0
739 67 14475 0 0 0
740 67 14436 0 0 0
741 67 14445 0 0 0
742 67 14412 0 0 0
743 67 14407 0 0 0
744 67 14431 0 0 0
745 67 14395 0 0 0
746 68 14508 0 0 0
747 67 14279 0 0 0
748 68 14551 0 0 0
749 67 14331 0 0 0
750 68 14451 0 0 0
751 68 14467 0 0 0
752 67 14319 0 0 0
753 68 14479 0 0 0
754 68 14421 0 0 0
755 69 14583 0 0 0
756 68 14432 0 0 0
757 67 14331 0 0 0
758 67 14316 0 0 0
759 68 14451 0 0 0
760 67 14257 0 0 0
761 68 14541 0 0 0
762 67 14375 0 0 0
763 67 14400 0 0 0
764 67 14411 0 0 0
765 67 14457 0 0 0
766 66 14356 0 0 0
767 65 14210 0 0 0
768 66 14415 0 0 0
769 66 14366 0 0 0
770 66 14358 0 0 0
771 65 14264 0 0 0
772 66 14491 0 0 0
773 65 14218 0 0 0
774 66 14446 0 0 0
775 66 14252 0 0 0
776 67 14366 0 0 0
777 66 14231 0 0 0
778 67 14396 0 0 0
779 68 14580 0 0 0
780 67 14345 0 0 0
781 67 14368 0 0 0
782 67 14482 0 0 0
783 67 14420 0 0 0
784 67 14426 0 0 0
785 67 14462 0 0 0
786 67 14363 0 0 0
787 67 14566 0 0 0
788 66 14413 0 0 0
789 66 14360 0 0 0
790 66 14425 0 0 0
791 65 14285 0 0 0
792 66 14447 0 0 0
793 67 14575 0 0 0
794 66 14356 0 0 0
795 66 14446 0 0 0
796 66 14402 0 0 0
797 66 14332 0 0 0
798 66 14352 0 0 0
799 66 14297 0 0 0
800 66 14346 0 0 0
801 67 14545 0 0 0
802 66 14294 0 0 0
803 67 14492 0 0 0
804 66 14328 0 0 0
805 66 14382 0 0 0
806 66 14315 0 0 0
807 68 14555 0 0 0
808 67 14329 0 0 0
809 67 14397 0 0 0
810 67 14437 0 0 0
811 67 14483 0 0 0
812 67 14478 0 0 0
813 66 14315 0 0 0
814 66 14343 0 0 0
815 66 14370 0 0 0
816 67 14524 0 0 0
817 66 14283 0 0 0
818 67 14494 0 0 0
819 65 14221 0 0 0
820 66 14368 0 0 0
821 66 14390 0 0 0
822 66 14497 0 0 0
823 65 14266 0 0 0
824 66 14388 0 0 0
825 66 14341 0 0 0
826 67 14509 0 0 0
827 67 14423 0 0 0
828 66 14219 0 0 0
829 67 14402 0 0 0
830 67 14446 0 0 0
831 67 14406 0 0 0
832 67 14487 0 0 0
833 68 14572 0 0 0
834 67 14368 0 0 0
835 67 14363 0 0 0
836 67 14431 0 0 0
837 67 14421 0 0 0
838 67 14408 0 0 0
839 67 14406 0 0 0
840 68 14531 0 0 0
841 67 14352 0 0 0
842 67 14443 0 0 0
843 67 14458 0 0 0
844 67 14386 0 0 0
845 66 14250 0 0 0
846 67 14430 0 0 0
847 67 14416 0 0 0
848 67 14425 0 0 0
849 67 14470 0 0 0
850 67 14398 0 0 0
851 66 14240 0 0 0
852 66 14352 0 0 0
853 67 14554 0 0 0
854 66 14217 0 0 0
855 67 14348 0 0 0
856 67 14286 0 0 0
857 68 14503 0 0 0
858 67 14324 0 0 0
859 68 14527 0 0 0
860 68 14326 0 0 0
861 69 14409 0 0 0
862 68 14291 0 0 0
863 69 14477 0 0 0
864 70 14519 0 0 0
865 70 14365 0 0 0
866 71 14483 0 0 0
867 71 14475 0 0 0
868 71 14444 0 0 0
869 72 14385 0 0 0
870 73 14460 0 0 0
871 73 14384 0 0 0
872 72 14316 0 0 0
873 72 14388 0 0 0
874 72 14405 0 0 0
875 72 14420 0 0 0
876 70 14263 0 0 0
877 69 14257 0 0 0
878 69 14503 0 0 0
879 68 14473 0 0 0
880 68 14541 0 0 0
881 66 14414 0 0 0
882 66 14459 0 0 0
883 65 14348 0 0 0
884 65 14406 0 0 0
885 65 14482 0 0 0
886 65 14420 0 0 0
887 65 14478 0 0 0
888 65 14498 0 0 0
889 65 14507 0 0 0
890 65 14382 0 0 0
891 65 14263 0 0 0
892 65 14341 0 0 0
893 65 14326 0 0 0
894 65 14332 0 0 0
895 66 14408 0 0 0
896 67 14575 0 0 0
897 66 14315 0 0 0
898 66 14408 0 0 0
899 66 14295 0 0 0
900 67 14370 0 0 0
901 68 14463 0 0 0
902 68 14378 0 0 0
903 69 14553 0 0 0
904 68 14382 0 0 0
905 69 14544 0 0 0
906 69 14487 0 0 0
907 68 14398 0 0 0
908 67 14304 0 0 0
909 67 14358 0 0 0
910 68 14401 0 0 0
911 68 14460 0 0 0
912 67 14303 0 0 0
913 67 14369 0 0 0
914 66 14266 0 0 0
915 66 14306 0 0 0
916 66 14261 0 0 0
917 66 14315 0 0 0
918 65 14225 0 0 0
919 66 14369 0 0 0
920 67 14502 0 0 0
921 67 14444 0 0 0
922 67 14544 0 0 0
923 66 14373 0 0 0
924 66 14406 0 0 0
925 66 14366 0 0 0
926 67 14523 0 0 0
927 66 14349 0 0 0
928 66 14429 0 0 0
929 66 14460 0 0 0
930 66 14440 0 0 0
931 66 14434 0 0 0
932 66 14366 0 0 0
933 66 14400 0 0 0
934 66 14422 0 0 0
935 66 14393 0 0 0
936 66 14428 0 0 0
937 65 14320 0 0 0
938 65 14312 0 0 0
939 66 14489 0 0 0
940 66 14441 0 0 0
941 66 14388 0 0 0
942 66 14370 0 0 0
943 65 14316 0 0 0
944 65 14331 0 0 0
945 66 14462 0 0 0
946 65 14320 0 0 0
947 65 14296 0 0 0
948 66 14499 0 0 0
949 66 14496 0 0 0
950 65 14336 0 0 0
951 65 14349 0 0 0
952 66 14455 0 0 0
953 66 14410 0 0 0
954 66 14356 0 0 0
955 67 14541 0 0 0
956 66 14366 0 0 0
957 66 14384 0 0 0
958 66 14330 0 0 0
959 67 14603 0 0 0
960 66 14320 0 0 0
961 67 14474 0 0 0
962 67 14503 0 0 0
963 67 14499 0 0 0
964 66 14367 0 0 0
965 66 14378 0 0 0
966 66 14450 0 0 0
967 66 14405 0 0 0
968 66 14370 0 0 0
969 66 14374 0 0 0
970 67 14513 0 0 0
971 67 14401 0 0 0
972 67 14340 0 0 0
973 67 14275 0 0 0
974 68 14403 0 0 0
975 68 14297 0 0 0
976 69 14350 0 0 0
977 70 14378 0 0 0
978 71 14426 0 0 0
979 71 14348 0 0 0
980 72 14556 0 0 0
981 71 14325 0 0 0
982 72 14395 0 0 0
983 71 14333 0 0 0
984 71 14459 0 0 0
985 70 14472 0 0 0
986 69 14369 0 0 0
987 69 14479 0 0 0
988 68 14445 0 0 0
989 67 14415 0 0 0
990 67 14493 0 0 0
991 66 14327 0 0 0
992 66 14323 0 0 0
993 67 14476 0 0 0
994 66 14390 0 0 0
995 66 14277 0 0 0
996 67 14424 0 0 0
997 68 14417 0 0 0
998 69 14498 0 0 0
999 68 14395 0 0 0
1000 68 14457 0 0 0
1001 68 14390 0 0 0
1002 68 14399 0 0 0
1003 68 14374 0 0 0
1004 68 14348 0 0 0
1005 68 14380 0 0 0
1006 68 14379 0 0 0
1007 69 14522 0 0 0
1008 68 14290 0 0 0
1009 68 14310 0 0 0
1010 68 14417 0 0 0
1011 68 14252 0 0 0
1012 70 14470 0 0 0
1013 69 14435 0 0 0
1014 68 14324 0 0 0
1015 69 14571 0 0 0
1016 68 14432 0 0 0
1017 67 14362 0 0 0
1018 67 14466 0 0 0
1019 66 14330 0 0 0
1020 67 14528 0 0 0
1021 66 14354 0 0 0
1022 66 14270 0 0 0
1023 67 14502 0 0 0
1024 66 14286 0 0 0
1025 66 14149 1 0 0
1026 66 14115 1 0 0
1027 66 14154 1 0 0
1028 65 13799 4 0 0
1029 65 13677 4 0 0
1030 65 13582 4 0 0
1031 66 13749 4 0 0
1032 66 13756 4 0 0
1033 66 13847 4 0 0
1034 65 13688 4 0 0
1035 65 13765 4 0 0
1036 64 13701 4 0 0
1037 64 13771 3 0 0
1038 65 13955 3 0 0
1039 65 13857 3 0 0
1040 67 14408 0 0 0
1041 67 14461 0 0 0
1042 67 14514 0 0 0
1043 66 14357 0 0 0
1044 66 14372 0 0 0
1045 66 14300 0 0 0
1046 67 14520 0 0 0
1047 66 14325 0 0 0
1048 67 14492 0 0 0
1049 67 14417 0 0 0
1050 67 14462 0 0 0
1051 66 14302 0 0 0
1052 66 14293 0 0 0
1053 67 14426 0 0 0
1054 67 14362 0 0 0
1055 67 14357 0 0 0
1056 67 14429 0 0 0
1057 67 14423 0 0 0
1058 67 14427 0 0 0
1059 67 14324 0 0 0
1060 67 14334 0 0 0
1061 67 14378 0 0 0
1062 67 14360 0 0 0
1063 68 14570 0 0 0
1064 67 14417 0 0 0
1065 66 14281 0 0 0
1066 66 14418 0 0 0
1067 66 14376 0 0 0
1068 66 14306 0 0 0
1069 66 14305 0 0 0
1070 66 14252 0 0 0
1071 66 14358 0 0 0
1072 66 14436 0 0 0
1073 66 14415 0 0 0
1074 66 14453 0 0 0
1075 65 14293 0 0 0
1076 65 14275 0 0 0
1077 66 14526 0 0 0
1078 65 14234 0 0 0
1079 66 14459 0 0 0
1080 66 14493 0 0 0
1081 66 14503 0 0 0
1082 65 14380 0 0 0
1083 66 14534 0 0 0
1084 65 14279 0 0 0
1085 66 14589 0 0 0
1086 65 14314 0 0 0
1087 66 14451 0 0 0
1088 66 14437 0 0 0
1089 66 14410 0 0 0
1090 66 14417 0 0 0
1091 66 14443 0 0 0
1092 66 14388 0 0 0
1093 66 14375 0 0 0
1094 67 14527 0 0 0
1095 66 14338 0 0 0
1096 66 14366 0 0 0
1097 66 14284 0 0 0
1098 66 14328 0 0 0
1099 66 14397 0 0 0
1100 66 14369 0 0 0
1101 66 14335 0 0 0
1102 67 14483 0 0 0
1103 67 14441 0 0 0
1104 66 14237 0 0 0
1105 67 14398 0 0 0
1106 67 14396 0 0 0
1107 67 14350 0 0 0
1108 68 14492 0 0 0
1109 67 14308 0 0 0
1110 68 14573 0 0 0
1111 67 14365 0 0 0
1112 68 14564 0 0 0
1113 64 13749 3 0 0
1114 64 13827 3 0 0
1115 63 13654 3 0 0
1116 63 13711 3 0 0
1117 63 13766 3 0 0
1118 62 13570 3 0 0
1119 63 13838 3 0 0
1120 62 13643 3 0 0
1121 63 13822 3 0 0
1122 62 13596 3 0 0
1123 63 13787 3 0 0
1124 62 13588 3 0 0
1125 66 14469 0 0 0
1126 65 14300 0 0 0
1127 65 14366 0 0 0
1128 66 14585 0 0 0
1129 65 14380 0 0 0
1130 65 14413 0 0 0
1131 65 14419 0 0 0
1132 65 14415 0 0 0
1133 65 14475 0 0 0
1134 65 14462 0 0 0
1135 65 14458 0 0 0
1136 65 14444 0 0 0
1137 65 14378 0 0 0
1138 65 14291 0 0 0
1139 66 14499 0 0 0
1140 65 14211 0 0 0
1141 66 14420 0 0 0
1142 66 14396 0 0 0
1143 66 14425 0 0 0
1144 66 14464 0 0 0
1145 65 14258 0 0 0
1146 66 14458 0 0 0
1147 65 14271 0 0 0
1148 66 14536 0 0 0
1149 65 14377 0 0 0
1150 65 14404 0 0 0
1151 65 14302 0 0 0
1152 66 14565 0 0 0
1153 65 14397 0 0 0
1154 65 14432 0 0 0
1155 65 14390 0 0 0
1156 65 14321 0 0 0
1157 66 14456 0 0 0
1158 66 14426 0 0 0
1159 66 14452 0 0 0
1160 65 14226 0 0 0
1161 66 14427 0 0 0
1162 67 14588 0 0 0
1163 66 14517 0 0 0
1164 65 14331 0 0 0
1165 66 14505 0 0 0
1166 66 14516 0 0 0
1167 65 14284 0 0 0
1168 66 14470 0 0 0
1169 65 14308 0 0 0
1170 65 14394 0 0 0
1171 65 14287 0 0 0
1172 66 14457 0 0 0
1173 66 14421 0 0 0
1174 65 14253 0 0 0
1175 66 14397 0 0 0
1176 67 14517 0 0 0
1177 66 14279 0 0 0
1178 67 14371 0 0 0
1179 67 14415 0 0 0
1180 67 14501 0 0 0
1181 67 14504 0 0 0
1182 67 14377 0 0 0
1183 67 14395 0 0 0
1184 67 14404 0 0 0
1185 66 14222 0 0 0
1186 67 14510 0 0 0
1187 66 14286 0 0 0
1188 66 14299 0 0 0
1189 66 14322 0 0 0
1190 66 14411 0 0 0
1191 66 14393 0 0 0
1192 66 14325 0 0 0
1193 66 14317 0 0 0
1194 66 14289 0 0 0
1195 67 14504 0 0 0
1196 66 14332 0 0 0
1197 67 14559 0 0 0
1198 66 14309 0 0 0
1199 66 14355 0 0 0
1200 66 14497 0 0 0
1201 66 14549 0 0 0
1202 65 14344 0 0 0
1203 65 14367 0 0 0
1204 65 14476 0 0 0
1205 65 14482 0 0 0
1206 64 14369 0 0 0
1207 64 14386 0 0 0
1208 64 14377 0 0 0
1209 64 14384 0 0 0
1210 64 14353 0 0 0
1211 65 14501 0 0 0
1212 65 14405 0 0 0
1213 65 14323 0 0 0
1214 65 14323 0 0 0
1215 66 14464 0 0 0
1216 66 14293 0 0 0
1217 66 14337 0 0 0
1218 67 14594 0 0 0
1219 66 14427 0 0 0
1220 66 14441 0 0 0
1221 66 14404 0 0 0
1222 67 14523 0 0 0
1223 67 14447 0 0 0
1224 66 14237 0 0 0
1225 66 14352 0 0 0
1226 66 14399 0 0 0
1227 66 14495 0 0 0
1228 65 14427 0 0 0
1229 65 14420 0 0 0
1230 65 14329 0 0 0
1231 65 14332 0 0 0
1232 66 14532 0 0 0
1233 65 14338 0 0 0
1234 65 14431 0 0 0
1235 64 14323 0 0 0
1236 64 14393 0 0 0
1237 65 14532 0 0 0
1238 65 14427 0 0 0
1239 65 14341 0 0 0
1240 65 14376 0 0 0
1241 65 14373 0 0 0
1242 65 14394 0 0 0
1243 65 14392 0 0 0
1244 65 14417 0 0 0
1245 65 14399 0 0 0
1246 64 14253 0 0 0
1247 65 14493 0 0 0
1248 65 14425 0 0 0
1249 65 14438 0 0 0
1250 65 14461 0 0 0
1251 65 14483 0 0 0
1252 65 14413 0 0 0
1253 65 14403 0 0 0
1254 65 14459 0 0 0
1255 65 14497 0 0 0
1256 64 14323 0 0 0
1257 64 14394 0 0 0
1258 64 14412 0 0 0
1259 63 14239 0 0 1
1260 64 14491 0 0 1
1261 63 14241 0 0 1
1262 64 14499 0 0 1
1263 63 14291 0 0 1
1264 63 14356 0 0 1
1265 64 14546 0 0 1
1266 63 14259 0 0 1
1267 64 14398 0 0 0
1268 64 14419 0 0 0
1269 65 14534 0 0 0
1270 66 14516 0 0 0
1271 67 14571 0 0 0
1272 66 14273 0 0 0
1273 67 14480 0 0 0
1274 66 14202 0 0 0
1275 67 14427 0 0 0
1276 67 14396 0 0 0
1277 67 14424 0 0 0
1278 67 14509 0 0 0
1279 66 14334 0 0 0
1280 67 14459 0 0 0
1281 66 14354 0 0 0
1282 65 14281 0 0 0
1283 65 14361 0 0 0
1284 65 14393 0 0 0
1285 65 14383 0 0 0
1286 65 14429 0 0 0
1287 65 14433 0 0 0
1288 65 14450 0 0 0
1289 64 14250 0 0 0
1290 65 14391 0 0 0
1291 65 14415 0 0 0
1292 64 14245 0 0 0
1293 65 14423 0 0 0
1294 65 14464 0 0 0
1295 64 14274 0 0 0
1296 65 14512 0 0 0
1297 64 14329 0 0 0
1298 64 14383 0 0 0
1299 64 14443 0 0 0
1300 64 14399 0 0 0
1301 64 14441 0 0 0
1302 63 14311 0 0 1
1303 63 14305 0 0 1
1304 64 14506 0 0 1
1305 63 14311 0 0 1
1306 63 14291 0 0 1
1307 64 14566 0 0 1
1308 63 14354 0 0 1
1309 63 14390 0 0 1
1310 64 14596 0 0 1
1311 63 14351 0 0 1
1312 63 14367 0 0 1
1313 63 14300 0 0 1
1314 64 14482 0 0 1
1315 64 14461 0 0 1
1316 63 14258 0 0 1
1317 64 14479 0 0 1
1318 64 14447 0 0 1
1319 64 14372 0 0 0
1320 64 14409 0 0 0
1321 65 14583 0 0 0
1322 64 14231 0 0 0
1323 65 14366 0 0 0
1324 65 14399 0 0 0
1325 66 14634 0 0 0
1326 65 14327 0 0 0
1327 66 14467 0 0 0
1328 67 14603 0 0 0
1329 67 14392 0 0 0
1330 67 14412 0 0 0
1331 67 14436 0 0 0
1332 65 13929 2 0 0
1333 64 13728 3 0 0
1334 64 13819 3 0 0
1335 64 13782 3 0 0
1336 64 13699 3 0 0
1337 64 13684 3 0 0
1338 65 13857 3 0 0
1339 65 13826 3 0 0
1340 64 13662 3 0 0
1341 64 13797 3 0 0
1342 64 13728 3 0 0
1343 64 13708 3 0 0
1344 66 14182 1 0 0
1345 67 14372 0 0 0
1346 67 14318 0 0 0
1347 67 14376 0 0 0
1348 67 14419 0 0 0
1349 67 14373 0 0 0
1350 66 14230 0 0 0
1351 66 14324 0 0 0
1352 67 14429 0 0 0
1353 66 14248 0 0 0
1354 67 14572 0 0 0
1355 66 14363 0 0 0
1356 66 14357 0 0 0
1357 66 14417 0 0 0
1358 66 14483 0 0 0
1359 66 14466 0 0 0
1360 66 14468 0 0 0
1361 65 14360 0 0 0
1362 65 14409 0 0 0
1363 65 14391 0 0 0
1364 64 14396 0 0 0
1365 64 14462 0 0 1
1366 63 14249 0 0 1
1367 64 14450 0 0 1
1368 64 14495 0 0 1
1369 63 14293 0 0 1
1370 63 14325 0 0 1
1371 63 14406 0 0 1
1372 63 14492 0 0 1
1373 63 14468 0 0 1
1374 63 14520 0 0 1
1375 62 14353 0 0 1
1376 63 14474 0 0 1
1377 63 14352 0 0 1
1378 64 14564 0 0 1
1379 63 14347 0 0 1
1380 64 14477 0 0 1
1381 64 14429 0 0 0
1382 64 14399 0 0 0
1383 64 14227 0 0 0
1384 65 14321 0 0 0
1385 65 14297 0 0 0
1386 66 14436 0 0 0
1387 66 14414 0 0 0
1388 65 14211 0 0 0
1389 66 14534 0 0 0
1390 65 14308 0 0 0
1391 65 14340 0 0 0
1392 65 14410 0 0 0
1393 65 14402 0 0 0
1394 65 14427 0 0 0
1395 65 14585 0 0 0
1396 64 14462 0 0 1
1397 64 14473 0 0 1
1398 63 14293 0 0 1
1399 64 14531 0 0 1
1400 64 14544 0 0 1
1401 63 14245 0 0 1
1402 64 14388 0 0 0
1403 65 14549 0 0 0
1404 64 14288 0 0 0
1405 64 14290 0 0 0
1406 65 14502 0 0 0
1407 64 14237 0 0 0
1408 65 14431 0 0 0
1409 65 14394 0 0 0
1410 65 14370 0 0 0
1411 65 14375 0 0 0
1412 65 14348 0 0 0
1413 65 14410 0 0 0
1414 65 14478 0 0 0
1415 64 14363 0 0 0
1416 64 14381 0 0 0
1417 65 14606 0 0 0
1418 64 14337 0 0 0
1419 64 14402 0 0 0
1420 64 14332 0 0 0
1421 64 14378 0 0 0
1422 64 14407 0 0 0
1423 63 14217 0 0 0
1424 64 14429 0 0 0
1425 64 14459 0 0 1
1426 63 14261 0 0 1
1427 64 14390 0 0 0
1428 64 14381 0 0 0
1429 64 14414 0 0 0
1430 64 14390 0 0 0
1431 65 14547 0 0 0
1432 64 14312 0 0 0
1433 65 14499 0 0 0
1434 65 14426 0 0 0
1435 66 14518 0 0 0
1436 65 14261 0 0 0
1437 66 14403 0 0 0
1438 67 14542 0 0 0
1439 67 14470 0 0 0
