block n60 sum_rr60 bad60 hold drowsy alert
0 5 901 1 1 0 0
1 12 2164 1 1 0 0
2 18 3253 1 1 0 0
3 25 4488 1 1 0 0
4 32 5733 1 1 0 0
5 39 6912 1 1 0 0
6 46 8114 1 1 0 0
7 53 9329 1 1 0 0
8 60 10564 1 1 0 0
9 66 11656 1 1 0 0
10 72 12810 1 1 0 0
11 79 14112 1 1 0 0
12 80 14311 0 1 0 0
13 80 14315 0 1 0 0
14 81 14529 0 1 0 0
15 80 14412 0 1 0 0
16 79 14305 0 1 0 0
17 79 14317 0 1 0 0
18 79 14401 0 1 0 0
19 79 14454 0 1 0 0
20 78 14349 0 1 0 0
21 78 14425 0 1 0 0
22 78 14397 0 1 0 0
23 78 14442 0 1 0 0
24 78 14469 0 1 0 0
25 78 14443 0 1 0 0
26 77 14247 0 1 0 0
27 78 14460 0 1 0 0
28 78 14454 0 1 0 0
29 77 14388 0 1 0 0
30 77 14441 0 1 0 0
31 76 14307 0 1 0 0
32 76 14321 0 1 0 0
33 77 14473 0 1 0 0
34 77 14405 0 1 0 0
35 76 14248 0 1 0 0
36 77 14403 0 0 0 0
37 76 14349 0 0 0 0
38 77 14532 0 0 0 0
39 77 14385 0 0 0 0
40 78 14389 0 0 0 0
41 79 14456 0 0 0 0
42 80 14417 0 0 0 0
43 80 14440 0 0 0 0
44 81 14542 0 0 0 0
45 81 14430 0 0 0 0
46 81 14474 0 0 0 0
47 82 14545 0 0 0 0
48 81 14323 0 0 0 0
49 82 14393 0 0 0 0
50 82 14351 0 0 0 0
51 81 14301 0 0 0 0
52 81 14439 0 0 0 0
53 80 14366 0 0 0 0
54 79 14344 0 0 0 0
55 79 14370 0 0 0 0
56 78 14246 0 0 0 0
57 78 14319 0 0 0 0
58 78 14350 0 0 0 0
59 78 14351 0 0 0 0
60 79 14542 0 0 0 0
61 78 14397 0 0 0 0
62 78 14412 0 0 0 0
63 79 14517 0 0 0 0
64 78 14288 0 0 0 0
65 79 14436 0 0 0 0
66 79 14381 0 0 0 0
67 80 14438 0 0 0 0
68 80 14458 0 0 0 0
69 79 14310 0 0 0 0
70 80 14469 0 0 0 0
71 79 14315 0 0 0 0
72 79 14382 0 0 0 0
73 79 14407 0 0 0 0
74 78 14314 0 0 0 0
75 77 14232 0 0 0 0
76 78 14475 0 0 0 0
77 78 14419 0 0 0 0
78 78 14447 0 0 0 0
79 77 14363 0 0 0 0
80 78 14481 0 0 0 0
81 78 14501 0 0 0 0
82 77 14316 0 0 0 0
83 77 14398 0 0 0 0
84 77 14371 0 0 0 0
85 77 14373 0 0 0 0
86 77 14359 0 0 0 0
87 78 14483 0 0 0 0
88 77 14364 0 0 0 0
89 76 14291 0 0 0 0
90 76 14374 0 0 0 0
91 77 14469 0 0 0 0
92 77 14328 0 0 0 0
93 78 14466 0 0 0 0
94 78 14473 0 0 0 0
95 78 14401 0 0 0 0
96 78 14388 0 0 0 0
97 79 14527 0 0 0 0
98 79 14453 0 0 0 0
99 79 14431 0 0 0 0
100 79 14417 0 0 0 0
101 79 14428 0 0 0 0
102 79 14428 0 0 0 0
103 78 14268 0 0 0 0
104 77 14295 0 0 0 0
105 77 14303 0 0 0 0
106 78 14439 0 0 0 0
107 79 14495 0 0 0 0
108 79 14363 0 0 0 0
109 79 14314 0 0 0 0
110 80 14460 0 0 0 0
111 79 14400 0 0 0 0
112 79 14218 1 0 0 0
113 78 14134 1 0 0 0
114 78 14100 1 0 0 0
115 78 14181 1 0 0 0
116 78 14196 1 0 0 0
117 78 14228 1 0 0 0
118 77 14163 1 0 0 0
119 76 14084 1 0 0 0
120 76 14250 1 0 0 0
121 75 14139 1 0 0 0
122 75 14170 1 0 0 0
123 76 14138 1 0 0 0
124 77 14373 0 0 0 0
125 79 14494 0 0 0 0
126 79 14467 0 0 0 0
127 79 14371 0 0 0 0
128 81 14490 0 0 0 0
129 80 14294 0 0 0 0
130 81 14422 0 0 0 0
131 81 14513 0 0 0 0
132 80 14350 0 0 0 0
133 80 14427 0 0 0 0
134 79 14411 0 0 0 0
135 78 14461 0 0 0 0
136 77 14364 0 0 0 0
137 76 14342 0 0 0 0
138 76 14377 0 0 0 0
139 76 14427 0 0 0 0
140 74 14315 0 0 0 0
141 75 14454 0 0 0 0
142 74 14284 0 0 0 0
143 75 14411 0 0 0 0
144 75 14341 0 0 0 0
145 76 14354 0 0 0 0
146 77 14388 0 0 0 0
147 78 14434 0 0 0 0
148 78 14393 0 0 0 0
149 80 14527 0 0 0 0
150 79 14321 0 0 0 0
151 80 14483 0 0 0 0
152 80 14441 0 0 0 0
153 80 14412 0 0 0 0
154 80 14416 0 0 0 0
155 80 14364 0 0 0 0
156 80 14451 0 0 0 0
157 80 14538 0 0 0 0
158 79 14397 0 0 0 0
159 78 14243 0 0 0 0
160 79 14533 0 0 0 0
161 77 14308 0 0 0 0
162 79 14539 0 0 0 0
163 78 14295 0 0 0 0
164 79 14459 0 0 0 0
165 78 14382 0 0 0 0
166 79 14422 0 0 0 0
167 78 14316 0 0 0 0
168 79 14395 0 0 0 0
169 79 14297 0 0 0 0
170 81 14468 0 0 0 0
171 81 14440 0 0 0 0
172 82 14406 0 0 0 0
173 82 14394 0 0 0 0
174 81 14240 0 0 0 0
175 82 14485 0 0 0 0
176 81 14304 0 0 0 0
177 81 14325 0 0 0 0
178 80 14302 0 0 0 0
179 81 14527 0 0 0 0
180 80 14439 0 0 0 0
181 79 14422 0 0 0 0
182 77 14332 0 0 0 0
183 78 14525 0 0 0 0
184 76 14317 0 0 0 0
185 77 14498 0 0 0 0
186 76 14454 0 0 0 0
187 76 14306 0 0 0 0
188 77 14422 0 0 0 0
189 77 14389 0 0 0 0
190 78 14591 0 0 0 0
191 77 14357 0 0 0 0
192 78 14460 0 0 0 0
193 78 14479 0 0 0 0
194 78 14393 0 0 0 0
195 77 14226 0 0 0 0
196 77 14323 0 0 0 0
197 77 14388 0 0 0 0
198 77 14406 0 0 0 0
199 77 14514 0 0 0 0
200 76 14372 0 0 0 0
201 76 14398 0 0 0 0
202 75 14255 0 0 0 0
203 75 14323 0 0 0 0
204 75 14413 0 0 0 0
205 74 14265 0 0 0 0
206 75 14431 0 0 0 0
207 75 14506 0 0 0 0
208 75 14482 0 0 0 0
209 74 14311 0 0 0 0
210 74 14412 0 0 0 0
211 73 14359 0 0 1 1
212 73 14497 0 0 1 0
213 73 14457 0 0 1 0
214 74 14515 0 0 1 0
215 74 14477 0 0 1 0
216 73 14276 0 0 1 0
217 74 14517 0 0 1 1
218 73 14353 0 0 1 0
219 73 14387 0 0 1 0
220 74 14475 0 0 1 0
221 73 14389 0 0 1 0
222 74 14355 0 0 0 0
223 74 14403 0 0 0 0
224 74 14285 0 0 0 0
225 75 14432 0 0 0 0
226 75 14428 0 0 0 0
227 75 14370 0 0 0 0
228 76 14524 0 0 0 0
229 76 14389 0 0 0 0
230 76 14382 0 0 0 0
231 76 14295 0 0 0 0
232 76 14397 0 0 0 0
233 77 14539 0 0 0 0
234 76 14407 0 0 0 0
235 76 14347 0 0 0 0
236 76 14458 0 0 0 0
237 76 14373 0 0 0 0
238 75 14406 0 0 0 0
239 76 14415 0 0 0 0
240 77 14385 0 0 0 0
241 77 14285 0 0 0 0
242 78 14400 0 0 0 0
243 79 14475 0 0 0 0
244 79 14283 0 0 0 0
245 80 14351 0 0 0 0
246 81 14394 0 0 0 0
247 83 14525 0 0 0 0
248 83 14394 0 0 0 0
249 83 14368 0 0 0 0
250 83 14207 0 0 0 0
251 83 14466 0 0 0 0
252 81 14269 0 0 0 0
253 82 14498 0 0 0 0
254 81 14358 0 0 0 0
255 81 14393 0 0 0 0
256 81 14451 0 0 0 0
257 81 14449 0 0 0 0
258 81 14512 0 0 0 0
259 79 14304 0 0 0 0
260 80 14465 0 0 0 0
261 80 14514 0 0 0 0
262 80 14521 0 0 0 0
263 79 14325 0 0 0 0
264 79 14465 0 0 0 0
265 78 14331 0 0 0 0
266 78 14409 0 0 0 0
267 78 14481 0 0 0 0
268 77 14365 0 0 0 0
269 77 14395 0 0 0 0
270 77 14389 0 0 0 0
271 77 14374 0 0 0 0
272 76 14291 0 0 0 0
273 76 14416 0 0 0 0
274 76 14457 0 0 0 0
275 76 14454 0 0 0 0
276 76 14357 0 0 0 0
277 76 14349 0 0 0 0
278 77 14485 0 0 0 0
279 77 14391 0 0 0 0
280 77 14444 0 0 0 0
281 76 14269 0 0 0 0
282 76 14401 0 0 0 0
283 76 14487 0 0 0 0
284 76 14515 0 0 0 0
285 75 14321 0 0 0 0
286 75 14240 0 0 0 0
287 76 14364 0 0 0 0
288 76 14356 0 0 0 0
289 77 14535 0 0 0 0
290 77 14376 0 0 0 0
291 76 14327 0 0 0 0
292 77 14434 0 0 0 0
293 77 14484 0 0 0 0
294 76 14349 0 0 0 0
295 76 14325 0 0 0 0
296 77 14428 0 0 0 0
297 77 14410 0 0 0 0
298 78 14572 0 0 0 0
299 77 14345 0 0 0 0
300 78 14498 0 0 0 0
301 77 14289 0 0 0 0
302 77 14428 0 0 0 0
303 77 14403 0 0 0 0
304 76 14248 0 0 0 0
305 77 14411 0 0 0 0
306 78 14442 0 0 0 0
307 78 14408 0 0 0 0
308 78 14363 0 0 0 0
309 79 14407 0 0 0 0
310 78 14299 0 0 0 0
311 78 14366 0 0 0 0
312 78 14453 0 0 0 0
313 78 14440 0 0 0 0
314 78 14340 0 0 0 0
315 80 14409 0 0 0 0
316 81 14530 0 0 0 0
317 80 14308 0 0 0 0
318 80 14286 0 0 0 0
319 81 14516 0 0 0 0
320 80 14311 0 0 0 0
321 80 14413 0 0 0 0
322 80 14388 0 0 0 0
323 80 14380 0 0 0 0
324 81 14413 0 0 0 0
325 82 14493 0 0 0 0
326 81 14504 0 0 0 0
327 79 14498 0 0 0 0
328 77 14309 0 0 0 0
329 76 14168 1 0 0 0
330 75 14181 1 0 0 0
331 75 14128 1 0 0 0
332 75 14184 1 0 0 0
333 75 14256 1 0 0 0
334 75 14184 1 0 0 0
335 75 14185 1 0 0 0
336 74 14120 1 0 0 0
337 73 14101 1 0 0 0
338 74 14203 1 0 0 0
339 73 14031 1 0 0 0
340 75 14253 1 0 0 0
341 76 14449 0 0 0 0
342 78 14532 0 0 0 0
343 77 14319 0 0 0 0
344 78 14464 0 0 0 0
345 78 14259 0 0 0 0
346 78 14381 0 0 0 0
347 79 14557 0 0 0 0
348 78 14424 0 0 0 0
349 79 14503 0 0 0 0
350 78 14360 0 0 0 0
351 79 14432 0 0 0 0
352 79 14311 0 0 0 0
353 80 14488 0 0 0 0
354 78 14258 0 0 0 0
355 80 14532 0 0 0 0
356 80 14446 0 0 0 0
357 81 14538 0 0 0 0
358 82 14484 0 0 0 0
359 82 14412 0 0 0 0
360 82 14327 0 0 0 0
361 81 14241 0 0 0 0
362 82 14324 0 0 0 0
363 83 14509 0 0 0 0
364 82 14473 0 0 0 0
365 82 14428 0 0 0 0
366 82 14535 0 0 0 0
367 79 14201 0 0 0 0
368 78 14318 0 0 0 0
369 77 14397 0 0 0 0
370 77 14459 0 0 0 0
371 77 14401 0 0 0 0
372 77 14353 0 0 0 0
373 77 14389 0 0 0 0
374 77 14368 0 0 0 0
375 77 14278 0 0 0 0
376 78 14347 0 0 0 0
377 79 14397 0 0 0 0
378 80 14432 0 0 0 0
379 81 14537 0 0 0 0
380 81 14424 0 0 0 0
381 80 14238 0 0 0 0
382 80 14368 0 0 0 0
383 79 14340 0 0 0 0
384 79 14408 0 0 0 0
385 79 14540 0 0 0 0
386 78 14535 0 0 0 0
387 77 14530 0 0 0 0
388 76 14486 0 0 0 0
389 73 14247 0 0 1 1
390 72 14296 0 0 1 0
391 72 14441 0 0 1 0
392 71 14319 0 0 1 0
393 72 14437 0 0 1 0
394 72 14404 0 0 1 0
395 72 14349 0 0 1 1
396 73 14340 0 0 1 0
397 72 14053 1 0 1 0
398 73 14172 1 0 0 0
399 72 14036 1 0 1 0
400 72 14105 1 0 1 0
401 73 14216 1 0 0 0
402 73 14187 1 0 0 0
403 73 14074 1 0 0 0
404 75 14341 1 0 0 0
405 73 14156 1 0 0 0
406 72 14010 1 0 0 0
407 73 14278 1 0 1 1
408 72 14348 1 0 1 0
409 73 14448 0 0 1 0
410 72 14260 0 0 1 0
411 73 14367 0 0 1 0
412 74 14479 0 0 1 0
413 74 14325 0 0 0 0
414 75 14391 0 0 0 0
415 76 14426 0 0 0 0
416 76 14398 0 0 0 0
417 77 14431 0 0 0 0
418 78 14596 0 0 0 0
419 77 14318 0 0 0 0
420 78 14355 0 0 0 0
421 78 14426 0 0 0 0
422 79 14528 0 0 0 0
423 79 14468 0 0 0 0
424 79 14342 0 0 0 0
425 80 14550 0 0 0 0
426 80 14475 0 0 0 0
427 80 14367 0 0 0 0
428 80 14305 0 0 0 0
429 81 14423 0 0 0 0
430 81 14393 0 0 0 0
431 81 14256 1 0 0 0
432 80 14156 1 0 0 0
433 81 14210 1 0 0 0
434 81 14202 1 0 0 0
435 82 14268 1 0 0 0
436 81 14139 1 0 0 0
437 81 14113 1 0 0 0
438 81 14155 1 0 0 0
439 80 14214 1 0 0 0
440 79 14173 1 0 0 0
441 78 14139 1 0 0 0
442 78 14136 1 0 0 0
443 78 14300 0 0 0 0
444 79 14396 0 0 0 0
445 79 14380 0 0 0 0
446 78 14275 0 0 0 0
447 78 14363 0 0 0 0
448 79 14543 0 0 0 0
449 78 14371 0 0 0 0
450 78 14469 0 0 0 0
451 78 14378 0 0 0 0
452 79 14480 0 0 0 0
453 79 14533 0 0 0 0
454 78 14477 0 0 0 0
455 78 14490 0 0 0 0
456 77 14382 0 0 0 0
457 77 14395 0 0 0 0
458 78 14394 0 0 0 0
459 79 14494 0 0 0 0
460 78 14274 0 0 0 0
461 79 14485 0 0 0 0
462 79 14281 0 0 0 0
463 81 14537 0 0 0 0
464 80 14424 0 0 0 0
465 80 14165 1 0 0 0
466 80 14108 1 0 0 0
467 81 14245 1 0 0 0
468 81 14240 1 0 0 0
469 80 14124 1 0 0 0
470 80 14273 1 0 0 0
471 79 14127 1 0 0 0
472 79 14289 1 0 0 0
473 78 14189 1 0 0 0
474 77 14199 1 0 0 0
475 75 14025 1 0 0 0
476 76 14152 1 0 0 0
477 77 14422 0 0 0 0
478 77 14363 0 0 0 0
479 78 14307 0 0 0 0
480 80 14508 0 0 0 0
481 80 14423 0 0 0 0
482 81 14427 0 0 0 0
483 80 14313 0 0 0 0
484 82 14375 0 0 0 0
485 83 14378 0 0 0 0
486 84 14508 0 0 0 0
487 84 14501 0 0 0 0
488 83 14384 0 0 0 0
489 83 14313 0 0 0 0
490 83 14333 0 0 0 0
491 82 14497 0 0 0 0
492 80 14288 0 0 0 0
493 79 14185 1 0 0 0
494 77 14043 1 0 0 0
495 78 14235 1 0 0 0
496 77 14156 1 0 0 0
497 78 14220 1 0 0 0
498 78 14060 1 0 0 0
499 79 14131 1 0 0 0
500 80 14136 1 0 0 0
501 79 14171 1 0 0 0
502 79 14211 1 0 0 0
503 79 14104 1 0 0 0
504 79 14171 1 0 0 0
505 81 14365 0 0 0 0
506 83 14541 0 0 0 0
507 82 14330 0 0 0 0
508 82 14413 0 0 0 0
509 80 14367 0 0 0 0
510 79 14435 0 0 0 0
511 78 14411 0 0 0 0
512 77 14477 0 0 0 0
513 77 14501 0 0 0 0
514 76 14349 0 0 0 0
515 75 14279 0 0 0 0
516 76 14357 0 0 0 0
517 77 14543 0 0 0 0
518 76 14327 0 0 0 0
519 78 14535 0 0 0 0
520 77 14411 0 0 0 0
521 77 14309 0 0 0 0
522 77 14339 0 0 0 0
523 77 14348 0 0 0 0
524 77 14409 0 0 0 0
525 77 14350 0 0 0 0
526 77 14408 0 0 0 0
527 77 14413 0 0 0 0
528 77 14546 0 0 0 0
529 74 14240 0 0 0 0
530 75 14499 0 0 0 0
531 73 14328 0 0 1 1
532 74 14350 0 0 0 0
533 75 14466 0 0 0 0
534 76 14457 0 0 0 0
535 76 14343 0 0 0 0
536 76 14292 0 0 0 0
537 76 14292 0 0 0 0
538 78 14571 0 0 0 0
539 78 14403 0 0 0 0
540 78 14382 0 0 0 0
541 79 14485 0 0 0 0
542 78 14357 0 0 0 0
543 78 14374 0 0 0 0
544 78 14485 0 0 0 0
545 77 14329 0 0 0 0
546 77 14342 0 0 0 0
547 78 14555 0 0 0 0
548 79 14528 0 0 0 0
549 80 14559 0 0 0 0
550 79 14272 0 0 0 0
551 80 14490 0 0 0 0
552 79 14284 0 0 0 0
553 80 14334 0 0 0 0
554 80 14326 0 0 0 0
555 80 14375 0 0 0 0
556 80 14372 0 0 0 0
557 81 14493 0 0 0 0
558 80 14443 0 0 0 0
559 79 14370 0 0 0 0
560 78 14350 0 0 0 0
561 77 14261 0 0 0 0
562 78 14480 0 0 0 0
563 77 14396 0 0 0 0
564 78 14523 0 0 0 0
565 76 14390 0 0 0 0
566 75 14322 0 0 0 0
567 75 14445 0 0 0 0
568 74 14376 0 0 0 0
569 73 14257 0 0 1 1
570 73 14367 0 0 1 0
571 74 14415 0 0 0 0
572 74 14324 0 0 0 0
573 75 14523 0 0 0 0
574 74 14351 0 0 0 0
575 74 14361 0 0 0 0
576 74 14349 0 0 0 0
577 75 14469 0 0 0 0
578 75 14438 0 0 0 0
579 75 14319 0 0 0 0
580 76 14398 0 0 0 0
581 76 14573 0 0 0 0
582 76 14508 0 0 0 0
583 74 14300 0 0 0 0
584 75 14482 0 0 0 0
585 74 14356 0 0 0 0
586 74 14356 0 0 0 0
587 75 14467 0 0 0 0
588 75 14384 0 0 0 0
589 76 14360 0 0 0 0
590 77 14399 0 0 0 0
591 78 14509 0 0 0 0
592 77 14333 0 0 0 0
593 78 14397 0 0 0 0
594 79 14407 0 0 0 0
595 80 14459 0 0 0 0
596 79 14314 0 0 0 0
597 80 14462 0 0 0 0
598 80 14375 0 0 0 0
599 80 14378 0 0 0 0
600 80 14354 0 0 0 0
601 80 14485 0 0 0 0
602 80 14549 0 0 0 0
603 79 14304 0 0 0 0
604 80 14450 0 0 0 0
605 80 14438 0 0 0 0
606 80 14390 0 0 0 0
607 80 14386 0 0 0 0
608 82 14552 0 0 0 0
609 81 14316 0 0 0 0
610 82 14543 0 0 0 0
611 82 14413 0 0 0 0
612 81 14410 0 0 0 0
613 81 14411 0 0 0 0
614 81 14368 0 0 0 0
615 82 14503 0 0 0 0
616 82 14487 0 0 0 0
617 81 14360 0 0 0 0
618 81 14309 0 0 0 0
619 82 14498 0 0 0 0
620 80 14368 0 0 0 0
621 80 14437 0 0 0 0
622 80 14430 0 0 0 0
623 79 14401 0 0 0 0
624 80 14493 0 0 0 0
625 80 14428 0 0 0 0
626 80 14418 0 0 0 0
627 80 14340 0 0 0 0
628 80 14302 0 0 0 0
629 81 14322 0 0 0 0
630 81 14387 0 0 0 0
631 81 14379 0 0 0 0
632 81 14323 0 0 0 0
633 82 14305 0 0 0 0
634 82 14279 0 0 0 0
635 83 14355 0 0 0 0
636 83 14329 0 0 0 0
637 83 14251 0 0 0 0
638 82 14262 0 0 0 0
639 82 14452 0 0 0 0
640 82 14504 0 0 0 0
641 81 14442 0 0 0 0
642 80 14440 0 0 0 0
643 79 14291 0 0 0 0
644 80 14453 0 0 0 0
645 79 14454 0 0 0 0
646 79 14419 0 0 0 0
647 78 14341 0 0 0 0
648 78 14457 0 0 0 0
649 77 14455 0 0 0 0
650 77 14427 0 0 0 0
651 77 14384 0 0 0 0
652 77 14293 0 0 0 0
653 79 14473 0 0 0 0
654 80 14452 0 0 0 0
655 81 14556 0 0 0 0
656 81 14391 0 0 0 0
657 82 14410 0 0 0 0
658 82 14345 0 0 0 0
659 83 14390 0 0 0 0
660 83 14432 0 0 0 0
661 83 14378 0 0 0 0
662 84 14490 0 0 0 0
663 84 14454 0 0 0 0
664 83 14439 0 0 0 0
665 81 14226 0 0 0 0
666 81 14345 0 0 0 0
667 81 14344 0 0 0 0
668 80 14292 0 0 0 0
669 79 14347 0 0 0 0
670 79 14528 0 0 0 0
671 78 14415 0 0 0 0
672 78 14338 0 0 0 0
673 79 14485 0 0 0 0
674 79 14332 0 0 0 0
675 80 14417 0 0 0 0
676 81 14419 0 0 0 0
677 81 14528 0 0 0 0
678 80 14385 0 0 0 0
679 79 14264 0 0 0 0
680 80 14523 0 0 0 0
681 80 14389 0 0 0 0
682 81 14365 0 0 0 0
683 83 14501 0 0 0 0
684 83 14342 0 0 0 0
685 83 14320 0 0 0 0
686 84 14439 0 0 0 0
687 82 14221 0 0 0 0
688 82 14360 0 0 0 0
689 83 14408 0 0 0 0
690 84 14440 0 0 0 0
691 85 14500 0 0 0 0
692 86 14441 0 0 0 0
693 87 14405 0 0 0 0
694 86 14397 0 0 0 0
695 84 14310 0 0 0 0
696 84 14464 0 0 0 0
697 84 14475 0 0 0 0
698 83 14435 0 0 0 0
699 84 14489 0 0 0 0
700 85 14402 0 0 0 0
701 85 14408 0 0 0 0
702 84 14308 0 0 0 0
703 84 14348 0 0 0 0
704 83 14381 0 0 0 0
705 82 14387 0 0 0 0
706 82 14445 0 0 0 0
707 82 14479 0 0 0 0
708 82 14437 0 0 0 0
709 82 14410 0 0 0 0
710 82 14309 0 0 0 0
711 82 14405 0 0 0 0
712 81 14459 0 0 0 0
713 80 14406 0 0 0 0
714 80 14486 0 0 0 0
715 79 14475 0 0 0 0
716 79 14380 0 0 0 0
717 79 14409 0 0 0 0
718 79 14413 0 0 0 0
719 79 14407 0 0 0 0
720 78 14235 0 0 0 0
721 78 14421 0 0 0 0
722 77 14421 0 0 0 0
723 77 14469 0 0 0 0
724 76 14294 0 0 0 0
725 79 14427 0 0 0 0
726 81 14380 0 0 0 0
727 83 14457 0 0 0 0
728 83 14415 0 0 0 0
729 83 14434 0 0 0 0
730 83 14327 0 0 0 0
731 84 14403 0 0 0 0
732 84 14473 0 0 0 0
733 83 14300 0 0 0 0
734 84 14475 0 0 0 0
735 83 14313 0 0 0 0
736 83 14372 0 0 0 0
737 81 14334 0 0 0 0
738 80 14424 0 0 0 0
739 78 14365 0 0 0 0
740 77 14300 0 0 0 0
741 77 14368 0 0 0 0
742 76 14329 0 0 0 0
743 76 14386 0 0 0 0
744 76 14419 0 0 0 0
745 76 14414 0 0 0 0
746 75 14285 0 0 0 0
747 76 14501 0 0 0 0
748 76 14473 0 0 0 0
749 75 14378 0 0 0 0
750 75 14434 0 0 0 0
751 75 14308 0 0 0 0
752 75 14373 0 0 0 0
753 76 14494 0 0 0 0
754 76 14413 0 0 0 0
755 76 14411 0 0 0 0
756 76 14334 0 0 0 0
757 77 14462 0 0 0 0
758 77 14464 0 0 0 0
759 76 14252 0 0 0 0
760 77 14373 0 0 0 0
761 78 14349 0 0 0 0
762 78 14284 0 0 0 0
763 80 14537 0 0 0 0
764 80 14383 0 0 0 0
765 81 14453 0 0 0 0
766 81 14406 0 0 0 0
767 81 14423 0 0 0 0
768 81 14486 0 0 0 0
769 80 14330 0 0 0 0
770 80 14326 0 0 0 0
771 81 14459 0 0 0 0
772 80 14346 0 0 0 0
773 80 14484 0 0 0 0
774 79 14542 0 0 0 0
775 77 14292 0 0 0 0
776 77 14385 0 0 0 0
777 76 14250 0 0 0 0
778 78 14511 0 0 0 0
779 78 14373 0 0 0 0
780 79 14455 0 0 0 0
781 79 14406 0 0 0 0
782 79 14378 0 0 0 0
783 80 14367 0 0 0 0
784 81 14404 0 0 0 0
785 81 14295 0 0 0 0
786 81 14231 0 0 0 0
787 81 14337 0 0 0 0
788 82 14510 0 0 0 0
789 81 14431 0 0 0 0
790 80 14386 0 0 0 0
791 79 14342 0 0 0 0
792 79 14340 0 0 0 0
793 80 14503 0 0 0 0
794 81 14558 0 0 0 0
795 80 14464 0 0 0 0
796 81 14565 0 0 0 0
797 81 14544 0 0 0 0
798 82 14434 0 0 0 0
799 83 14451 0 0 0 0
800 83 14355 0 0 0 0
801 84 14424 0 0 0 0
802 84 14421 0 0 0 0
803 84 14439 0 0 0 0
804 84 14421 0 0 0 0
805 83 14324 0 0 0 0
806 82 14268 0 0 0 0
807 82 14381 0 0 0 0
808 81 14400 0 0 0 0
809 80 14275 0 0 0 0
810 79 14349 0 0 0 0
811 79 14416 0 0 0 0
812 78 14351 0 0 0 0
813 78 14465 0 0 0 0
814 77 14318 0 0 0 0
815 78 14474 0 0 0 0
816 77 14356 0 0 0 0
817 79 14460 0 0 0 0
818 79 14523 0 0 0 0
819 78 14310 0 0 0 0
820 78 14392 0 0 0 0
821 78 14481 0 0 0 0
822 78 14471 0 0 0 0
823 77 14371 0 0 0 0
824 78 14550 0 0 0 0
825 77 14339 0 0 0 0
826 78 14461 0 0 0 0
827 77 14308 0 0 0 0
828 78 14506 0 0 0 0
829 76 14334 0 0 0 0
830 76 14283 0 0 0 0
831 76 14387 0 0 0 0
832 76 14395 0 0 0 0
833 76 14386 0 0 0 0
834 77 14480 0 0 0 0
835 78 14425 0 0 0 0
836 78 14293 0 0 0 0
837 79 14392 0 0 0 0
838 79 14433 0 0 0 0
839 79 14384 0 0 0 0
840 78 14246 0 0 0 0
841 79 14384 0 0 0 0
842 79 14501 0 0 0 0
843 79 14470 0 0 0 0
844 79 14315 0 0 0 0
845 80 14352 0 0 0 0
846 80 14291 0 0 0 0
847 80 14410 0 0 0 0
848 80 14471 0 0 0 0
849 79 14404 0 0 0 0
850 78 14283 0 0 0 0
851 79 14465 0 0 0 0
852 79 14462 0 0 0 0
853 78 14353 0 0 0 0
854 78 14263 0 0 0 0
855 79 14460 0 0 0 0
856 79 14491 0 0 0 0
857 78 14372 0 0 0 0
858 78 14462 0 0 0 0
859 77 14312 0 0 0 0
860 77 14390 0 0 0 0
861 78 14499 0 0 0 0
862 78 14384 0 0 0 0
863 79 14440 0 0 0 0
864 80 14443 0 0 0 0
865 81 14532 0 0 0 0
866 81 14511 0 0 0 0
867 80 14358 0 0 0 0
868 79 14260 0 0 0 0
869 80 14546 0 0 0 0
870 79 14446 0 0 0 0
871 80 14512 0 0 0 0
872 80 14424 0 0 0 0
873 80 14301 0 0 0 0
874 81 14484 0 0 0 0
875 79 14285 0 0 0 0
876 80 14410 0 0 0 0
877 80 14326 0 0 0 0
878 81 14397 0 0 0 0
879 81 14348 0 0 0 0
880 81 14388 0 0 0 0
881 81 14296 0 0 0 0
882 83 14428 0 0 0 0
883 83 14437 0 0 0 0
884 82 14325 0 0 0 0
885 80 14298 0 0 0 0
886 79 14300 0 0 0 0
887 79 14455 0 0 0 0
888 77 14362 0 0 0 0
889 76 14425 0 0 0 0
890 75 14399 0 0 0 0
891 75 14427 0 0 0 0
892 75 14484 0 0 0 0
893 74 14448 0 0 1 1
894 72 14245 0 0 1 0
895 71 14339 0 0 1 0
896 72 14435 0 0 1 0
897 73 14526 0 0 1 0
898 73 14469 0 0 1 0
899 73 14303 0 0 1 1
900 74 14405 0 0 0 0
901 74 14284 0 0 0 0
902 75 14381 0 0 0 0
903 76 14479 0 0 0 0
904 77 14478 0 0 0 0
905 78 14428 0 0 0 0
906 80 14504 0 0 0 0
907 82 14497 0 0 0 0
908 82 14491 0 0 0 0
909 83 14452 0 0 0 0
910 83 14326 0 0 0 0
911 83 14398 0 0 0 0
912 82 14281 0 0 0 0
913 83 14559 0 0 0 0
914 82 14455 0 0 0 0
915 81 14272 0 0 0 0
916 81 14274 0 0 0 0
917 81 14433 0 0 0 0
918 79 14327 0 0 0 0
919 78 14231 0 0 0 0
920 78 14334 0 0 0 0
921 77 14284 0 0 0 0
922 78 14458 0 0 0 0
923 78 14435 0 0 0 0
924 79 14536 0 0 0 0
925 78 14270 0 0 0 0
926 79 14309 0 0 0 0
927 80 14489 0 0 0 0
928 80 14484 0 0 0 0
929 79 14302 0 0 0 0
930 80 14516 0 0 0 0
931 80 14516 0 0 0 0
932 80 14384 0 0 0 0
933 80 14392 0 0 0 0
934 79 14312 0 0 0 0
935 80 14484 0 0 0 0
936 79 14270 0 0 0 0
937 80 14444 0 0 0 0
938 80 14447 0 0 0 0
939 80 14438 0 0 0 0
940 79 14306 0 0 0 0
941 81 14500 0 0 0 0
942 82 14411 0 0 0 0
943 82 14320 0 0 0 0
944 83 14344 0 0 0 0
945 86 14542 0 0 0 0
946 86 14439 0 0 0 0
947 86 14431 0 0 0 0
948 86 14492 0 0 0 0
949 86 14372 0 0 0 0
950 86 14365 0 0 0 0
951 85 14266 0 0 0 0
952 86 14526 0 0 0 0
953 84 14368 0 0 0 0
954 82 14287 0 0 0 0
955 82 14532 0 0 0 0
956 80 14462 0 0 0 0
957 78 14310 0 0 0 0
958 79 14528 0 0 0 0
959 78 14305 0 0 0 0
960 79 14460 0 0 0 0
961 79 14468 0 0 0 0
962 79 14502 0 0 0 0
963 79 14475 0 0 0 0
964 78 14299 0 0 0 0
965 79 14377 0 0 0 0
966 80 14377 0 0 0 0
967 80 14362 0 0 0 0
968 80 14355 0 0 0 0
969 79 14336 0 0 0 0
970 79 14234 0 0 0 0
971 79 14323 0 0 0 0
972 79 14304 0 0 0 0
973 79 14436 0 0 0 0
974 78 14383 0 0 0 0
975 78 14474 0 0 0 0
976 78 14447 0 0 0 0
977 77 14288 0 0 0 0
978 77 14505 0 0 0 0
979 76 14273 0 0 0 0
980 76 14321 0 0 0 0
981 77 14500 0 0 0 0
982 76 14574 0 0 0 0
983 76 14539 0 0 0 0
984 75 14422 0 0 0 0
985 74 14291 0 0 0 0
986 74 14331 0 0 0 0
987 74 14342 0 0 0 0
988 74 14369 0 0 0 0
989 75 14517 0 0 0 0
990 75 14352 0 0 0 0
991 77 14505 0 0 0 0
992 78 14587 0 0 0 0
993 77 14253 1 0 0 0
994 76 14057 1 0 0 0
995 77 14163 1 0 0 0
996 77 14186 1 0 0 0
997 77 14179 1 0 0 0
998 79 14252 1 0 0 0
999 81 14283 1 0 0 0
1000 81 14185 1 0 0 0
1001 81 14187 1 0 0 0
1002 80 14232 1 0 0 0
1003 78 14152 1 0 0 0
1004 78 14207 1 0 0 0
1005 78 14329 0 0 0 0
1006 79 14435 0 0 0 0
1007 79 14474 0 0 0 0
1008 79 14389 0 0 0 0
1009 80 14430 0 0 0 0
1010 80 14422 0 0 0 0
1011 78 14235 0 0 0 0
1012 79 14415 0 0 0 0
1013 79 14410 0 0 0 0
1014 79 14315 0 0 0 0
1015 80 14433 0 0 0 0
1016 79 14255 0 0 0 0
1017 80 14393 0 0 0 0
1018 80 14475 0 0 0 0
1019 79 14321 0 0 0 0
1020 80 14424 0 0 0 0
1021 80 14381 0 0 0 0
1022 80 14371 0 0 0 0
1023 82 14515 0 0 0 0
1024 83 14443 0 0 0 0
1025 83 14409 0 0 0 0
1026 84 14516 0 0 0 0
1027 83 14337 0 0 0 0
1028 84 14508 0 0 0 0
1029 84 14440 0 0 0 0
1030 83 14279 0 0 0 0
1031 84 14405 0 0 0 0
1032 83 14354 0 0 0 0
1033 82 14401 0 0 0 0
1034 80 14302 0 0 0 0
1035 79 14425 0 0 0 0
1036 77 14416 0 0 0 0
1037 75 14329 0 0 0 0
1038 75 14390 0 0 0 0
1039 75 14385 0 0 0 0
1040 76 14383 0 0 0 0
1041 76 14318 0 0 0 0
1042 78 14569 0 0 0 0
1043 78 14443 0 0 0 0
1044 79 14432 0 0 0 0
1045 81 14509 0 0 0 0
1046 82 14536 0 0 0 0
1047 82 14368 0 0 0 0
1048 83 14374 0 0 0 0
1049 84 14364 0 0 0 0
1050 84 14322 0 0 0 0
1051 84 14456 0 0 0 0
1052 83 14401 0 0 0 0
1053 82 14419 0 0 0 0
1054 82 14315 0 0 0 0
1055 82 14331 0 0 0 0
1056 82 14459 0 0 0 0
1057 81 14411 0 0 0 0
1058 81 14381 0 0 0 0
1059 80 14285 0 0 0 0
1060 80 14332 0 0 0 0
1061 81 14454 0 0 0 0
1062 82 14454 0 0 0 0
1063 83 14493 0 0 0 0
1064 82 14293 0 0 0 0
1065 83 14466 0 0 0 0
1066 81 14286 0 0 0 0
1067 81 14450 0 0 0 0
1068 80 14296 0 0 0 0
1069 80 14383 0 0 0 0
1070 79 14274 0 0 0 0
1071 81 14568 0 0 0 0
1072 81 14492 0 0 0 0
1073 81 14344 0 0 0 0
1074 81 14371 0 0 0 0
1075 82 14355 0 0 0 0
1076 83 14436 0 0 0 0
1077 83 14403 0 0 0 0
1078 84 14546 0 0 0 0
1079 83 14400 0 0 0 0
1080 83 14463 0 0 0 0
1081 82 14277 0 0 0 0
1082 83 14474 0 0 0 0
1083 82 14269 0 0 0 0
1084 83 14416 0 0 0 0
1085 83 14485 0 0 0 0
1086 82 14349 0 0 0 0
1087 81 14359 0 0 0 0
1088 80 14353 0 0 0 0
1089 80 14323 0 0 0 0
1090 80 14311 0 0 0 0
1091 81 14360 0 0 0 0
1092 81 14321 0 0 0 0
1093 82 14445 0 0 0 0
1094 82 14440 0 0 0 0
1095 82 14517 0 0 0 0
1096 80 14281 0 0 0 0
1097 80 14460 0 0 0 0
1098 79 14370 0 0 0 0
1099 79 14339 0 0 0 0
1100 80 14471 0 0 0 0
1101 80 14467 0 0 0 0
1102 81 14538 0 0 0 0
1103 80 14474 0 0 0 0
1104 80 14495 0 0 0 0
1105 79 14398 0 0 0 0
1106 78 14350 0 0 0 0
1107 77 14275 0 0 0 0
1108 78 14399 0 0 0 0
1109 79 14371 0 0 0 0
1110 80 14563 0 0 0 0
1111 79 14435 0 0 0 0
1112 78 14358 0 0 0 0
1113 78 14272 0 0 0 0
1114 77 14208 0 0 0 0
1115 78 14344 0 0 0 0
1116 78 14373 0 0 0 0
1117 79 14449 0 0 0 0
1118 80 14388 0 0 0 0
1119 81 14499 0 0 0 0
1120 81 14507 0 0 0 0
1121 80 14401 0 0 0 0
1122 80 14366 0 0 0 0
1123 81 14515 0 0 0 0
1124 81 14464 0 0 0 0
1125 81 14420 0 0 0 0
1126 82 14425 0 0 0 0
1127 83 14474 0 0 0 0
1128 83 14378 0 0 0 0
1129 83 14426 0 0 0 0
1130 82 14364 0 0 0 0
1131 83 14408 0 0 0 0
1132 83 14354 0 0 0 0
1133 83 14316 0 0 0 0
1134 83 14351 0 0 0 0
1135 83 14352 0 0 0 0
1136 83 14307 0 0 0 0
1137 83 14406 0 0 0 0
1138 84 14568 0 0 0 0
1139 82 14239 0 0 0 0
1140 83 14470 0 0 0 0
1141 83 14433 0 0 0 0
1142 83 14488 0 0 0 0
1143 81 14303 0 0 0 0
1144 81 14437 0 0 0 0
1145 81 14521 0 0 0 0
1146 80 14345 0 0 0 0
1147 81 14368 0 0 0 0
1148 82 14549 0 0 0 0
1149 82 14468 0 0 0 0
1150 81 14358 0 0 0 0
1151 82 14567 0 0 0 0
1152 82 14416 0 0 0 0
1153 82 14381 0 0 0 0
1154 82 14365 0 0 0 0
1155 82 14406 0 0 0 0
1156 82 14443 0 0 0 0
1157 81 14288 0 0 0 0
1158 82 14486 0 0 0 0
1159 81 14448 0 0 0 0
1160 80 14304 0 0 0 0
1161 79 14311 0 0 0 0
1162 78 14361 0 0 0 0
1163 77 14368 0 0 0 0
1164 75 14240 0 0 0 0
1165 74 14244 0 0 0 0
1166 74 14337 0 0 0 0
1167 74 14351 0 0 0 0
1168 74 14394 0 0 0 0
1169 73 14313 0 0 1 1
1170 73 14401 0 0 1 0
1171 72 14340 0 0 1 0
1172 72 14420 0 0 1 0
1173 72 14435 0 0 1 0
1174 72 14332 0 0 1 0
1175 74 14337 0 0 0 0
1176 75 14453 0 0 0 0
1177 76 14498 0 0 0 0
1178 76 14391 0 0 0 0
1179 76 14407 0 0 0 0
1180 76 14383 0 0 0 0
1181 77 14503 0 0 0 0
1182 76 14310 0 0 0 0
1183 77 14391 0 0 0 0
1184 77 14381 0 0 0 0
1185 78 14510 0 0 0 0
1186 78 14487 0 0 0 0
1187 77 14501 0 0 0 0
1188 76 14356 0 0 0 0
1189 76 14405 0 0 0 0
1190 76 14559 0 0 0 0
1191 75 14390 0 0 0 0
1192 75 14359 0 0 0 0
1193 76 14367 0 0 0 0
1194 77 14399 0 0 0 0
1195 78 14466 0 0 0 0
1196 79 14482 0 0 0 0
1197 78 14285 0 0 0 0
1198 80 14386 0 0 0 0
1199 80 14359 0 0 0 0
1200 82 14573 0 0 0 0
1201 82 14399 0 0 0 0
1202 83 14257 0 0 0 0
1203 86 14558 0 0 0 0
1204 86 14427 0 0 0 0
1205 85 14394 0 0 0 0
1206 84 14407 0 0 0 0
1207 83 14346 0 0 0 0
1208 82 14295 0 0 0 0
1209 83 14373 0 0 0 0
1210 81 14407 0 0 0 0
1211 80 14329 0 0 0 0
1212 80 14372 0 0 0 0
1213 80 14404 0 0 0 0
1214 81 14519 0 0 0 0
1215 80 14392 0 0 0 0
1216 79 14321 0 0 0 0
1217 79 14398 0 0 0 0
1218 80 14478 0 0 0 0
1219 79 14348 0 0 0 0
1220 79 14414 0 0 0 0
1221 79 14519 0 0 0 0
1222 78 14291 0 0 0 0
1223 79 14485 0 0 0 0
1224 78 14435 0 0 0 0
1225 77 14407 0 0 0 0
1226 75 14397 0 0 0 0
1227 74 14340 0 0 0 0
1228 75 14466 0 0 0 0
1229 76 14493 0 0 0 0
1230 77 14433 0 0 0 0
1231 78 14488 0 0 0 0
1232 78 14402 0 0 0 0
1233 78 14307 0 0 0 0
1234 79 14416 0 0 0 0
1235 80 14406 0 0 0 0
1236 81 14392 0 0 0 0
1237 81 14323 0 0 0 0
1238 82 14348 0 0 0 0
1239 83 14488 0 0 0 0
1240 82 14388 0 0 0 0
1241 82 14341 0 0 0 0
1242 81 14300 0 0 0 0
1243 82 14371 0 0 0 0
1244 83 14505 0 0 0 0
1245 82 14420 0 0 0 0
1246 82 14380 0 0 0 0
1247 81 14282 0 0 0 0
1248 81 14256 0 0 0 0
1249 82 14449 0 0 0 0
1250 82 14472 0 0 0 0
1251 81 14334 0 0 0 0
1252 82 14447 0 0 0 0
1253 81 14371 0 0 0 0
1254 81 14500 0 0 0 0
1255 79 14352 0 0 0 0
1256 79 14409 0 0 0 0
1257 80 14446 0 0 0 0
1258 81 14490 0 0 0 0
1259 82 14533 0 0 0 0
1260 82 14557 0 0 0 0
1261 82 14494 0 0 0 0
1262 81 14266 0 0 0 0
1263 82 14445 0 0 0 0
1264 82 14412 0 0 0 0
1265 83 14449 0 0 0 0
1266 84 14402 0 0 0 0
1267 85 14522 0 0 0 0
1268 84 14313 0 0 0 0
1269 84 14366 0 0 0 0
1270 83 14335 0 0 0 0
1271 82 14304 0 0 0 0
1272 82 14338 0 0 0 0
1273 82 14361 0 0 0 0
1274 82 14496 0 0 0 0
1275 81 14305 0 0 0 0
1276 81 14381 0 0 0 0
1277 80 14335 0 0 0 0
1278 79 14328 0 0 0 0
1279 79 14308 0 0 0 0
1280 81 14474 0 0 0 0
1281 81 14394 0 0 0 0
1282 82 14514 0 0 0 0
1283 81 14338 0 0 0 0
1284 81 14398 0 0 0 0
1285 80 14357 0 0 0 0
1286 81 14438 0 0 0 0
1287 82 14486 0 0 0 0
1288 82 14363 0 0 0 0
1289 84 14553 0 0 0 0
1290 84 14338 0 0 0 0
1291 85 14455 0 0 0 0
1292 84 14331 0 0 0 0
1293 84 14454 0 0 0 0
1294 84 14418 0 0 0 0
1295 84 14398 0 0 0 0
1296 84 14344 0 0 0 0
1297 85 14338 0 0 0 0
1298 85 14354 0 0 0 0
1299 85 14422 0 0 0 0
1300 85 14434 0 0 0 0
1301 83 14266 0 0 0 0
1302 83 14518 0 0 0 0
1303 81 14385 0 0 0 0
1304 80 14418 0 0 0 0
1305 80 14377 0 0 0 0
1306 80 14319 0 0 0 0
1307 81 14428 0 0 0 0
1308 82 14475 0 0 0 0
1309 80 14241 1 0 0 0
1310 79 14165 1 0 0 0
1311 78 14061 1 0 0 0
1312 77 14174 1 0 0 0
1313 77 14208 1 0 0 0
1314 76 14081 1 0 0 0
1315 77 14166 1 0 0 0
1316 78 14114 1 0 0 0
1317 78 14198 1 0 0 0
1318 78 14265 1 0 0 0
1319 77 14212 1 0 0 0
1320 77 14243 1 0 0 0
1321 79 14464 0 0 0 0
1322 80 14431 0 0 0 0
1323 81 14459 0 0 0 0
1324 82 14424 0 0 0 0
1325 83 14488 0 0 0 0
1326 84 14545 0 0 0 0
1327 84 14492 0 0 0 0
1328 84 14548 0 0 0 0
1329 84 14338 0 0 0 0
1330 85 14435 0 0 0 0
1331 85 14390 0 0 0 0
1332 84 14329 0 0 0 0
1333 83 14327 0 0 0 0
1334 82 14281 0 0 0 0
1335 82 14367 0 0 0 0
1336 81 14326 0 0 0 0
1337 80 14324 0 0 0 0
1338 80 14305 0 0 0 0
1339 80 14356 0 0 0 0
1340 79 14288 0 0 0 0
1341 79 14484 0 0 0 0
1342 77 14248 0 0 0 0
1343 77 14401 0 0 0 0
1344 77 14431 0 0 0 0
1345 78 14375 0 0 0 0
1346 80 14526 0 0 0 0
1347 80 14490 0 0 0 0
1348 80 14360 0 0 0 0
1349 81 14477 0 0 0 0
1350 81 14511 0 0 0 0
1351 80 14335 0 0 0 0
1352 81 14421 0 0 0 0
1353 81 14410 0 0 0 0
1354 81 14420 0 0 0 0
1355 82 14419 0 0 0 0
1356 82 14373 0 0 0 0
1357 81 14391 0 0 0 0
1358 80 14311 0 0 0 0
1359 81 14354 0 0 0 0
1360 81 14400 0 0 0 0
1361 81 14285 0 0 0 0
1362 80 14272 0 0 0 0
1363 81 14376 0 0 0 0
1364 80 14247 1 0 0 0
1365 79 14138 1 0 0 0
1366 79 14230 1 0 0 0
1367 78 14229 1 0 0 0
1368 78 14277 1 0 0 0
1369 78 14289 1 0 0 0
1370 78 14303 1 0 0 0
1371 77 14204 1 0 0 0
1372 79 14275 1 0 0 0
1373 79 14345 1 0 0 0
1374 79 14198 1 0 0 0
1375 78 14161 1 0 0 0
1376 79 14427 0 0 0 0
1377 79 14451 0 0 0 0
1378 79 14430 0 0 0 0
1379 79 14392 0 0 0 0
1380 79 14300 0 0 0 0
1381 80 14355 0 0 0 0
1382 81 14384 0 0 0 0
1383 81 14467 0 0 0 0
1384 80 14460 0 0 0 0
1385 79 14280 0 0 0 0
1386 80 14476 0 0 0 0
1387 80 14246 1 0 0 0
1388 79 14110 1 0 0 0
1389 79 14126 1 0 0 0
1390 80 14223 1 0 0 0
1391 80 14165 1 0 0 0
1392 80 14155 1 0 0 0
1393 80 14152 1 0 0 0
1394 79 14158 1 0 0 0
1395 79 14221 1 0 0 0
1396 78 14070 1 0 0 0
1397 79 14310 1 0 0 0
1398 78 14160 1 0 0 0
1399 79 14518 0 0 0 0
1400 80 14516 0 0 0 0
1401 81 14478 0 0 0 0
1402 81 14433 0 0 0 0
1403 82 14525 0 0 0 0
1404 81 14449 0 0 0 0
1405 81 14533 0 0 0 0
1406 80 14422 0 0 0 0
1407 80 14323 0 0 0 0
1408 81 14439 0 0 0 0
1409 82 14421 0 0 0 0
1410 83 14382 0 0 0 0
1411 83 14270 0 0 0 0
1412 83 14292 0 0 0 0
1413 83 14330 0 0 0 0
1414 83 14364 0 0 0 0
1415 83 14281 0 0 0 0
1416 84 14396 0 0 0 0
1417 84 14376 0 0 0 0
1418 85 14448 0 0 0 0
1419 85 14446 0 0 0 0
1420 84 14380 0 0 0 0
1421 83 14350 0 0 0 0
1422 83 14519 0 0 0 0
1423 82 14436 0 0 0 0
1424 82 14496 0 0 0 0
1425 81 14456 0 0 0 0
1426 81 14446 0 0 0 0
1427 80 14414 0 0 0 0
1428 79 14314 0 0 0 0
1429 78 14287 0 0 0 0
1430 78 14367 0 0 0 0
1431 77 14302 0 0 0 0
1432 77 14349 0 0 0 0
1433 77 14390 0 0 0 0
1434 76 14228 0 0 0 0
1435 77 14432 0 0 0 0
1436 77 14421 0 0 0 0
1437 78 14449 0 0 0 0
1438 77 14315 0 0 0 0
1439 78 14414 0 0 0 0
1440 80 14526 0 0 0 0
1441 82 14548 0 0 0 0
1442 83 14436 0 0 0 0
1443 85 14427 0 0 0 0
1444 88 14525 0 0 0 0
1445 89 14435 0 0 0 0
1446 90 14563 0 0 0 0
1447 89 14411 0 0 0 0
1448 88 14330 0 0 0 0
1449 87 14268 0 0 0 0
1450 87 14338 0 0 0 0
1451 87 14382 0 0 0 0
1452 87 14418 0 0 0 0
1453 86 14350 0 0 0 0
1454 85 14427 0 0 0 0
1455 83 14349 0 0 0 0
1456 81 14386 0 0 0 0
1457 79 14267 0 0 0 0
1458 79 14348 0 0 0 0
1459 79 14336 0 0 0 0
1460 80 14468 0 0 0 0
1461 80 14560 0 0 0 0
1462 79 14392 0 0 0 0
1463 78 14330 0 0 0 0
1464 76 14313 0 0 0 0
1465 75 14329 0 0 0 0
1466 74 14261 0 0 0 0
1467 74 14377 0 0 0 0
1468 73 14261 0 0 1 1
1469 74 14547 0 0 1 0
1470 72 14267 0 0 1 0
1471 72 14356 0 0 1 0
1472 71 14276 0 0 1 0
1473 71 14243 0 0 1 0
1474 73 14529 0 0 1 1
1475 73 14528 0 0 1 0
1476 73 14424 0 0 1 0
1477 73 14458 0 0 1 0
1478 73 14473 0 0 1 0
1479 73 14505 0 0 1 0
1480 73 14536 0 0 1 1
1481 72 14303 0 0 1 0
1482 73 14476 0 0 1 0
1483 73 14459 0 0 1 0
1484 73 14399 0 0 1 0
1485 73 14499 0 0 1 0
1486 72 14373 0 0 1 1
1487 72 14425 0 0 1 0
1488 71 14341 0 0 1 0
1489 71 14381 0 0 1 0
1490 70 14204 1 0 1 0
1491 70 14170 1 0 1 0
1492 68 13826 2 0 1 1
1493 68 13933 2 0 1 0
1494 68 14016 2 0 1 0
1495 67 13889 2 0 1 0
1496 67 14007 2 0 1 0
1497 66 13800 2 0 1 0
1498 66 13928 2 0 1 1
1499 65 13745 2 0 1 0
1500 66 13926 2 0 1 0
1501 66 13807 2 0 1 0
1502 67 14028 1 0 1 0
1503 67 14120 1 0 1 0
1504 69 14419 0 0 1 1
1505 69 14468 0 0 1 0
1506 68 14223 0 0 1 0
1507 69 14341 0 0 1 0
1508 69 14293 0 0 1 0
1509 70 14383 0 0 1 0
1510 70 14318 0 0 1 1
1511 71 14450 0 0 1 0
1512 71 14385 0 0 1 0
1513 72 14460 0 0 1 0
1514 74 14513 0 0 1 0
1515 76 14457 0 0 0 0
1516 77 14416 0 0 0 0
1517 78 14322 0 0 0 0
1518 80 14570 0 0 0 0
1519 80 14547 0 0 0 0
1520 80 14431 0 0 0 0
1521 80 14553 0 0 0 0
1522 80 14503 0 0 0 0
1523 80 14517 0 0 0 0
1524 79 14421 0 0 0 0
1525 78 14452 0 0 0 0
1526 76 14422 0 0 0 0
1527 73 14176 0 0 0 0
1528 72 14411 0 0 1 1
1529 71 14458 0 0 1 0
1530 69 14276 0 0 1 0
1531 69 14313 0 0 1 0
1532 69 14441 0 0 1 0
1533 69 14399 0 0 1 0
1534 68 14267 0 0 1 1
1535 68 14317 0 0 1 0
1536 69 14428 0 0 1 0
1537 68 14232 1 0 1 0
1538 67 13946 1 0 1 0
1539 68 14276 1 0 1 0
1540 68 14121 1 0 1 1
1541 66 13680 2 0 1 0
1542 67 13913 2 0 1 0
1543 67 13892 2 0 1 0
1544 67 13809 2 0 1 0
1545 67 13720 2 0 1 0
1546 68 13884 2 0 1 1
1547 68 13936 2 0 1 0
1548 67 13822 2 0 1 0
1549 68 14018 1 0 1 0
1550 68 14115 1 0 1 0
1551 68 14147 1 0 1 0
1552 68 14180 1 0 1 1
1553 70 14602 0 0 1 0
1554 70 14466 0 0 1 0
1555 69 14290 0 0 1 0
1556 68 14195 1 0 1 0
1557 67 14114 1 0 1 0
1558 67 14160 1 0 1 1
1559 67 14124 1 0 1 0
1560 68 14246 1 0 1 0
1561 67 14233 1 0 1 0
1562 67 14238 1 0 1 0
1563 67 14134 1 0 1 0
1564 66 14051 1 0 1 1
1565 66 14132 1 0 1 0
1566 65 14026 1 0 1 0
1567 66 14354 1 0 1 0
1568 66 14387 0 0 1 0
1569 67 14611 0 0 1 0
1570 66 14393 0 0 1 1
1571 66 14422 0 0 1 0
1572 66 14477 0 0 1 0
1573 66 14323 0 0 1 0
1574 67 14473 0 0 1 0
1575 66 14364 0 0 1 0
1576 67 14470 0 0 1 1
1577 67 14375 0 0 1 0
1578 67 14400 0 0 1 0
1579 67 14319 0 0 1 0
1580 68 14448 0 0 1 0
1581 68 14386 0 0 1 0
1582 68 14417 0 0 1 1
1583 68 14370 0 0 1 0
1584 67 14279 0 0 1 0
1585 68 14441 0 0 1 0
1586 67 14302 0 0 1 0
1587 68 14423 0 0 1 0
1588 68 14469 0 0 1 1
1589 67 14353 0 0 1 0
1590 68 14491 0 0 1 0
1591 68 14455 0 0 1 0
1592 67 14279 0 0 1 0
1593 67 14350 0 0 1 0
1594 67 14453 0 0 1 1
1595 66 14331 0 0 1 0
1596 67 14421 0 0 1 0
1597 67 14453 0 0 1 0
1598 68 14555 0 0 1 0
1599 67 14352 0 0 1 0
1600 67 14277 0 0 1 1
1601 68 14435 0 0 1 0
1602 67 14265 0 0 1 0
1603 67 14353 0 0 1 0
1604 68 14572 0 0 1 0
1605 67 14323 0 0 1 0
1606 68 14422 0 0 1 1
1607 68 14467 0 0 1 0
1608 68 14501 0 0 1 0
1609 67 14286 0 0 1 0
1610 67 14323 0 0 1 0
1611 68 14540 0 0 1 0
1612 67 14392 0 0 1 1
1613 67 14346 0 0 1 0
1614 68 14557 0 0 1 0
1615 67 14340 0 0 1 0
1616 67 14284 0 0 1 0
1617 68 14519 0 0 1 0
1618 67 14323 0 0 1 1
1619 68 14422 0 0 1 0
