block n60 sum_rr60 hold drowsy
0 5 876 1 0
1 11 1981 1 0
2 18 3188 1 0
3 25 4436 1 0
4 32 5563 1 0
5 40 6816 1 0
6 47 8071 1 0
7 53 9138 1 0
8 60 10441 1 0
9 67 11700 1 0
10 73 12828 1 0
11 79 13943 1 0
12 81 14361 1 0
13 81 14358 1 0
14 81 14459 1 0
15 81 14452 1 0
16 80 14393 1 0
17 79 14346 1 0
18 79 14336 1 0
19 80 14536 1 0
20 79 14319 1 0
21 79 14313 1 0
22 80 14474 1 0
23 80 14426 1 0
24 80 14407 1 0
25 81 14531 1 0
26 81 14442 1 0
27 80 14268 1 0
28 81 14419 1 0
29 82 14536 1 0
30 81 14394 1 0
31 80 14288 1 0
32 80 14349 1 0
33 80 14430 1 0
34 79 14285 1 0
35 80 14517 1 0
36 79 14352 0 0
37 79 14367 0 0
38 79 14340 0 0
39 80 14480 0 0
40 80 14454 0 0
41 79 14356 0 0
42 80 14474 0 0
43 81 14519 0 0
44 82 14577 0 0
45 82 14384 0 0
46 83 14489 0 0
47 82 14297 0 0
48 83 14425 0 0
49 83 14456 0 0
50 82 14364 0 0
51 82 14437 0 0
52 81 14378 0 0
53 81 14425 0 0
54 80 14291 0 0
55 80 14335 0 0
56 80 14398 0 0
57 79 14323 0 0
58 79 14376 0 0
59 79 14371 0 0
60 79 14415 0 0
61 78 14242 0 0
62 79 14445 0 0
63 78 14276 0 0
64 79 14448 0 0
65 78 14332 0 0
66 78 14357 0 0
67 78 14394 0 0
68 78 14385 0 0
69 79 14525 0 0
70 79 14375 0 0
71 80 14454 0 0
72 80 14399 0 0
73 81 14541 0 0
74 80 14348 0 0
75 81 14525 0 0
76 80 14295 0 0
77 81 14452 0 0
78 81 14487 0 0
79 81 14484 0 0
80 80 14329 0 0
81 80 14359 0 0
82 80 14420 0 0
83 81 14488 0 0
84 81 14361 0 0
85 81 14348 0 0
86 82 14405 0 0
87 82 14316 0 0
88 83 14531 0 0
89 82 14316 0 0
90 83 14490 0 0
91 82 14289 0 0
92 83 14456 0 0
93 82 14297 0 0
94 82 14349 0 0
95 81 14368 0 0
96 80 14397 0 0
97 80 14437 0 0
98 79 14354 0 0
99 79 14368 0 0
100 80 14422 0 0
101 80 14432 0 0
102 79 14258 0 0
103 79 14334 0 0
104 79 14353 0 0
105 80 14521 0 0
106 79 14414 0 0
107 78 14318 0 0
108 78 14318 0 0
109 78 14384 0 0
110 78 14461 0 0
111 78 14539 0 0
112 76 14297 0 0
113 77 14458 0 0
114 77 14397 0 0
115 78 14535 0 0
116 77 14325 0 0
117 77 14335 0 0
118 78 14416 0 0
119 79 14504 0 0
120 79 14459 0 0
121 79 14418 0 0
122 79 14356 0 0
123 79 14317 0 0
124 80 14422 0 0
125 80 14274 0 0
126 81 14421 0 0
127 81 14397 0 0
128 81 14389 0 0
129 81 14436 0 0
130 80 14337 0 0
131 80 14381 0 0
132 80 14423 0 0
133 79 14282 0 0
134 80 14527 0 0
135 79 14399 0 0
136 78 14320 0 0
137 78 14498 0 0
138 78 14512 0 0
139 77 14330 0 0
140 78 14524 0 0
141 77 14366 0 0
142 78 14491 0 0
143 78 14426 0 0
144 79 14508 0 0
145 79 14443 0 0
146 78 14231 0 0
147 79 14389 0 0
148 79 14396 0 0
149 79 14437 0 0
150 78 14300 0 0
151 78 14355 0 0
152 78 14361 0 0
153 79 14466 0 0
154 79 14435 0 0
155 78 14337 0 0
156 77 14276 0 0
157 78 14490 0 0
158 78 14478 0 0
159 77 14320 0 0
160 78 14504 0 0
161 77 14283 0 0
162 78 14480 0 0
163 78 14421 0 0
164 79 14455 0 0
165 78 14341 0 0
166 78 14362 0 0
167 78 14337 0 0
168 79 14491 0 0
169 78 14295 0 0
170 79 14455 0 0
171 79 14457 0 0
172 79 14411 0 0
173 79 14373 0 0
174 79 14290 0 0
175 80 14456 0 0
176 79 14434 0 0
177 79 14383 0 0
178 79 14347 0 0
179 80 14490 0 0
180 80 14407 0 0
181 81 14521 0 0
182 80 14310 0 0
183 81 14375 0 0
184 82 14439 0 0
185 83 14522 0 0
186 83 14405 0 0
187 83 14373 0 0
188 83 14297 0 0
189 84 14433 0 0
190 84 14440 0 0
191 84 14430 0 0
192 83 14305 0 0
193 83 14255 0 0
194 84 14391 0 0
195 85 14501 0 0
196 84 14363 0 0
197 83 14246 0 0
198 83 14477 0 0
199 83 14518 0 0
200 82 14405 0 0
201 81 14313 0 0
202 81 14377 0 0
203 81 14378 0 0
204 81 14385 0 0
205 81 14481 0 0
206 81 14550 0 0
207 79 14334 0 0
208 79 14424 0 0
209 79 14498 0 0
210 79 14447 0 0
211 78 14260 0 0
212 79 14469 0 0
213 79 14436 0 0
214 79 14414 0 0
215 79 14387 0 0
216 80 14517 0 0
217 79 14319 0 0
218 79 14304 0 0
219 80 14475 0 0
220 80 14416 0 0
221 80 14353 0 0
222 80 14313 0 0
223 81 14488 0 0
224 80 14277 0 0
225 81 14452 0 0
226 81 14475 0 0
227 80 14317 0 0
228 80 14309 0 0
229 81 14476 0 0
230 81 14472 0 0
231 80 14262 0 0
232 80 14333 0 0
233 80 14420 0 0
234 80 14480 0 0
235 79 14385 0 0
236 79 14400 0 0
237 79 14440 0 0
238 79 14383 0 0
239 79 14420 0 0
240 79 14457 0 0
241 78 14316 0 0
242 78 14290 0 0
243 79 14462 0 0
244 79 14409 0 0
245 80 14493 0 0
246 80 14371 0 0
247 81 14401 0 0
248 81 14493 0 0
249 80 14282 0 0
250 80 14346 0 0
251 80 14364 0 0
252 80 14376 0 0
253 81 14547 0 0
254 80 14443 0 0
255 80 14442 0 0
256 79 14300 0 0
257 79 14295 0 0
258 79 14339 0 0
259 79 14382 0 0
260 80 14448 0 0
261 80 14447 0 0
262 80 14404 0 0
263 81 14546 0 0
264 80 14393 0 0
265 80 14376 0 0
266 80 14370 0 0
267 80 14442 0 0
268 80 14483 0 0
269 79 14374 0 0
270 79 14414 0 0
271 78 14393 0 0
272 77 14287 0 0
273 78 14516 0 0
274 77 14360 0 0
275 77 14390 0 0
276 77 14315 0 0
277 77 14374 0 0
278 77 14436 0 0
279 76 14319 0 0
280 76 14319 0 0
281 77 14503 0 0
282 77 14483 0 0
283 77 14348 0 0
284 78 14397 0 0
285 78 14344 0 0
286 79 14506 0 0
287 78 14302 0 0
288 79 14558 0 0
289 78 14301 0 0
290 79 14390 0 0
291 80 14489 0 0
292 80 14447 0 0
293 80 14437 0 0
294 79 14337 0 0
295 79 14434 0 0
296 78 14378 0 0
297 78 14441 0 0
298 77 14307 0 0
299 78 14503 0 0
300 77 14296 0 0
301 78 14519 0 0
302 77 14348 0 0
303 77 14331 0 0
304 78 14484 0 0
305 78 14416 0 0
306 78 14349 0 0
307 80 14502 0 0
308 81 14456 0 0
309 81 14275 0 0
310 82 14482 0 0
311 81 14287 0 0
312 82 14499 0 0
313 81 14373 0 0
314 81 14386 0 0
315 81 14442 0 0
316 80 14276 0 0
317 80 14275 0 0
318 81 14397 0 0
319 80 14300 0 0
320 80 14348 0 0
321 81 14524 0 0
322 81 14343 0 0
323 82 14463 0 0
324 82 14359 0 0
325 82 14313 0 0
326 83 14444 0 0
327 83 14387 0 0
328 84 14558 0 0
329 84 14537 0 0
330 83 14423 0 0
331 83 14443 0 0
332 83 14456 0 0
333 82 14297 0 0
334 82 14385 0 0
335 81 14281 0 0
336 81 14390 0 0
337 81 14414 0 0
338 81 14508 0 0
339 80 14329 0 0
340 80 14291 0 0
341 80 14365 0 0
342 81 14501 0 0
343 80 14323 0 0
344 80 14433 0 0
345 79 14369 0 0
346 79 14416 0 0
347 79 14423 0 0
348 79 14412 0 0
349 79 14419 0 0
350 79 14357 0 0
351 79 14420 0 0
352 79 14447 0 0
353 78 14298 0 0
354 78 14318 0 0
355 79 14521 0 0
356 78 14359 0 0
357 78 14394 0 0
358 78 14441 0 0
359 78 14459 0 0
360 77 14328 0 0
361 77 14356 0 0
362 77 14379 0 0
363 78 14410 0 0
364 78 14386 0 0
365 78 14348 0 0
366 78 14459 0 0
367 77 14317 0 0
368 78 14502 0 0
369 78 14513 0 0
370 77 14321 0 0
371 78 14477 0 0
372 78 14413 0 0
373 79 14506 0 0
374 78 14331 0 0
375 78 14433 0 0
376 78 14457 0 0
377 78 14454 0 0
378 78 14350 0 0
379 79 14447 0 0
380 79 14332 0 0
381 79 14322 0 0
382 80 14470 0 0
383 79 14308 0 0
384 80 14503 0 0
385 79 14351 0 0
386 80 14540 0 0
387 79 14361 0 0
388 79 14308 0 0
389 80 14379 0 0
390 80 14389 0 0
391 80 14445 0 0
392 79 14343 0 0
393 79 14371 0 0
394 79 14404 0 0
395 79 14396 0 0
396 79 14337 0 0
397 80 14461 0 0
398 79 14221 0 0
399 80 14451 0 0
400 79 14408 0 0
401 78 14387 0 0
402 78 14429 0 0
403 77 14254 0 0
404 78 14482 0 0
405 78 14402 0 0
406 78 14357 0 0
407 78 14358 0 0
408 78 14398 0 0
409 77 14312 0 0
410 78 14579 0 0
411 77 14355 0 0
412 77 14316 0 0
413 78 14463 0 0
414 77 14350 0 0
415 78 14451 0 0
416 78 14441 0 0
417 78 14394 0 0
418 78 14452 0 0
419 78 14413 0 0
420 78 14336 0 0
421 79 14513 0 0
422 78 14384 0 0
423 78 14444 0 0
424 78 14471 0 0
425 78 14497 0 0
426 78 14446 0 0
427 77 14346 0 0
428 77 14263 0 0
429 78 14527 0 0
430 77 14347 0 0
431 77 14437 0 0
432 77 14540 0 0
433 76 14306 0 0
434 77 14374 0 0
435 77 14321 0 0
436 77 14335 0 0
437 77 14371 0 0
438 77 14368 0 0
439 77 14407 0 0
440 77 14513 0 0
441 76 14359 0 0
442 76 14379 0 0
443 76 14350 0 0
444 76 14348 0 0
445 76 14365 0 0
446 76 14384 0 0
447 76 14456 0 0
448 76 14428 0 0
449 76 14362 0 0
450 77 14410 0 0
451 78 14449 0 0
452 77 14285 0 0
453 78 14406 0 0
454 78 14366 0 0
455 78 14398 0 0
456 77 14292 0 0
457 78 14544 0 0
458 77 14321 0 0
459 78 14429 0 0
460 78 14385 0 0
461 78 14375 0 0
462 78 14479 0 0
463 77 14405 0 0
464 78 14478 0 0
465 78 14455 0 0
466 78 14395 0 0
467 79 14440 0 0
468 80 14455 0 0
469 81 14406 0 0
470 82 14520 0 0
471 81 14304 0 0
472 82 14534 0 0
473 81 14388 0 0
474 80 14260 0 0
475 81 14417 0 0
476 81 14443 0 0
477 80 14296 0 0
478 81 14519 0 0
479 80 14402 0 0
480 79 14343 0 0
481 78 14334 0 0
482 78 14352 0 0
483 79 14493 0 0
484 79 14394 0 0
485 80 14467 0 0
486 81 14519 0 0
487 80 14370 0 0
488 79 14242 0 0
489 80 14494 0 0
490 79 14373 0 0
491 79 14346 0 0
492 80 14437 0 0
493 80 14443 0 0
494 79 14376 0 0
495 79 14438 0 0
496 78 14348 0 0
497 78 14415 0 0
498 77 14282 0 0
499 78 14471 0 0
500 78 14482 0 0
501 78 14422 0 0
502 78 14348 0 0
503 78 14416 0 0
504 78 14524 0 0
505 77 14336 0 0
506 77 14317 0 0
507 77 14354 0 0
508 77 14352 0 0
509 77 14368 0 0
510 77 14365 0 0
511 77 14408 0 0
512 77 14422 0 0
513 76 14268 0 0
514 77 14486 0 0
515 77 14521 0 0
516 76 14302 0 0
517 77 14486 0 0
518 77 14495 0 0
519 76 14340 0 0
520 77 14491 0 0
521 76 14367 0 0
522 76 14446 0 0
523 76 14420 0 0
524 76 14364 0 0
525 77 14520 0 0
526 76 14318 0 0
527 76 14243 0 0
528 77 14406 0 0
529 77 14328 0 0
530 78 14473 0 0
531 77 14358 0 0
532 77 14395 0 0
533 77 14420 0 0
534 77 14385 0 0
535 77 14366 0 0
536 78 14509 0 0
537 77 14256 0 0
538 78 14370 0 0
539 79 14423 0 0
540 79 14397 0 0
541 79 14375 0 0
542 79 14308 0 0
543 81 14492 0 0
544 81 14411 0 0
545 82 14456 0 0
546 83 14502 0 0
547 82 14392 0 0
548 82 14310 0 0
549 82 14387 0 0
550 82 14431 0 0
551 82 14458 0 0
552 81 14346 0 0
553 81 14376 0 0
554 81 14345 0 0
555 81 14342 0 0
556 81 14432 0 0
557 80 14300 0 0
558 80 14404 0 0
559 80 14310 0 0
560 80 14470 0 0
561 80 14454 0 0
562 80 14452 0 0
563 79 14327 0 0
564 80 14549 0 0
565 79 14415 0 0
566 78 14389 0 0
567 78 14483 0 0
568 77 14370 0 0
569 77 14422 0 0
570 76 14274 0 0
571 77 14474 0 0
572 76 14295 0 0
573 77 14478 0 0
574 76 14304 0 0
575 77 14543 0 0
576 76 14295 0 0
577 78 14502 0 0
578 79 14446 0 0
579 79 14277 0 0
580 80 14341 0 0
581 81 14474 0 0
582 81 14468 0 0
583 80 14287 0 0
584 81 14439 0 0
585 80 14272 0 0
586 80 14375 0 0
587 80 14421 0 0
588 80 14438 0 0
589 78 14261 0 0
590 78 14466 0 0
591 77 14423 0 0
592 77 14380 0 0
593 76 14251 0 0
594 77 14471 0 0
595 77 14534 0 0
596 76 14383 0 0
597 76 14404 0 0
598 77 14529 0 0
599 76 14369 0 0
600 76 14379 0 0
601 76 14467 0 1
602 75 14273 0 1
603 76 14485 0 1
604 75 14383 0 1
605 76 14524 0 1
606 75 14292 0 1
607 76 14418 0 0
608 76 14339 0 0
609 77 14492 0 0
610 76 14296 0 0
611 76 14283 0 0
612 76 14296 0 0
613 77 14421 0 0
614 77 14471 0 0
615 77 14401 0 0
616 78 14529 0 0
617 78 14411 0 0
618 78 14432 0 0
619 78 14400 0 0
620 78 14542 0 0
621 77 14353 0 0
622 78 14530 0 0
623 78 14479 0 0
624 79 14583 0 0
625 78 14371 0 0
626 79 14489 0 0
627 78 14332 0 0
628 78 14357 0 0
629 78 14427 0 0
630 79 14482 0 0
631 78 14265 0 0
632 79 14391 0 0
633 79 14490 0 0
634 78 14366 0 0
635 78 14465 0 0
636 77 14363 0 0
637 77 14444 0 0
638 76 14352 0 0
639 76 14393 0 0
640 76 14375 0 0
641 76 14373 0 0
642 75 14350 0 1
643 75 14441 0 1
644 74 14263 0 1
645 75 14377 0 1
646 75 14308 0 1
647 75 14229 0 0
648 76 14446 0 0
649 75 14268 0 0
650 75 14300 0 1
651 75 14380 0 1
652 74 14377 0 1
653 73 14346 0 1
654 73 14460 0 1
655 73 14512 0 1
656 73 14548 0 1
657 72 14362 0 1
658 72 14394 0 1
659 72 14399 0 1
660 71 14217 0 1
661 73 14530 0 1
662 73 14507 0 1
663 74 14547 0 1
664 74 14462 0 1
665 74 14429 0 1
666 73 14240 0 1
667 73 14277 0 1
668 73 14290 0 1
669 73 14345 0 1
670 73 14384 0 1
671 73 14423 0 1
672 73 14420 0 1
673 72 14292 0 1
674 72 14282 0 1
675 72 14319 0 1
676 73 14380 0 1
677 74 14437 0 1
678 75 14460 0 1
679 75 14389 0 1
680 76 14435 0 0
681 76 14417 0 0
682 77 14473 0 0
683 78 14460 0 0
684 78 14392 0 0
685 79 14538 0 0
686 79 14449 0 0
687 79 14483 0 0
688 78 14295 0 0
689 77 14310 0 0
690 77 14420 0 0
691 77 14505 0 0
692 76 14493 0 1
693 75 14345 0 1
694 74 14305 0 1
695 74 14505 0 1
696 74 14460 0 1
697 73 14263 0 1
698 74 14467 0 1
699 73 14296 0 1
700 73 14415 0 1
701 74 14504 0 1
702 74 14409 0 1
703 75 14430 0 1
704 75 14330 0 1
705 76 14470 0 1
706 76 14407 0 0
707 75 14221 0 0
708 75 14353 0 1
709 76 14445 0 0
710 76 14462 0 0
711 77 14515 0 0
712 77 14440 0 0
713 76 14282 0 0
714 76 14421 0 0
715 75 14348 0 1
716 75 14428 0 1
717 75 14430 0 1
718 75 14488 0 1
719 75 14512 0 1
720 75 14464 0 1
721 74 14333 0 1
722 74 14364 0 1
723 73 14261 0 1
724 74 14490 0 1
725 74 14427 0 1
726 74 14347 0 1
727 74 14325 0 1
728 74 14307 0 1
729 75 14458 0 1
730 75 14413 0 1
731 75 14371 0 1
732 75 14429 0 1
733 75 14495 0 1
734 74 14277 0 1
735 74 14384 0 1
736 73 14242 0 1
737 73 14329 0 1
738 73 14363 0 1
739 73 14461 0 1
740 73 14503 0 1
741 72 14403 0 1
742 72 14378 0 1
743 73 14502 0 1
744 73 14428 0 1
745 73 14449 0 1
746 73 14524 0 1
747 73 14515 0 1
748 73 14525 0 1
749 73 14506 0 1
750 73 14434 0 1
751 73 14383 0 1
752 73 14421 0 1
753 72 14266 0 1
754 72 14335 0 1
755 72 14329 0 1
756 72 14282 0 1
757 73 14406 0 1
758 73 14398 0 1
759 73 14372 0 1
760 73 14404 0 1
761 73 14363 0 1
762 73 14378 0 1
763 74 14492 0 1
764 74 14383 0 1
765 75 14499 0 1
766 75 14521 0 1
767 74 14345 0 1
768 75 14415 0 1
769 75 14341 0 1
770 75 14345 0 1
771 75 14393 0 1
772 75 14443 0 1
773 74 14338 0 1
774 74 14416 0 1
775 73 14274 0 1
776 74 14428 0 1
777 73 14262 0 1
778 73 14252 0 1
779 73 14332 0 1
780 72 14370 0 1
781 72 14447 0 1
782 72 14417 0 1
783 72 14377 0 1
784 72 14352 0 1
785 73 14550 0 1
786 72 14369 0 1
787 73 14515 0 1
788 72 14289 0 1
789 74 14586 0 1
790 73 14410 0 1
791 73 14419 0 1
792 73 14477 0 1
793 72 14431 0 1
794 71 14303 0 1
795 71 14342 0 1
796 71 14319 0 1
797 71 14265 0 1
798 73 14529 0 1
799 72 14361 0 1
800 72 14449 0 1
801 72 14400 0 1
802 74 14559 0 1
803 75 14490 0 1
804 76 14418 0 0
805 76 14249 0 0
806 78 14536 0 0
807 78 14483 0 0
808 78 14440 0 0
809 78 14395 0 0
810 78 14353 0 0
811 78 14320 0 0
812 79 14449 0 0
813 78 14368 0 0
814 76 14217 0 0
815 76 14457 0 0
816 76 14476 0 1
817 76 14411 0 0
818 76 14385 0 0
819 76 14348 0 0
820 76 14358 0 0
821 76 14490 0 1
822 75 14333 0 1
823 74 14183 0 1
824 74 14141 0 1
825 74 14038 0 0
826 75 14232 0 0
827 74 14109 0 1
828 74 14153 0 1
829 74 14244 0 1
830 73 14094 0 1
831 73 14139 0 1
832 73 14118 0 1
833 74 14152 0 1
834 75 14293 0 1
835 77 14529 0 0
836 76 14345 0 0
837 76 14405 0 0
838 77 14533 0 0
839 77 14478 0 0
840 75 14249 0 0
841 75 14305 0 1
842 76 14491 0 1
843 77 14542 0 0
844 77 14460 0 0
845 77 14461 0 0
846 76 14324 0 0
847 75 14281 0 1
848 75 14394 0 1
849 75 14516 0 1
850 73 14198 0 1
851 73 14228 0 1
852 75 14540 0 1
853 75 14486 0 1
854 74 14261 0 1
855 74 14348 0 1
856 74 14427 0 1
857 73 14309 0 1
858 73 14417 0 1
859 73 14435 0 1
860 73 14443 0 1
861 73 14379 0 1
862 74 14565 0 1
863 74 14543 0 1
864 73 14396 0 1
865 73 14401 0 1
866 73 14516 0 1
867 72 14332 0 1
868 72 14339 0 1
869 73 14394 0 1
870 74 14446 0 1
871 75 14371 0 1
872 76 14318 0 0
873 77 14382 0 0
874 77 14280 0 0
875 77 14347 0 0
876 77 14310 0 0
877 77 14341 0 0
878 78 14387 0 0
879 79 14513 0 0
880 79 14410 0 0
881 79 14461 0 0
882 79 14438 0 0
883 78 14418 0 0
884 77 14366 0 0
885 76 14318 0 0
886 77 14557 0 0
887 76 14365 0 0
888 76 14454 0 0
889 76 14422 0 0
890 76 14355 0 0
891 75 14282 0 1
892 76 14499 0 1
893 76 14345 0 0
894 76 14284 0 0
895 77 14420 0 0
896 77 14427 0 0
897 78 14561 0 0
898 77 14295 0 0
899 78 14356 0 0
900 79 14412 0 0
901 80 14459 0 0
902 79 14376 0 0
903 79 14360 0 0
904 79 14325 0 0
905 79 14502 0 0
906 78 14424 0 0
907 77 14376 0 0
908 77 14455 0 0
909 76 14297 0 0
910 76 14447 0 0
911 75 14375 0 1
912 74 14297 0 1
913 74 14444 0 1
914 74 14426 0 1
915 75 14531 0 1
916 75 14448 0 1
917 75 14406 0 1
918 75 14438 0 1
919 75 14414 0 1
920 75 14417 0 1
921 75 14423 0 1
922 75 14320 0 1
923 77 14585 0 0
924 77 14541 0 0
925 76 14261 0 0
926 77 14496 0 0
927 76 14361 0 0
928 76 14357 0 0
929 76 14351 0 0
930 76 14372 0 0
931 76 14417 0 0
932 76 14383 0 0
933 76 14415 0 0
934 76 14512 0 1
935 74 14252 0 1
936 74 14347 0 1
937 73 14397 0 1
938 72 14352 0 1
939 72 14442 0 1
940 71 14505 0 1
941 70 14393 0 1
942 71 14490 0 1
943 71 14393 0 1
944 72 14461 0 1
945 73 14363 0 1
946 73 14264 0 1
947 75 14527 0 1
948 75 14434 0 1
949 76 14548 0 1
950 75 14320 0 1
951 75 14406 0 1
952 74 14255 0 1
953 74 14340 0 1
954 74 14386 0 1
955 74 14370 0 1
956 74 14308 0 1
957 74 14392 0 1
958 74 14463 0 1
959 73 14343 0 1
960 73 14348 0 1
961 73 14279 0 1
962 75 14437 0 1
963 75 14286 0 1
964 77 14521 0 0
965 77 14438 0 0
966 77 14328 0 0
967 77 14370 0 0
968 76 14423 0 0
969 75 14402 0 1
970 75 14399 0 1
971 75 14419 0 1
972 75 14446 0 1
973 74 14366 0 1
974 73 14348 0 1
975 73 14384 0 1
976 72 14317 0 1
977 72 14456 0 1
978 71 14442 0 1
979 70 14200 0 1
980 70 14194 0 1
981 70 14127 0 1
982 71 14219 0 1
983 71 14080 0 1
984 72 14211 0 1
985 73 14228 0 1
986 74 14236 0 1
987 75 14260 0 0
988 75 14182 0 0
989 75 14059 0 0
990 75 14096 0 0
991 76 14400 0 0
992 76 14404 0 0
993 76 14463 0 0
994 75 14346 0 1
995 75 14438 0 1
996 74 14265 0 1
997 74 14381 0 1
998 73 14352 0 1
999 72 14370 0 1
1000 72 14385 0 1
1001 73 14509 0 1
1002 73 14407 0 1
1003 74 14371 0 1
1004 75 14446 0 1
1005 75 14399 0 1
1006 75 14447 0 1
1007 75 14435 0 1
1008 75 14493 0 1
1009 74 14338 0 1
1010 74 14378 0 1
1011 74 14347 0 1
1012 75 14502 0 1
1013 74 14377 0 1
1014 74 14497 0 1
1015 72 14390 0 1
1016 71 14425 0 1
1017 70 14328 0 1
1018 71 14399 0 1
1019 71 14440 0 1
1020 71 14290 0 1
1021 73 14543 0 1
1022 73 14416 0 1
1023 74 14500 0 1
1024 73 14282 0 1
1025 74 14438 0 1
1026 74 14269 0 1
1027 76 14467 0 1
1028 76 14307 0 0
1029 77 14473 0 0
1030 76 14366 0 0
1031 76 14328 0 0
1032 76 14431 0 0
1033 75 14270 0 0
1034 75 14400 0 1
1035 75 14474 0 1
1036 75 14535 0 1
1037 74 14362 0 1
1038 74 14472 0 1
1039 73 14411 0 1
1040 73 14371 0 1
1041 74 14449 0 1
1042 74 14325 0 1
1043 75 14435 0 1
1044 76 14461 0 0
1045 77 14575 0 0
1046 78 14532 0 0
1047 77 14237 0 0
1048 78 14377 0 0
1049 78 14369 0 0
1050 78 14330 0 0
1051 78 14310 0 0
1052 78 14391 0 0
1053 77 14284 0 0
1054 78 14564 0 0
1055 77 14436 0 0
1056 76 14385 0 0
1057 76 14375 0 0
1058 75 14278 0 1
1059 75 14380 0 1
1060 75 14431 0 1
1061 75 14474 0 1
1062 75 14424 0 1
1063 76 14548 0 1
1064 76 14496 0 1
1065 76 14459 0 0
1066 76 14410 0 0
1067 76 14345 0 0
1068 77 14429 0 0
1069 77 14435 0 0
1070 77 14443 0 0
1071 78 14568 0 0
1072 77 14333 0 0
1073 77 14305 0 0
1074 77 14358 0 0
1075 77 14405 0 0
1076 77 14307 0 0
1077 78 14477 0 0
1078 77 14289 0 0
1079 77 14429 0 0
1080 77 14457 0 0
1081 76 14320 0 0
1082 77 14463 0 0
1083 77 14373 0 0
1084 77 14374 0 0
1085 77 14400 0 0
1086 77 14405 0 0
1087 76 14229 0 0
1088 77 14527 0 0
1089 76 14301 0 0
1090 76 14327 0 0
1091 77 14445 0 0
1092 77 14352 0 0
1093 77 14316 0 0
1094 77 14366 0 0
1095 76 14317 0 0
1096 76 14331 0 0
1097 76 14324 0 0
1098 76 14378 0 0
1099 76 14399 0 0
1100 75 14249 0 0
1101 76 14471 0 1
1102 76 14498 0 1
1103 76 14429 0 0
1104 75 14340 0 1
1105 76 14523 0 1
1106 76 14469 0 1
1107 76 14472 0 1
1108 76 14489 0 1
1109 76 14463 0 0
1110 77 14564 0 0
1111 77 14476 0 0
1112 78 14574 0 0
1113 77 14360 0 0
1114 78 14466 0 0
1115 77 14273 0 0
1116 77 14336 0 0
1117 77 14380 0 0
1118 76 14292 0 0
1119 76 14299 0 0
1120 76 14333 0 0
1121 76 14384 0 0
1122 76 14323 0 0
1123 77 14366 0 0
1124 77 14294 0 0
1125 78 14453 0 0
1126 77 14259 0 0
1127 78 14458 0 0
1128 78 14401 0 0
1129 78 14361 0 0
1130 79 14503 0 0
1131 79 14423 0 0
1132 80 14483 0 0
1133 80 14435 0 0
1134 79 14301 0 0
1135 79 14532 0 0
1136 78 14466 0 0
1137 77 14408 0 0
1138 77 14553 0 0
1139 75 14352 0 1
1140 75 14463 0 1
1141 74 14327 0 1
1142 74 14277 0 1
1143 76 14491 0 1
1144 76 14397 0 0
1145 76 14411 0 0
1146 77 14542 0 0
1147 77 14394 0 0
1148 77 14343 0 0
1149 78 14383 0 0
1150 79 14410 0 0
1151 81 14496 0 0
1152 82 14470 0 0
1153 82 14420 0 0
1154 82 14467 0 0
1155 81 14397 0 0
1156 81 14373 0 0
1157 82 14391 0 0
1158 82 14353 0 0
1159 82 14342 0 0
1160 83 14478 0 0
1161 82 14395 0 0
1162 81 14333 0 0
1163 80 14376 0 0
1164 79 14375 0 0
1165 79 14415 0 0
1166 79 14387 0 0
1167 79 14430 0 0
1168 78 14384 0 0
1169 77 14365 0 0
1170 77 14467 0 0
1171 76 14406 0 0
1172 75 14324 0 1
1173 75 14317 0 1
1174 77 14464 0 0
1175 77 14302 0 0
1176 78 14356 0 0
1177 78 14354 0 0
1178 78 14405 0 0
1179 77 14300 0 0
1180 77 14355 0 0
1181 77 14409 0 0
1182 76 14270 0 0
1183 76 14292 0 0
1184 77 14474 0 0
1185 77 14482 0 0
1186 75 14337 0 1
1187 75 14496 0 1
1188 73 14350 0 1
1189 73 14413 0 1
1190 72 14293 0 1
1191 72 14332 0 1
1192 72 14387 0 1
1193 72 14355 0 1
1194 72 14411 0 1
1195 72 14385 0 1
1196 71 14251 0 1
1197 72 14461 0 1
1198 72 14437 0 1
1199 72 14367 0 1
1200 73 14392 0 1
1201 74 14506 0 1
1202 74 14517 0 1
1203 74 14446 0 1
1204 74 14385 0 1
1205 75 14556 0 1
1206 75 14465 0 1
1207 75 14428 0 1
1208 76 14540 0 1
1209 75 14323 0 1
1210 75 14363 0 1
1211 75 14398 0 1
1212 76 14500 0 1
1213 75 14318 0 1
1214 76 14440 0 0
1215 76 14526 0 1
1216 76 14549 0 1
1217 75 14341 0 1
1218 75 14393 0 1
1219 75 14408 0 1
1220 75 14417 0 1
1221 75 14381 0 1
1222 75 14308 0 1
1223 75 14346 0 1
1224 75 14467 0 1
1225 75 14512 0 1
1226 74 14309 0 1
1227 75 14401 0 1
1228 75 14332 0 1
1229 75 14353 0 1
1230 75 14387 0 1
1231 75 14484 0 1
1232 74 14389 0 1
1233 74 14496 0 1
1234 74 14463 0 1
1235 75 14537 0 1
1236 74 14289 0 1
1237 74 14267 0 1
1238 75 14448 0 1
1239 74 14254 0 1
1240 75 14481 0 1
1241 75 14407 0 1
1242 76 14347 0 0
1243 78 14448 0 0
1244 78 14276 0 0
1245 79 14284 0 0
1246 80 14418 0 0
1247 79 14303 0 0
1248 79 14368 0 0
1249 79 14387 0 0
1250 79 14430 0 0
1251 79 14497 0 0
1252 78 14281 0 0
1253 78 14352 0 0
1254 78 14439 0 0
1255 77 14337 0 0
1256 78 14484 0 0
1257 77 14376 0 0
1258 77 14414 0 0
1259 77 14392 0 0
1260 78 14529 0 0
1261 78 14466 0 0
1262 78 14443 0 0
1263 78 14346 0 0
1264 79 14383 0 0
1265 80 14424 0 0
1266 81 14420 0 0
1267 81 14322 0 0
1268 81 14396 0 0
1269 81 14382 0 0
1270 81 14403 0 0
1271 81 14396 0 0
1272 80 14337 0 0
1273 80 14469 0 0
1274 79 14377 0 0
1275 79 14428 0 0
1276 78 14457 0 0
1277 77 14374 0 0
1278 76 14471 0 1
1279 75 14553 0 1
1280 74 14418 0 1
1281 75 14553 0 1
1282 74 14383 0 1
1283 74 14369 0 1
1284 74 14415 0 1
1285 74 14415 0 1
1286 73 14223 0 1
1287 73 14333 0 1
1288 73 14350 0 1
1289 73 14420 0 1
1290 72 14277 0 1
1291 72 14259 0 1
1292 72 14289 0 1
1293 71 14239 0 1
1294 72 14474 0 1
1295 71 14367 0 1
1296 71 14270 0 1
1297 72 14423 0 1
1298 73 14601 0 1
1299 73 14536 0 1
1300 73 14442 0 1
1301 74 14519 0 1
1302 74 14446 0 1
1303 75 14550 0 1
1304 75 14481 0 1
1305 75 14421 0 1
1306 75 14333 0 1
1307 76 14479 0 1
1308 76 14407 0 0
1309 75 14234 0 0
1310 75 14228 0 0
1311 75 14238 0 0
1312 75 14313 0 1
1313 74 14254 0 1
1314 75 14502 0 1
1315 74 14250 0 1
1316 75 14408 0 1
1317 75 14403 0 1
1318 74 14278 0 1
1319 74 14310 0 1
1320 74 14426 0 1
1321 74 14394 0 1
1322 75 14524 0 1
1323 75 14537 0 1
1324 75 14509 0 1
1325 75 14475 0 1
1326 74 14304 0 1
1327 74 14414 0 1
1328 73 14311 0 1
1329 73 14416 0 1
1330 73 14398 0 1
1331 74 14555 0 1
1332 75 14463 0 1
1333 77 14576 0 0
1334 76 14356 0 0
1335 77 14351 0 0
1336 79 14485 0 0
1337 80 14476 0 0
1338 81 14486 0 0
1339 81 14392 0 0
1340 82 14502 0 0
1341 82 14415 0 0
1342 83 14589 0 0
1343 82 14353 0 0
1344 81 14356 0 0
1345 80 14405 0 0
1346 80 14435 0 0
1347 79 14422 0 0
1348 77 14287 0 0
1349 76 14290 0 0
1350 76 14353 0 0
1351 77 14495 0 0
1352 76 14336 0 0
1353 76 14415 0 0
1354 75 14315 0 1
1355 75 14429 0 1
1356 75 14497 0 1
1357 74 14384 0 1
1358 74 14440 0 1
1359 73 14274 0 1
1360 74 14436 0 1
1361 74 14390 0 1
1362 73 14274 0 1
1363 73 14411 0 1
1364 73 14453 0 1
1365 73 14442 0 1
1366 73 14448 0 1
1367 73 14456 0 1
1368 72 14284 0 1
1369 72 14306 0 1
1370 72 14238 0 1
1371 74 14548 0 1
1372 73 14381 0 1
1373 73 14408 0 1
1374 74 14588 0 1
1375 72 14263 0 1
1376 72 14312 0 1
1377 72 14318 0 1
1378 73 14387 0 1
1379 73 14279 0 1
1380 75 14405 0 1
1381 77 14505 0 0
1382 78 14464 0 0
1383 77 14258 0 0
1384 78 14410 0 0
1385 79 14495 0 0
1386 79 14388 0 0
1387 80 14471 0 0
1388 81 14451 0 0
1389 82 14453 0 0
1390 81 14272 0 0
1391 82 14409 0 0
1392 82 14491 0 0
1393 80 14240 0 0
1394 80 14466 0 0
1395 80 14477 0 0
1396 79 14372 0 0
1397 78 14288 0 0
1398 77 14262 0 0
1399 78 14482 0 0
1400 77 14430 0 0
1401 76 14422 0 0
1402 76 14552 0 1
1403 75 14503 0 1
1404 74 14392 0 1
1405 74 14427 0 1
1406 74 14445 0 1
1407 74 14451 0 1
1408 74 14404 0 1
1409 74 14417 0 1
1410 75 14532 0 1
1411 74 14381 0 1
1412 74 14308 0 1
1413 75 14412 0 1
1414 75 14316 0 1
1415 76 14410 0 0
1416 76 14421 0 0
1417 76 14419 0 0
1418 75 14237 0 0
1419 75 14297 0 1
1420 75 14351 0 1
1421 75 14382 0 1
1422 74 14241 0 1
1423 75 14349 0 1
1424 76 14559 0 1
1425 75 14319 0 1
1426 76 14420 0 0
1427 76 14360 0 0
1428 76 14335 0 0
1429 77 14517 0 0
1430 77 14553 0 0
1431 77 14479 0 0
1432 77 14431 0 0
1433 78 14529 0 0
1434 78 14521 0 0
1435 77 14392 0 0
1436 77 14384 0 0
1437 77 14421 0 0
1438 76 14328 0 0
1439 75 14258 0 0
1440 76 14468 0 1
1441 75 14252 0 0
1442 77 14328 0 0
1443 78 14430 0 0
1444 78 14409 0 0
1445 77 14274 0 0
1446 77 14282 0 0
1447 78 14477 0 0
1448 77 14375 0 0
1449 77 14408 0 0
1450 77 14404 0 0
1451 78 14497 0 0
1452 77 14286 0 0
1453 78 14505 0 0
1454 76 14423 0 0
1455 75 14342 0 1
1456 75 14420 0 1
1457 75 14442 0 1
1458 75 14463 0 1
1459 74 14267 0 1
1460 74 14290 0 1
1461 75 14511 0 1
1462 75 14467 0 1
1463 75 14375 0 1
1464 76 14496 0 1
1465 76 14373 0 0
1466 77 14369 0 0
1467 78 14484 0 0
1468 78 14329 0 0
1469 79 14379 0 0
1470 80 14359 0 0
1471 81 14466 0 0
1472 81 14481 0 0
1473 80 14347 0 0
1474 79 14319 0 0
1475 78 14400 0 0
1476 77 14382 0 0
1477 76 14417 0 0
1478 75 14457 0 1
1479 74 14391 0 1
1480 74 14488 0 1
1481 73 14413 0 1
1482 73 14494 0 1
1483 72 14345 0 1
1484 72 14334 0 1
1485 72 14352 0 1
1486 73 14485 0 1
1487 73 14411 0 1
1488 73 14333 0 1
1489 73 14279 0 1
1490 74 14413 0 1
1491 74 14371 0 1
1492 75 14414 0 1
1493 76 14431 0 0
1494 76 14320 0 0
1495 77 14465 0 0
1496 78 14536 0 0
1497 78 14464 0 0
1498 78 14380 0 0
1499 78 14337 0 0
1500 79 14428 0 0
1501 80 14535 0 0
1502 80 14397 0 0
1503 80 14420 0 0
1504 79 14361 0 0
1505 79 14463 0 0
1506 78 14383 0 0
1507 78 14339 0 0
1508 78 14344 0 0
1509 78 14257 0 0
1510 79 14497 0 0
1511 79 14529 0 0
1512 78 14442 0 0
1513 77 14330 0 0
1514 76 14265 0 0
1515 77 14386 0 0
1516 77 14333 0 0
1517 77 14301 0 0
1518 78 14490 0 0
1519 77 14459 0 0
1520 76 14398 0 0
1521 76 14549 0 1
1522 75 14420 0 1
1523 74 14252 0 1
1524 74 14325 0 1
1525 74 14349 0 1
1526 74 14402 0 1
1527 73 14274 0 1
1528 73 14451 0 1
1529 72 14356 0 1
1530 72 14391 0 1
1531 72 14310 0 1
1532 74 14406 0 1
1533 75 14420 0 1
1534 75 14243 0 0
1535 77 14533 0 0
1536 77 14447 0 0
1537 77 14412 0 0
1538 78 14512 0 0
1539 78 14429 0 0
1540 79 14470 0 0
1541 79 14440 0 0
1542 78 14304 0 0
1543 79 14553 0 0
1544 77 14385 0 0
1545 76 14306 0 0
1546 76 14386 0 0
1547 76 14417 0 0
1548 76 14426 0 0
1549 76 14374 0 0
1550 76 14344 0 0
1551 77 14549 0 0
1552 76 14430 0 0
1553 76 14488 0 1
1554 76 14479 0 1
1555 75 14271 0 0
1556 76 14347 0 0
1557 77 14380 0 0
1558 79 14506 0 0
1559 79 14370 0 0
1560 79 14310 0 0
1561 80 14453 0 0
1562 80 14461 0 0
1563 80 14380 0 0
1564 81 14403 0 0
1565 82 14331 0 0
1566 83 14433 0 0
1567 83 14404 0 0
1568 82 14348 0 0
1569 81 14350 0 0
1570 80 14430 0 0
1571 79 14443 0 0
1572 79 14510 0 0
1573 78 14448 0 0
1574 77 14333 0 0
1575 76 14299 0 0
1576 75 14255 0 0
1577 75 14403 0 1
1578 75 14337 0 1
1579 75 14370 0 1
1580 76 14558 0 1
1581 76 14560 0 1
1582 75 14397 0 1
1583 75 14350 0 1
1584 75 14391 0 1
1585 75 14401 0 1
1586 75 14378 0 1
1587 76 14470 0 1
1588 76 14481 0 1
1589 76 14410 0 0
1590 75 14422 0 1
1591 75 14574 0 1
1592 73 14247 0 1
1593 73 14261 0 1
1594 74 14370 0 1
1595 75 14447 0 1
1596 76 14448 0 0
1597 76 14392 0 0
1598 77 14464 0 0
1599 77 14410 0 0
1600 77 14329 0 0
1601 77 14434 0 0
1602 77 14353 0 0
1603 77 14240 0 0
1604 78 14443 0 0
1605 78 14422 0 0
1606 78 14442 0 0
1607 78 14421 0 0
1608 77 14343 0 0
1609 77 14329 0 0
1610 77 14458 0 0
1611 76 14424 0 0
1612 76 14451 0 0
1613 76 14430 0 0
1614 77 14479 0 0
1615 78 14531 0 0
1616 78 14358 0 0
1617 79 14505 0 0
1618 78 14321 0 0
1619 78 14337 0 0
