block n60 sum_rr60 bad60 hold drowsy
0 5 882 1 1 0
1 12 2153 1 1 0
2 18 3229 1 1 0
3 25 4507 1 1 0
4 32 5796 1 1 0
5 38 6920 1 1 0
6 45 8091 1 1 0
7 52 9337 1 1 0
8 59 10597 1 1 0
9 65 11676 1 1 0
10 71 12836 1 1 0
11 78 14147 1 1 0
12 79 14391 0 1 0
13 79 14392 0 1 0
14 80 14545 0 1 0
15 80 14468 0 1 0
16 79 14266 0 1 0
17 80 14423 0 1 0
18 79 14382 0 1 0
19 79 14442 0 1 0
20 78 14300 0 1 0
21 79 14471 0 1 0
22 79 14424 0 1 0
23 80 14435 0 1 0
24 80 14373 0 1 0
25 80 14374 0 1 0
26 79 14276 0 1 0
27 79 14416 0 1 0
28 79 14451 0 1 0
29 78 14291 0 1 0
30 79 14495 0 1 0
31 78 14309 0 1 0
32 78 14349 0 1 0
33 78 14443 0 1 0
34 78 14471 0 1 0
35 76 14280 0 1 0
36 76 14388 0 0 0
37 76 14460 0 0 0
38 76 14396 0 0 0
39 76 14366 0 0 0
40 76 14335 0 0 0
41 77 14425 0 0 0
42 77 14361 0 0 0
43 77 14383 0 0 0
44 77 14359 0 0 0
45 76 14208 0 0 0
46 76 14294 0 0 0
47 77 14496 0 0 0
48 77 14439 0 0 0
49 76 14254 0 0 0
50 77 14531 0 0 0
51 76 14348 0 0 0
52 76 14439 0 0 0
53 75 14399 0 0 0
54 75 14443 0 0 0
55 75 14420 0 0 0
56 76 14516 0 0 0
57 77 14573 0 0 0
58 78 14567 0 0 0
59 77 14429 0 0 0
60 77 14464 0 0 0
61 77 14472 0 0 0
62 76 14276 0 0 0
63 77 14462 0 0 0
64 77 14406 0 0 0
65 77 14386 0 0 0
66 77 14328 0 0 0
67 77 14333 0 0 0
68 77 14437 0 0 0
69 76 14233 0 0 0
70 76 14396 0 0 0
71 76 14305 0 0 0
72 76 14324 0 0 0
73 76 14365 0 0 0
74 76 14422 0 0 0
75 75 14288 0 0 0
76 75 14340 0 0 0
77 75 14382 0 0 0
78 75 14497 0 0 0
79 75 14527 0 0 0
80 74 14439 0 0 1
81 73 14400 0 0 1
82 72 14255 0 0 1
83 72 14402 0 0 1
84 72 14464 0 0 1
85 72 14447 0 0 1
86 72 14446 0 0 1
87 72 14410 0 0 1
88 73 14522 0 0 1
89 73 14465 0 0 1
90 72 14245 0 0 1
91 73 14405 0 0 1
92 73 14246 0 0 1
93 76 14575 0 0 0
94 77 14534 0 0 0
95 77 14346 0 0 0
96 78 14402 0 0 0
97 79 14475 0 0 0
98 79 14356 0 0 0
99 80 14466 0 0 0
100 79 14296 0 0 0
101 80 14448 0 0 0
102 80 14389 0 0 0
103 80 14367 0 0 0
104 80 14421 0 0 0
105 79 14408 0 0 0
106 78 14378 0 0 0
107 78 14463 0 0 0
108 78 14376 0 0 0
109 78 14367 0 0 0
110 78 14355 0 0 0
111 78 14417 0 0 0
112 78 14377 0 0 0
113 78 14382 0 0 0
114 78 14381 0 0 0
115 78 14398 0 0 0
116 78 14386 0 0 0
117 78 14408 0 0 0
118 78 14359 0 0 0
119 78 14334 0 0 0
120 77 14327 0 0 0
121 77 14433 0 0 0
122 77 14532 0 0 0
123 76 14371 0 0 0
124 77 14518 0 0 0
125 76 14334 0 0 0
126 77 14499 0 0 0
127 76 14314 0 0 0
128 77 14490 0 0 0
129 76 14235 0 0 0
130 77 14377 0 0 0
131 78 14527 0 0 0
132 79 14480 0 0 0
133 79 14397 0 0 0
134 79 14321 0 0 0
135 80 14422 0 0 0
136 80 14450 0 0 0
137 80 14438 0 0 0
138 79 14306 0 0 0
139 80 14475 0 0 0
140 79 14291 0 0 0
141 80 14564 0 0 0
142 79 14413 0 0 0
143 78 14269 0 0 0
144 78 14410 0 0 0
145 77 14243 0 0 0
146 78 14394 0 0 0
147 78 14441 0 0 0
148 77 14257 0 0 0
149 78 14347 0 0 0
150 79 14492 0 0 0
151 79 14470 0 0 0
152 79 14464 0 0 0
153 78 14254 0 0 0
154 79 14435 0 0 0
155 80 14550 0 0 0
156 80 14443 0 0 0
157 80 14457 0 0 0
158 79 14334 0 0 0
159 79 14379 0 0 0
160 79 14396 0 0 0
161 79 14500 0 0 0
162 78 14373 0 0 0
163 78 14411 0 0 0
164 78 14384 0 0 0
165 79 14497 0 0 0
166 78 14323 0 0 0
167 77 14251 0 0 0
168 78 14414 0 0 0
169 78 14401 0 0 0
170 79 14562 0 0 0
171 78 14352 0 0 0
172 78 14385 0 0 0
173 78 14424 0 0 0
174 78 14427 0 0 0
175 78 14301 0 0 0
176 79 14500 0 0 0
177 79 14446 0 0 0
178 79 14434 0 0 0
179 80 14504 0 0 0
180 78 14279 0 0 0
181 78 14358 0 0 0
182 78 14412 0 0 0
183 78 14403 0 0 0
184 78 14480 0 0 0
185 77 14306 0 0 0
186 78 14448 0 0 0
187 78 14403 0 0 0
188 78 14316 0 0 0
189 78 14331 0 0 0
190 78 14359 0 0 0
191 78 14431 0 0 0
192 78 14415 0 0 0
193 79 14540 0 0 0
194 78 14337 0 0 0
195 78 14382 0 0 0
196 79 14423 0 0 0
197 79 14380 0 0 0
198 79 14428 0 0 0
199 78 14383 0 0 0
200 77 14382 0 0 0
201 77 14419 0 0 0
202 77 14405 0 0 0
203 77 14422 0 0 0
204 77 14367 0 0 0
205 77 14315 0 0 0
206 77 14295 0 0 0
207 78 14400 0 0 0
208 78 14460 0 0 0
209 78 14443 0 0 0
210 78 14401 0 0 0
211 78 14383 0 0 0
212 79 14406 0 0 0
213 79 14374 0 0 0
214 80 14524 0 0 0
215 79 14273 0 0 0
216 79 14382 0 0 0
217 79 14447 0 0 0
218 80 14552 0 0 0
219 79 14322 0 0 0
220 79 14268 0 0 0
221 80 14406 0 0 0
222 79 14238 0 0 0
223 80 14464 0 0 0
224 80 14505 0 0 0
225 79 14410 0 0 0
226 78 14251 0 0 0
227 79 14398 0 0 0
228 80 14428 0 0 0
229 80 14272 0 0 0
230 80 14283 0 0 0
231 81 14422 0 0 0
232 81 14492 0 0 0
233 80 14390 0 0 0
234 80 14416 0 0 0
235 80 14382 0 0 0
236 79 14247 0 0 0
237 80 14404 0 0 0
238 80 14408 0 0 0
239 80 14393 0 0 0
240 81 14522 0 0 0
241 81 14531 0 0 0
242 80 14430 0 0 0
243 79 14414 0 0 0
244 79 14421 0 0 0
245 79 14436 0 0 0
246 79 14400 0 0 0
247 79 14474 0 0 0
248 79 14548 0 0 0
249 78 14446 0 0 0
250 78 14521 0 0 0
251 77 14499 0 0 0
252 75 14269 0 0 0
253 75 14366 0 0 0
254 76 14504 0 0 0
255 76 14433 0 0 0
256 76 14355 0 0 0
257 77 14409 0 0 0
258 78 14534 0 0 0
259 78 14400 0 0 0
260 78 14277 0 0 0
261 79 14378 0 0 0
262 79 14315 0 0 0
263 80 14423 0 0 0
264 80 14457 0 0 0
265 80 14455 0 0 0
266 79 14291 0 0 0
267 80 14457 0 0 0
268 80 14400 0 0 0
269 79 14286 0 0 0
270 79 14266 0 0 0
271 79 14256 0 0 0
272 80 14388 0 0 0
273 80 14356 0 0 0
274 81 14433 0 0 0
275 81 14368 0 0 0
276 82 14427 0 0 0
277 82 14363 0 0 0
278 83 14438 0 0 0
279 82 14269 0 0 0
280 82 14313 0 0 0
281 83 14481 0 0 0
282 83 14516 0 0 0
283 82 14384 0 0 0
284 82 14427 0 0 0
285 82 14410 0 0 0
286 81 14325 0 0 0
287 81 14371 0 0 0
288 81 14464 0 0 0
289 80 14349 0 0 0
290 80 14424 0 0 0
291 80 14423 0 0 0
292 80 14458 0 0 0
293 80 14463 0 0 0
294 79 14292 0 0 0
295 80 14462 0 0 0
296 80 14450 0 0 0
297 79 14323 0 0 0
298 80 14499 0 0 0
299 79 14353 0 0 0
300 79 14386 0 0 0
301 79 14416 0 0 0
302 79 14449 0 0 0
303 79 14403 0 0 0
304 79 14348 0 0 0
305 79 14283 0 0 0
306 80 14425 0 0 0
307 80 14491 0 0 0
308 79 14396 0 0 0
309 80 14517 0 0 0
310 80 14432 0 0 0
311 80 14374 0 0 0
312 80 14352 0 0 0
313 81 14476 0 0 0
314 80 14337 0 0 0
315 80 14409 0 0 0
316 80 14514 0 0 0
317 79 14416 0 0 0
318 79 14502 0 0 0
319 78 14296 0 0 0
320 79 14439 0 0 0
321 79 14434 0 0 0
322 78 14304 0 0 0
323 79 14518 0 0 0
324 78 14412 0 0 0
325 77 14282 0 0 0
326 78 14439 0 0 0
327 78 14408 0 0 0
328 78 14305 0 0 0
329 79 14354 0 0 0
330 79 14295 0 0 0
331 80 14480 0 0 0
332 79 14259 0 0 0
333 79 14276 0 0 0
334 80 14488 0 0 0
335 79 14324 0 0 0
336 79 14286 0 0 0
337 80 14438 0 0 0
338 80 14396 0 0 0
339 80 14396 0 0 0
340 80 14469 0 0 0
341 79 14408 0 0 0
342 79 14423 0 0 0
343 79 14332 0 0 0
344 80 14523 0 0 0
345 80 14456 0 0 0
346 80 14413 0 0 0
347 80 14356 0 0 0
348 81 14442 0 0 0
349 81 14447 0 0 0
350 80 14276 0 0 0
351 81 14460 0 0 0
352 80 14324 0 0 0
353 81 14560 0 0 0
354 80 14429 0 0 0
355 79 14368 0 0 0
356 79 14410 0 0 0
357 78 14340 0 0 0
358 77 14263 0 0 0
359 78 14523 0 0 0
360 77 14473 0 0 0
361 76 14363 0 0 0
362 76 14418 0 0 0
363 75 14318 0 0 0
364 76 14370 0 0 0
365 76 14289 0 0 0
366 77 14450 0 0 0
367 77 14408 0 0 0
368 77 14378 0 0 0
369 78 14476 0 0 0
370 78 14388 0 0 0
371 78 14359 0 0 0
372 78 14384 0 0 0
373 78 14403 0 0 0
374 78 14431 0 0 0
375 78 14454 0 0 0
376 78 14531 0 0 0
377 77 14485 0 0 0
378 76 14325 0 0 0
379 76 14467 0 0 0
380 75 14366 0 0 0
381 75 14450 0 0 0
382 76 14567 0 0 0
383 75 14432 0 0 0
384 75 14381 0 0 0
385 76 14463 0 0 0
386 76 14348 0 0 0
387 77 14475 0 0 0
388 76 14276 0 0 0
389 77 14434 0 0 0
390 77 14422 0 0 0
391 77 14346 0 0 0
392 77 14314 0 0 0
393 77 14363 0 0 0
394 76 14362 0 0 0
395 76 14442 0 0 0
396 76 14441 0 0 0
397 75 14269 0 0 0
398 76 14462 0 0 0
399 76 14392 0 0 0
400 76 14423 0 0 0
401 75 14231 0 0 0
402 76 14466 0 0 0
403 76 14450 0 0 0
404 76 14425 0 0 0
405 76 14355 0 0 0
406 77 14418 0 0 0
407 77 14277 0 0 0
408 77 14264 0 0 0
409 78 14504 0 0 0
410 77 14403 0 0 0
411 77 14396 0 0 0
412 78 14467 0 0 0
413 79 14560 0 0 0
414 78 14368 0 0 0
415 78 14359 0 0 0
416 78 14400 0 0 0
417 78 14486 0 0 0
418 77 14328 0 0 0
419 77 14369 0 0 0
420 78 14487 0 0 0
421 77 14271 0 0 0
422 78 14436 0 0 0
423 77 14306 0 0 0
424 77 14460 0 0 0
425 76 14324 0 0 0
426 77 14402 0 0 0
427 78 14463 0 0 0
428 79 14435 0 0 0
429 79 14291 0 0 0
430 80 14479 0 0 0
431 80 14431 0 0 0
432 80 14492 0 0 0
433 80 14468 0 0 0
434 80 14405 0 0 0
435 80 14365 0 0 0
436 80 14302 0 0 0
437 81 14453 0 0 0
438 80 14302 0 0 0
439 80 14380 0 0 0
440 79 14375 0 0 0
441 79 14476 0 0 0
442 78 14269 0 0 0
443 79 14470 0 0 0
444 78 14242 0 0 0
445 79 14418 0 0 0
446 78 14324 0 0 0
447 79 14545 0 0 0
448 78 14481 0 0 0
449 77 14397 0 0 0
450 77 14464 0 0 0
451 76 14363 0 0 0
452 76 14378 0 0 0
453 76 14375 0 0 0
454 76 14415 0 0 0
455 75 14296 0 0 0
456 76 14479 0 0 0
457 75 14332 0 0 0
458 76 14472 0 0 0
459 75 14291 0 0 0
460 76 14392 0 0 0
461 76 14334 0 0 0
462 76 14313 0 0 0
463 77 14448 0 0 0
464 77 14411 0 0 0
465 77 14348 0 0 0
466 77 14391 0 0 0
467 78 14526 0 0 0
468 77 14417 0 0 0
469 77 14449 0 0 0
470 77 14442 0 0 0
471 77 14386 0 0 0
472 78 14376 0 0 0
473 79 14425 0 0 0
474 80 14522 0 0 0
475 79 14298 0 0 0
476 80 14417 0 0 0
477 78 14085 1 0 0
478 79 14143 1 0 0
479 78 13925 1 0 0
480 79 14043 1 0 0
481 80 14146 1 0 0
482 79 14006 1 0 0
483 79 14039 1 0 0
484 78 14034 1 0 0
485 78 14061 1 0 0
486 77 13927 1 0 0
487 78 14142 1 0 0
488 78 14179 1 0 0
489 79 14400 0 0 0
490 78 14343 0 0 0
491 80 14527 0 0 0
492 79 14342 0 0 0
493 78 14219 0 0 0
494 79 14408 0 0 0
495 79 14470 0 0 0
496 79 14448 0 0 0
497 78 14358 0 0 0
498 79 14518 0 0 0
499 77 14130 0 0 0
500 75 13851 2 0 0
501 74 13724 2 0 0
502 74 13785 2 0 0
503 70 13314 3 0 0
504 70 13428 3 0 0
505 70 13495 3 0 0
506 69 13333 3 0 0
507 70 13484 3 0 0
508 69 13312 3 0 0
509 70 13482 3 0 0
510 69 13373 3 0 0
511 71 13793 3 0 1
512 72 13938 1 0 0
513 73 14062 1 0 0
514 74 14097 1 0 0
515 76 14422 0 0 0
516 77 14466 0 0 0
517 78 14550 0 0 0
518 75 13877 2 0 0
519 75 13790 2 0 0
520 77 14016 2 0 0
521 77 13926 2 0 0
522 78 13940 2 0 0
523 78 13856 2 0 0
524 78 13877 2 0 0
525 78 13862 2 0 0
526 78 13933 2 0 0
527 78 13958 2 0 0
528 78 13957 2 0 0
529 77 13770 2 0 0
530 81 14555 0 0 0
531 80 14431 0 0 0
532 78 14195 0 0 0
533 75 13749 2 0 0
534 75 13845 2 0 0
535 75 13851 2 0 0
536 73 13433 3 0 0
537 75 13660 3 0 0
538 74 13426 3 0 0
539 75 13501 3 0 0
540 75 13516 3 0 0
541 76 13617 3 0 0
542 75 13424 3 0 0
543 76 13571 3 0 0
544 76 13631 3 0 0
545 79 14111 1 0 0
546 79 14123 1 0 0
547 78 14035 1 0 0
548 80 14422 0 0 0
549 79 14347 0 0 0
550 79 14368 0 0 0
551 79 14411 0 0 0
552 79 14387 0 0 0
553 79 14375 0 0 0
554 79 14342 0 0 0
555 80 14401 0 0 0
556 81 14502 0 0 0
557 80 14351 0 0 0
558 80 14362 0 0 0
559 80 14330 0 0 0
560 80 14394 0 0 0
561 80 14431 0 0 0
562 80 14394 0 0 0
563 80 14358 0 0 0
564 80 14412 0 0 0
565 79 14406 0 0 0
566 79 14523 0 0 0
567 77 14353 0 0 0
568 76 14262 0 0 0
569 76 14347 0 0 0
570 75 14246 0 0 0
571 76 14497 0 0 0
572 76 14511 0 0 0
573 75 14350 0 0 0
574 75 14424 0 0 0
575 74 14338 0 0 0
576 73 14240 0 0 1
577 73 14255 0 0 1
578 71 13846 2 0 1
579 71 13847 2 0 1
580 69 13458 3 0 1
581 70 13587 3 0 0
582 71 13649 3 0 0
583 70 13407 3 0 0
584 70 13344 3 0 0
585 71 13495 3 0 0
586 71 13416 3 0 0
587 72 13563 3 0 0
588 73 13587 3 0 0
589 74 13549 3 0 0
590 78 14059 1 0 0
591 79 14095 1 0 0
592 82 14543 0 0 0
593 82 14465 0 0 0
594 81 14283 0 0 0
595 82 14379 0 0 0
596 83 14469 0 0 0
597 83 14392 0 0 0
598 84 14522 0 0 0
599 84 14451 0 0 0
600 83 14366 0 0 0
601 80 13985 1 0 0
602 79 14009 1 0 0
603 78 13936 1 0 0
604 77 13848 1 0 0
605 77 13933 1 0 0
606 78 14139 1 0 0
607 77 14084 1 0 0
608 76 13996 1 0 0
609 76 14016 1 0 0
610 75 14018 1 0 0
611 74 13907 1 0 0
612 75 14073 1 0 0
613 78 14438 0 0 0
614 77 14262 0 0 0
615 74 13684 3 0 0
616 74 13581 4 0 0
617 74 13485 4 0 0
618 72 13074 4 0 0
619 66 11899 6 0 0
620 60 10770 8 0 0
621 53 9526 11 0 0
622 50 8812 12 0 0
623 51 8846 12 0 0
624 51 8746 12 0 0
625 51 8858 12 0 0
626 51 8853 12 0 0
627 55 9611 9 0 0
628 53 9340 9 0 0
629 53 9401 9 0 0
630 55 9838 9 0 0
631 61 10910 7 0 0
632 68 12121 5 0 0
633 74 13275 2 0 0
634 78 14062 1 0 0
635 78 14103 1 0 0
636 78 14185 1 0 0
637 77 14018 1 0 0
638 77 14026 1 0 0
639 77 14104 1 0 0
640 79 14470 0 0 0
641 79 14493 0 0 0
642 78 14325 0 0 0
643 78 14375 0 0 0
644 78 14471 0 0 0
645 78 14488 0 0 0
646 77 14364 0 0 0
647 76 14384 0 0 0
648 75 14270 0 0 0
649 75 14373 0 0 0
650 76 14560 0 0 0
651 75 14262 0 0 0
652 76 14393 0 0 0
653 74 14016 1 0 0
654 75 14049 1 0 0
655 76 14162 1 0 0
656 75 13951 1 0 0
657 75 13926 1 0 0
658 76 14100 1 0 0
659 76 14037 1 0 0
660 76 13992 1 0 0
661 76 13988 1 0 0
662 76 13980 1 0 0
663 77 14150 1 0 0
664 76 13953 1 0 0
665 76 13962 1 0 0
666 75 13939 1 0 0
667 74 13861 1 0 0
668 75 14130 1 0 0
669 75 14155 1 0 0
670 74 13999 1 0 0
671 74 13977 1 0 0
672 74 14006 1 0 0
673 75 14178 1 0 0
674 74 14038 1 0 0
675 73 13907 1 0 0
676 74 14138 1 0 0
677 76 14463 0 0 0
678 76 14476 0 0 0
679 73 13904 1 0 0
680 68 12889 5 0 0
681 69 12926 5 0 0
682 65 12100 9 0 0
683 65 12102 9 0 0
684 66 12186 9 0 0
685 64 11720 9 0 0
686 63 11409 11 0 0
687 60 10836 12 0 0
688 57 10248 13 0 0
689 57 10236 13 0 0
690 57 10144 13 0 0
691 54 9559 13 0 0
692 52 9209 11 0 0
693 47 8314 14 0 0
694 46 8061 14 0 0
695 40 6930 16 1 0
696 37 6463 17 1 0
697 38 6683 17 1 0
698 40 7167 15 1 0
699 43 7807 14 0 0
700 45 8227 13 0 0
701 45 8300 13 0 0
702 45 8348 13 0 0
703 52 9624 12 0 0
704 58 10706 10 0 0
705 63 11700 7 0 0
706 68 12785 3 0 0
707 74 13952 1 0 0
708 76 14329 0 0 0
709 77 14501 0 0 0
710 76 14319 0 0 0
711 77 14421 0 0 0
712 77 14400 0 0 0
713 77 14343 0 0 0
714 78 14519 0 0 0
715 77 14348 0 0 0
716 78 14530 0 0 0
717 77 14294 0 0 0
718 78 14343 0 0 0
719 79 14421 0 0 0
720 80 14454 0 0 0
721 80 14424 0 0 0
722 81 14428 0 0 0
723 81 14346 0 0 0
724 82 14512 0 0 0
725 81 14406 0 0 0
726 81 14407 0 0 0
727 81 14456 0 0 0
728 80 14297 0 0 0
729 81 14466 0 0 0
730 81 14527 0 0 0
731 80 14371 0 0 0
732 80 14441 0 0 0
733 77 13927 1 0 0
734 76 13872 2 0 0
735 75 13797 2 0 0
736 75 13767 2 0 0
737 74 13567 3 0 0
738 73 13386 3 0 0
739 74 13529 3 0 0
740 72 13150 4 0 0
741 71 12954 5 0 0
742 71 12911 5 0 0
743 72 13082 5 0 0
744 71 12907 5 0 0
745 74 13419 4 0 0
746 75 13540 3 0 0
747 75 13514 3 0 0
748 75 13506 3 0 0
749 77 13853 2 0 0
750 77 13822 2 0 0
751 77 13795 2 0 0
752 80 14306 1 0 0
753 80 14357 0 0 0
754 80 14387 0 0 0
755 79 14254 0 0 0
756 80 14444 0 0 0
757 80 14443 0 0 0
758 79 14296 0 0 0
759 80 14482 0 0 0
760 80 14509 0 0 0
761 79 14292 0 0 0
762 80 14458 0 0 0
763 80 14357 0 0 0
764 80 14289 0 0 0
765 81 14391 0 0 0
766 81 14438 0 0 0
767 81 14458 0 0 0
768 80 14363 0 0 0
769 79 14252 0 0 0
770 80 14517 0 0 0
771 79 14327 0 0 0
772 79 14280 0 0 0
773 80 14422 0 0 0
774 80 14427 0 0 0
775 80 14502 0 0 0
776 80 14554 0 0 0
777 80 14561 0 0 0
778 80 14416 0 0 0
779 80 14307 0 0 0
780 79 13973 2 0 0
781 80 14034 2 0 0
782 80 13800 2 0 0
783 81 13919 2 0 0
784 81 13944 2 0 0
785 81 13982 2 0 0
786 80 13818 2 0 0
787 80 13814 2 0 0
788 80 13869 2 0 0
789 80 13891 2 0 0
790 80 13903 2 0 0
791 80 13937 2 0 0
792 82 14304 0 0 0
793 82 14298 0 0 0
794 82 14364 0 0 0
795 82 14425 0 0 0
796 82 14390 0 0 0
797 82 14360 0 0 0
798 83 14460 0 0 0
799 83 14501 0 0 0
800 82 14338 0 0 0
801 82 14353 0 0 0
802 82 14421 0 0 0
803 82 14425 0 0 0
804 82 14508 0 0 0
805 81 14448 0 0 0
806 80 14388 0 0 0
807 80 14441 0 0 0
808 79 14343 0 0 0
809 79 14456 0 0 0
810 79 14495 0 0 0
811 79 14394 0 0 0
812 79 14390 0 0 0
813 79 14321 0 0 0
814 79 14285 0 0 0
815 80 14377 0 0 0
816 81 14382 0 0 0
817 82 14381 0 0 0
818 83 14440 0 0 0
819 83 14357 0 0 0
820 84 14509 0 0 0
821 84 14419 0 0 0
822 83 14251 0 0 0
823 83 14266 0 0 0
824 84 14349 0 0 0
825 85 14538 0 0 0
826 84 14374 0 0 0
827 84 14428 0 0 0
828 83 14315 0 0 0
829 84 14491 0 0 0
830 84 14440 0 0 0
831 84 14444 0 0 0
832 84 14447 0 0 0
833 83 14294 0 0 0
834 83 14315 0 0 0
835 78 13465 3 0 0
836 77 13367 3 0 0
837 76 13239 3 0 0
838 77 13379 3 0 0
839 77 13384 3 0 0
840 77 13437 3 0 0
841 76 13338 3 0 0
842 75 13376 3 0 0
843 74 13315 3 0 0
844 73 13246 3 0 0
845 74 13379 3 0 0
846 75 13518 3 0 0
847 80 14394 0 0 0
848 81 14555 0 0 0
849 80 14368 0 0 0
850 80 14406 0 0 0
851 80 14377 0 0 0
852 80 14314 0 0 0
853 81 14447 0 0 0
854 82 14412 0 0 0
855 83 14462 0 0 0
856 84 14472 0 0 0
857 84 14493 0 0 0
858 84 14482 0 0 0
859 83 14313 0 0 0
860 83 14321 0 0 0
861 84 14463 0 0 0
862 84 14500 0 0 0
863 83 14359 0 0 0
864 83 14505 0 0 0
865 81 14278 0 0 0
866 80 14289 0 0 0
867 80 14387 0 0 0
868 79 14310 0 0 0
869 77 14129 0 0 0
870 70 12926 3 0 0
871 64 11874 5 0 0
872 57 10611 7 0 0
873 50 9423 10 0 0
874 47 8970 12 0 0
875 47 9147 12 0 1
876 46 9005 12 0 1
877 47 9188 12 0 1
878 47 9178 12 0 1
879 46 8978 12 0 1
880 47 9232 12 0 1
881 48 9358 12 0 1
882 54 10520 9 0 1
883 60 11673 7 0 1
884 66 12824 5 0 1
885 73 14156 2 0 0
886 75 14481 0 0 0
887 75 14336 0 0 0
888 76 14452 0 0 0
889 75 14281 0 0 0
890 76 14405 0 0 0
891 76 14461 0 0 0
892 76 14339 0 0 0
893 77 14261 0 0 0
894 78 14284 0 0 0
895 79 14403 0 0 0
896 80 14532 0 0 0
897 79 14334 0 0 0
898 80 14443 0 0 0
899 80 14429 0 0 0
900 80 14391 0 0 0
901 81 14439 0 0 0
902 81 14396 0 0 0
903 82 14373 0 0 0
904 83 14460 0 0 0
905 83 14535 0 0 0
906 82 14399 0 0 0
907 83 14382 0 0 0
908 82 14236 0 0 0
909 83 14443 0 0 0
910 82 14256 0 0 0
911 83 14454 0 0 0
912 83 14446 0 0 0
913 83 14508 0 0 0
914 82 14321 0 0 0
915 82 14446 0 0 0
916 80 14228 0 0 0
917 80 14342 0 0 0
918 80 14397 0 0 0
919 79 14448 0 0 0
920 79 14424 0 0 0
921 79 14378 0 0 0
922 80 14555 0 0 0
923 79 14420 0 0 0
924 78 14303 0 0 0
925 78 14375 0 0 0
926 78 14388 0 0 0
927 78 14429 0 0 0
928 78 14421 0 0 0
929 77 14297 0 0 0
930 78 14517 0 0 0
931 77 14349 0 0 0
932 78 14547 0 0 0
933 77 14388 0 0 0
934 76 14270 0 0 0
935 77 14336 0 0 0
936 78 14403 0 0 0
937 78 14299 0 0 0
938 79 14521 0 0 0
939 78 14313 0 0 0
940 79 14452 0 0 0
941 79 14410 0 0 0
942 79 14386 0 0 0
943 79 14393 0 0 0
944 79 14349 0 0 0
945 79 14327 0 0 0
946 80 14465 0 0 0
947 79 14477 0 0 0
948 78 14423 0 0 0
949 78 14483 0 0 0
950 77 14319 0 0 0
951 78 14531 0 0 0
952 77 14395 0 0 0
953 78 14442 0 0 0
954 79 14460 0 0 0
955 80 14475 0 0 0
956 80 14443 0 0 0
957 80 14368 0 0 0
958 80 14347 0 0 0
959 81 14355 0 0 0
960 82 14454 0 0 0
961 82 14435 0 0 0
962 82 14399 0 0 0
963 82 14284 0 0 0
964 82 14391 0 0 0
965 81 14349 0 0 0
966 79 14274 0 0 0
967 78 14332 0 0 0
968 77 14348 0 0 0
969 77 14473 0 0 0
970 76 14364 0 0 0
971 76 14403 0 0 0
972 76 14381 0 0 0
973 76 14364 0 0 0
974 77 14518 0 0 0
975 76 14368 0 0 0
976 77 14345 0 0 0
977 78 14463 0 0 0
978 79 14482 0 0 0
979 80 14478 0 0 0
980 80 14311 0 0 0
981 81 14345 0 0 0
982 82 14417 0 0 0
983 82 14341 0 0 0
984 82 14453 0 0 0
985 81 14371 0 0 0
986 80 14262 0 0 0
987 81 14489 0 0 0
988 80 14431 0 0 0
989 80 14491 0 0 0
990 79 14380 0 0 0
991 78 14316 0 0 0
992 78 14392 0 0 0
993 78 14508 0 0 0
994 77 14406 0 0 0
995 77 14415 0 0 0
996 77 14361 0 0 0
997 78 14444 0 0 0
998 79 14521 0 0 0
999 79 14341 0 0 0
1000 81 14452 0 0 0
1001 81 14352 0 0 0
1002 82 14415 0 0 0
1003 83 14512 0 0 0
1004 83 14410 0 0 0
1005 83 14333 0 0 0
1006 84 14524 0 0 0
1007 83 14431 0 0 0
1008 83 14472 0 0 0
1009 82 14364 0 0 0
1010 81 14278 0 0 0
1011 81 14499 0 0 0
1012 79 14342 0 0 0
1013 78 14298 0 0 0
1014 78 14404 0 0 0
1015 77 14306 0 0 0
1016 78 14516 0 0 0
1017 77 14409 0 0 0
1018 77 14378 0 0 0
1019 77 14343 0 0 0
1020 77 14336 0 0 0
1021 78 14462 0 0 0
1022 78 14515 0 0 0
1023 77 14300 0 0 0
1024 78 14472 0 0 0
1025 79 14530 0 0 0
1026 78 14350 0 0 0
1027 80 14494 0 0 0
1028 79 14400 0 0 0
1029 79 14401 0 0 0
1030 78 14265 0 0 0
1031 79 14503 0 0 0
1032 79 14463 0 0 0
1033 78 14312 0 0 0
1034 78 14298 0 0 0
1035 78 14375 0 0 0
1036 78 14467 0 0 0
1037 77 14373 0 0 0
1038 77 14356 0 0 0
1039 75 14278 0 0 0
1040 75 14293 0 0 0
1041 75 14341 0 0 0
1042 75 14424 0 0 0
1043 75 14422 0 0 0
1044 74 14266 0 0 0
1045 75 14475 0 0 0
1046 75 14430 0 0 0
1047 75 14390 0 0 0
1048 75 14359 0 0 0
1049 75 14387 0 0 0
1050 75 14413 0 0 0
1051 76 14501 0 0 0
1052 76 14455 0 0 0
1053 77 14555 0 0 0
1054 77 14440 0 0 0
1055 77 14442 0 0 0
1056 77 14422 0 0 0
1057 77 14421 0 0 0
1058 77 14400 0 0 0
1059 78 14489 0 0 0
1060 78 14391 0 0 0
1061 79 14482 0 0 0
1062 79 14463 0 0 0
1063 78 14285 0 0 0
1064 79 14491 0 0 0
1065 78 14304 0 0 0
1066 78 14364 0 0 0
1067 78 14393 0 0 0
1068 78 14420 0 0 0
1069 77 14251 0 0 0
1070 78 14447 0 0 0
1071 78 14471 0 0 0
1072 77 14340 0 0 0
1073 77 14346 0 0 0
1074 77 14331 0 0 0
1075 78 14476 0 0 0
1076 78 14385 0 0 0
1077 78 14411 0 0 0
1078 78 14383 0 0 0
1079 78 14336 0 0 0
1080 78 14305 0 0 0
1081 79 14404 0 0 0
1082 80 14474 0 0 0
1083 79 14303 0 0 0
1084 80 14467 0 0 0
1085 79 14311 0 0 0
1086 80 14472 0 0 0
1087 79 14339 0 0 0
1088 78 14235 0 0 0
1089 79 14390 0 0 0
1090 79 14390 0 0 0
1091 79 14343 0 0 0
1092 80 14568 0 0 0
1093 80 14536 0 0 0
1094 78 14295 0 0 0
1095 78 14325 0 0 0
1096 78 14372 0 0 0
1097 78 14409 0 0 0
1098 77 14308 0 0 0
1099 78 14478 0 0 0
1100 78 14491 0 0 0
1101 77 14370 0 0 0
1102 77 14446 0 0 0
1103 77 14455 0 0 0
1104 76 14245 0 0 0
1105 76 14263 0 0 0
1106 77 14378 0 0 0
1107 78 14490 0 0 0
1108 78 14469 0 0 0
1109 78 14437 0 0 0
1110 78 14397 0 0 0
1111 78 14359 0 0 0
1112 79 14461 0 0 0
1113 79 14379 0 0 0
1114 80 14380 0 0 0
1115 81 14456 0 0 0
1116 81 14455 0 0 0
1117 81 14476 0 0 0
1118 81 14477 0 0 0
1119 81 14455 0 0 0
1120 81 14324 0 0 0
1121 83 14456 0 0 0
1122 84 14469 0 0 0
1123 84 14361 0 0 0
1124 84 14283 0 0 0
1125 85 14467 0 0 0
1126 85 14527 0 0 0
1127 83 14282 0 0 0
1128 84 14457 0 0 0
1129 84 14441 0 0 0
1130 84 14416 0 0 0
1131 84 14418 0 0 0
1132 84 14467 0 0 0
1133 82 14291 0 0 0
1134 82 14388 0 0 0
1135 82 14505 0 0 0
1136 82 14449 0 0 0
1137 82 14345 0 0 0
1138 82 14309 0 0 0
1139 83 14455 0 0 0
1140 82 14284 0 0 0
1141 82 14279 0 0 0
1142 82 14317 0 0 0
1143 82 14327 0 0 0
1144 82 14387 0 0 0
1145 82 14412 0 0 0
1146 82 14474 0 0 0
1147 82 14428 0 0 0
1148 81 14393 0 0 0
1149 81 14465 0 0 0
1150 81 14468 0 0 0
1151 81 14462 0 0 0
1152 82 14563 0 0 0
1153 81 14408 0 0 0
1154 81 14425 0 0 0
1155 81 14496 0 0 0
1156 80 14310 0 0 0
1157 82 14507 0 0 0
1158 81 14290 0 0 0
1159 81 14359 0 0 0
1160 81 14348 0 0 0
1161 81 14467 0 0 0
1162 80 14302 0 0 0
1163 79 14253 0 0 0
1164 79 14339 0 0 0
1165 79 14414 0 0 0
1166 79 14425 0 0 0
1167 79 14347 0 0 0
1168 80 14453 0 0 0
1169 79 14366 0 0 0
1170 80 14481 0 0 0
1171 80 14333 0 0 0
1172 82 14535 0 0 0
1173 82 14365 0 0 0
1174 83 14492 0 0 0
1175 83 14504 0 0 0
1176 82 14307 0 0 0
1177 83 14430 0 0 0
1178 83 14435 0 0 0
1179 83 14453 0 0 0
1180 82 14315 0 0 0
1181 82 14439 0 0 0
1182 81 14299 0 0 0
1183 81 14348 0 0 0
1184 80 14375 0 0 0
1185 79 14306 0 0 0
1186 79 14346 0 0 0
1187 80 14401 0 0 0
1188 80 14402 0 0 0
1189 80 14404 0 0 0
1190 80 14407 0 0 0
1191 79 14241 0 0 0
1192 80 14505 0 0 0
1193 79 14301 0 0 0
1194 80 14558 0 0 0
1195 79 14456 0 0 0
1196 79 14426 0 0 0
1197 79 14389 0 0 0
1198 79 14462 0 0 0
1199 79 14400 0 0 0
1200 80 14529 0 0 0
1201 79 14411 0 0 0
1202 79 14425 0 0 0
1203 79 14481 0 0 0
1204 79 14356 0 0 0
1205 79 14415 0 0 0
1206 78 14255 0 0 0
1207 79 14486 0 0 0
1208 78 14311 0 0 0
1209 79 14488 0 0 0
1210 78 14279 0 0 0
1211 78 14350 0 0 0
1212 78 14352 0 0 0
1213 79 14446 0 0 0
1214 78 14247 0 0 0
1215 79 14393 0 0 0
1216 79 14475 0 0 0
1217 79 14401 0 0 0
1218 80 14516 0 0 0
1219 79 14299 0 0 0
1220 80 14452 0 0 0
1221 79 14343 0 0 0
1222 80 14494 0 0 0
1223 80 14449 0 0 0
1224 80 14438 0 0 0
1225 80 14428 0 0 0
1226 80 14399 0 0 0
1227 80 14366 0 0 0
1228 80 14346 0 0 0
1229 80 14340 0 0 0
1230 80 14317 0 0 0
1231 81 14411 0 0 0
1232 81 14398 0 0 0
1233 81 14388 0 0 0
1234 81 14436 0 0 0
1235 80 14374 0 0 0
1236 80 14368 0 0 0
1237 80 14287 0 0 0
1238 82 14513 0 0 0
1239 82 14429 0 0 0
1240 82 14451 0 0 0
1241 83 14564 0 0 0
1242 82 14409 0 0 0
1243 82 14490 0 0 0
1244 82 14423 0 0 0
1245 83 14449 0 0 0
1246 83 14287 0 0 0
1247 84 14349 0 0 0
1248 84 14370 0 0 0
1249 84 14443 0 0 0
1250 83 14398 0 0 0
1251 82 14330 0 0 0
1252 83 14419 0 0 0
1253 83 14404 0 0 0
1254 84 14501 0 0 0
1255 83 14280 0 0 0
1256 83 14330 0 0 0
1257 83 14483 0 0 0
1258 82 14454 0 0 0
1259 81 14391 0 0 0
1260 81 14473 0 0 0
1261 80 14306 0 0 0
1262 80 14348 0 0 0
1263 81 14555 0 0 0
1264 79 14295 0 0 0
1265 78 14359 0 0 0
1266 77 14312 0 0 0
1267 77 14379 0 0 0
1268 78 14479 0 0 0
1269 77 14235 0 0 0
1270 78 14420 0 0 0
1271 78 14467 0 0 0
1272 77 14317 0 0 0
1273 77 14389 0 0 0
1274 77 14424 0 0 0
1275 76 14257 0 0 0
1276 77 14493 0 0 0
1277 77 14300 0 0 0
1278 78 14437 0 0 0
1279 78 14395 0 0 0
1280 77 14395 0 0 0
1281 77 14457 0 0 0
1282 76 14337 0 0 0
1283 76 14331 0 0 0
1284 76 14328 0 0 0
1285 77 14513 0 0 0
1286 76 14332 0 0 0
1287 77 14529 0 0 0
1288 76 14278 0 0 0
1289 77 14543 0 0 0
1290 76 14340 0 0 0
1291 77 14560 0 0 0
1292 76 14343 0 0 0
1293 77 14471 0 0 0
1294 77 14455 0 0 0
1295 77 14387 0 0 0
1296 78 14522 0 0 0
1297 78 14463 0 0 0
1298 78 14423 0 0 0
1299 79 14413 0 0 0
1300 79 14381 0 0 0
1301 79 14294 0 0 0
1302 79 14357 0 0 0
1303 79 14370 0 0 0
1304 79 14359 0 0 0
1305 79 14405 0 0 0
1306 79 14356 0 0 0
1307 80 14526 0 0 0
1308 79 14340 0 0 0
1309 79 14406 0 0 0
1310 79 14437 0 0 0
1311 77 14254 0 0 0
1312 78 14487 0 0 0
1313 78 14466 0 0 0
1314 79 14469 0 0 0
1315 79 14353 0 0 0
1316 80 14481 0 0 0
1317 79 14294 0 0 0
1318 80 14467 0 0 0
1319 79 14307 0 0 0
1320 80 14524 0 0 0
1321 79 14277 0 0 0
1322 80 14425 0 0 0
1323 80 14393 0 0 0
1324 80 14364 0 0 0
1325 80 14419 0 0 0
1326 79 14417 0 0 0
1327 79 14482 0 0 0
1328 78 14342 0 0 0
1329 79 14495 0 0 0
1330 79 14435 0 0 0
1331 79 14379 0 0 0
1332 79 14292 0 0 0
1333 80 14468 0 0 0
1334 79 14286 0 0 0
1335 80 14463 0 0 0
1336 80 14466 0 0 0
1337 80 14415 0 0 0
1338 81 14474 0 0 0
1339 80 14246 0 0 0
1340 81 14396 0 0 0
1341 81 14404 0 0 0
1342 80 14338 0 0 0
1343 80 14424 0 0 0
1344 79 14342 0 0 0
1345 79 14403 0 0 0
1346 79 14435 0 0 0
1347 78 14367 0 0 0
1348 77 14265 0 0 0
1349 77 14249 0 0 0
1350 78 14366 0 0 0
1351 78 14378 0 0 0
1352 78 14414 0 0 0
1353 78 14392 0 0 0
1354 78 14337 0 0 0
1355 79 14528 0 0 0
1356 79 14545 0 0 0
1357 78 14362 0 0 0
1358 78 14395 0 0 0
1359 79 14527 0 0 0
1360 79 14536 0 0 0
1361 78 14399 0 0 0
1362 77 14401 0 0 0
1363 77 14496 0 0 0
1364 76 14402 0 0 0
1365 75 14323 0 0 0
1366 75 14389 0 0 0
1367 75 14379 0 0 0
1368 75 14353 0 0 0
1369 75 14372 0 0 0
1370 76 14535 0 0 0
1371 75 14339 0 0 0
1372 75 14278 0 0 0
1373 76 14491 0 0 0
1374 75 14327 0 0 0
1375 75 14333 0 0 0
1376 75 14303 0 0 0
1377 76 14503 0 0 0
1378 76 14480 0 0 0
1379 76 14414 0 0 0
1380 76 14385 0 0 0
1381 77 14498 0 0 0
1382 77 14314 0 0 0
1383 78 14374 0 0 0
1384 78 14374 0 0 0
1385 78 14404 0 0 0
1386 78 14373 0 0 0
1387 79 14492 0 0 0
1388 79 14464 0 0 0
1389 79 14398 0 0 0
1390 79 14399 0 0 0
1391 78 14270 0 0 0
1392 79 14469 0 0 0
1393 78 14297 0 0 0
1394 78 14467 0 0 0
1395 77 14377 0 0 0
1396 77 14439 0 0 0
1397 77 14425 0 0 0
1398 77 14437 0 0 0
1399 76 14291 0 0 0
1400 77 14482 0 0 0
1401 76 14341 0 0 0
1402 76 14335 0 0 0
1403 76 14353 0 0 0
1404 76 14355 0 0 0
1405 76 14395 0 0 0
1406 75 14234 0 0 0
1407 76 14468 0 0 0
1408 76 14435 0 0 0
1409 76 14431 0 0 0
1410 76 14434 0 0 0
1411 77 14542 0 0 0
1412 77 14384 0 0 0
1413 78 14476 0 0 0
1414 78 14380 0 0 0
1415 79 14490 0 0 0
1416 79 14447 0 0 0
1417 79 14475 0 0 0
1418 79 14435 0 0 0
1419 79 14403 0 0 0
1420 79 14400 0 0 0
1421 78 14221 0 0 0
1422 79 14417 0 0 0
1423 78 14329 0 0 0
1424 77 14264 0 0 0
1425 77 14372 0 0 0
1426 77 14460 0 0 0
1427 76 14371 0 0 0
1428 76 14415 0 0 0
1429 76 14395 0 0 0
1430 76 14437 0 0 0
1431 75 14296 0 0 0
1432 75 14353 0 0 0
1433 76 14564 0 0 0
1434 75 14350 0 0 0
1435 76 14467 0 0 0
1436 76 14475 0 0 0
1437 76 14377 0 0 0
1438 77 14451 0 0 0
1439 78 14449 0 0 0
1440 78 14314 0 0 0
1441 79 14362 0 0 0
1442 80 14363 0 0 0
1443 82 14528 0 0 0
1444 83 14421 0 0 0
1445 84 14347 0 0 0
1446 85 14367 0 0 0
1447 85 14277 0 0 0
1448 86 14369 0 0 0
1449 86 14297 0 0 0
1450 87 14404 0 0 0
1451 87 14376 0 0 0
1452 87 14389 0 0 0
1453 87 14346 0 0 0
1454 88 14518 0 0 0
1455 87 14366 0 0 0
1456 87 14463 0 0 0
1457 86 14393 0 0 0
1458 86 14474 0 0 0
1459 86 14518 0 0 0
1460 85 14395 0 0 0
1461 85 14413 0 0 0
1462 84 14346 0 0 0
1463 84 14402 0 0 0
1464 84 14466 0 0 0
1465 84 14527 0 0 0
1466 82 14305 0 0 0
1467 82 14419 0 0 0
1468 81 14330 0 0 0
1469 81 14450 0 0 0
1470 80 14353 0 0 0
1471 80 14425 0 0 0
1472 80 14476 0 0 0
1473 79 14395 0 0 0
1474 78 14380 0 0 0
1475 77 14336 0 0 0
1476 76 14253 0 0 0
1477 76 14417 0 0 0
1478 76 14528 0 0 0
1479 75 14368 0 0 0
1480 75 14410 0 0 0
1481 75 14380 0 0 0
1482 76 14441 0 0 0
1483 76 14401 0 0 0
1484 76 14393 0 0 0
1485 76 14444 0 0 0
1486 76 14393 0 0 0
1487 76 14454 0 0 0
1488 76 14395 0 0 0
1489 75 14244 0 0 0
1490 76 14338 0 0 0
1491 76 14293 0 0 0
1492 77 14426 0 0 0
1493 76 14273 0 0 0
1494 76 14394 0 0 0
1495 75 14244 0 0 0
1496 76 14469 0 0 0
1497 76 14399 0 0 0
1498 77 14511 0 0 0
1499 77 14413 0 0 0
1500 77 14431 0 0 0
1501 77 14404 0 0 0
1502 77 14324 0 0 0
1503 78 14554 0 0 0
1504 77 14382 0 0 0
1505 78 14528 0 0 0
1506 77 14301 0 0 0
1507 78 14450 0 0 0
1508 78 14308 0 0 0
1509 79 14441 0 0 0
1510 79 14401 0 0 0
1511 79 14451 0 0 0
1512 79 14466 0 0 0
1513 79 14432 0 0 0
1514 79 14523 0 0 0
1515 78 14340 0 0 0
1516 78 14382 0 0 0
1517 78 14451 0 0 0
1518 78 14538 0 0 0
1519 77 14345 0 0 0
1520 77 14504 0 0 0
1521 76 14363 0 0 0
1522 75 14339 0 0 0
1523 75 14399 0 0 0
1524 75 14387 0 0 0
1525 75 14417 0 0 0
1526 74 14250 0 0 0
1527 74 14294 0 0 0
1528 75 14450 0 0 0
1529 74 14305 0 0 0
1530 74 14308 0 0 0
1531 74 14375 0 0 0
1532 74 14355 0 0 0
1533 74 14375 0 0 0
1534 75 14446 0 0 0
1535 75 14300 0 0 0
1536 76 14474 0 0 0
1537 76 14342 0 0 0
1538 77 14491 0 0 0
1539 78 14498 0 0 0
1540 78 14418 0 0 0
1541 79 14447 0 0 0
1542 79 14388 0 0 0
1543 79 14428 0 0 0
1544 79 14396 0 0 0
1545 80 14487 0 0 0
1546 79 14288 0 0 0
1547 80 14388 0 0 0
1548 80 14300 0 0 0
1549 81 14519 0 0 0
1550 81 14454 0 0 0
1551 81 14445 0 0 0
1552 81 14468 0 0 0
1553 80 14331 0 0 0
1554 81 14497 0 0 0
1555 81 14436 0 0 0
1556 81 14436 0 0 0
1557 80 14345 0 0 0
1558 81 14519 0 0 0
1559 80 14506 0 0 0
