block n60 sum_rr60 hold drowsy
0 2 301 1 0
1 9 1568 1 0
2 16 2769 1 0
3 23 4028 1 0
4 29 5160 1 0
5 36 6411 1 0
6 42 7603 1 0
7 48 8788 1 0
8 54 9977 1 0
9 60 11178 1 0
10 66 12348 1 0
11 72 13483 1 0
12 77 14491 1 0
13 76 14402 1 0
14 75 14352 1 0
15 74 14252 1 0
16 74 14241 1 0
17 73 14130 1 0
18 74 14274 1 0
19 74 14299 1 0
20 74 14278 1 0
21 74 14213 1 0
22 74 14223 1 0
23 74 14287 1 0
24 73 14140 1 0
25 74 14321 1 0
26 74 14360 1 0
27 74 14380 1 0
28 74 14480 1 0
29 74 14552 1 0
30 73 14397 1 0
31 73 14411 1 0
32 72 14265 1 0
33 72 14364 1 0
34 72 14378 1 0
35 72 14374 1 0
36 73 14557 0 0
37 71 14224 0 0
38 71 14261 0 0
39 71 14279 0 0
40 72 14422 0 0
41 72 14377 0 0
42 72 14378 0 0
43 72 14350 0 0
44 73 14505 0 0
45 73 14447 0 0
46 73 14400 0 0
47 74 14538 0 0
48 73 14315 0 0
49 75 14577 0 0
50 75 14478 0 0
51 75 14411 0 0
52 74 14222 0 0
53 74 14245 0 0
54 74 14269 0 0
55 74 14304 0 0
56 74 14320 0 0
57 75 14493 0 0
58 75 14511 0 0
59 74 14374 0 0
60 74 14395 0 0
61 73 14288 0 0
62 73 14332 0 0
63 73 14362 0 0
64 74 14549 0 0
65 74 14494 0 0
66 74 14462 0 0
67 74 14430 0 0
68 74 14418 0 0
69 73 14236 0 0
70 74 14437 0 0
71 74 14410 0 0
72 74 14428 0 0
73 74 14377 0 0
74 74 14365 0 0
75 75 14556 0 0
76 74 14311 0 0
77 74 14318 0 0
78 75 14437 0 0
79 75 14356 0 0
80 76 14472 0 0
81 76 14432 0 0
82 76 14381 0 0
83 76 14342 0 0
84 77 14395 0 0
85 78 14475 0 0
86 79 14561 0 0
87 78 14331 0 0
88 78 14362 0 0
89 79 14504 0 0
90 79 14478 0 0
91 79 14470 0 0
92 79 14429 0 0
93 79 14397 0 0
94 79 14385 0 0
95 79 14372 0 0
96 79 14441 0 0
97 78 14344 0 0
98 77 14243 0 0
99 78 14487 0 0
100 78 14448 0 0
101 78 14439 0 0
102 77 14332 0 0
103 77 14334 0 0
104 77 14359 0 0
105 77 14399 0 0
106 77 14430 0 0
107 77 14487 0 0
108 76 14353 0 0
109 76 14411 0 0
110 76 14435 0 0
111 75 14234 0 0
112 76 14459 0 0
113 75 14347 0 0
114 75 14346 0 0
115 75 14434 0 0
116 74 14300 0 0
117 74 14361 0 0
118 73 14208 0 0
119 73 14228 0 0
120 73 14196 0 0
121 74 14404 0 0
122 74 14344 0 0
123 74 14334 0 0
124 73 14052 0 0
125 74 14158 0 0
126 74 14112 0 0
127 75 14244 0 0
128 76 14273 0 0
129 77 14307 0 0
130 78 14361 0 0
131 78 14277 0 0
132 78 14305 0 0
133 77 14129 0 0
134 77 14204 0 0
135 77 14223 0 0
136 78 14544 0 0
137 77 14451 0 0
138 77 14500 0 0
139 76 14360 0 0
140 75 14282 0 0
141 75 14424 0 0
142 74 14312 0 0
143 74 14374 0 0
144 74 14381 0 0
145 75 14491 0 0
146 75 14437 0 0
147 76 14547 0 0
148 74 14154 0 0
149 74 14101 0 0
150 74 14070 0 0
151 75 14162 0 0
152 75 14116 0 0
153 75 13965 0 0
154 76 14029 0 0
155 76 13946 0 0
156 77 14120 0 0
157 76 13923 0 0
158 77 14084 0 0
159 76 13981 0 0
160 77 14136 0 0
161 77 14192 0 0
162 77 14229 0 0
163 76 14121 0 0
164 76 14264 0 0
165 75 14232 0 0
166 74 14249 0 0
167 74 14355 0 0
168 74 14403 0 0
169 74 14485 0 0
170 72 14227 0 0
171 72 14263 0 0
172 72 14332 0 0
173 72 14362 0 0
174 72 14408 0 0
175 72 14450 0 0
176 72 14468 0 0
177 72 14473 0 0
178 72 14453 0 0
179 72 14394 0 0
180 71 14206 0 0
181 72 14256 0 0
182 73 14338 0 0
183 74 14330 0 0
184 75 14391 0 0
185 75 14272 0 0
186 76 14355 0 0
187 76 14271 0 0
188 77 14327 0 0
189 78 14359 0 0
190 78 14279 0 0
191 79 14296 0 0
192 79 14233 0 0
193 78 14207 0 0
194 77 14094 0 0
195 77 14240 0 0
196 76 14150 0 0
197 75 14076 0 0
198 74 13913 0 0
199 74 13972 0 0
200 73 13886 0 0
201 72 13854 0 0
202 72 13953 0 0
203 71 13905 0 0
204 72 14145 0 0
205 72 14057 0 0
206 73 14228 0 0
207 73 14164 0 0
208 73 14106 0 0
209 75 14389 0 0
210 75 14397 0 0
211 75 14376 0 0
212 75 14351 0 0
213 75 14401 0 0
214 75 14252 0 0
215 76 14440 0 0
216 75 14153 0 0
217 75 14195 0 0
218 75 14194 0 0
219 75 14275 0 0
220 75 14332 0 0
221 74 14191 0 0
222 74 14261 0 0
223 74 14186 0 0
224 74 14251 0 0
225 74 14199 0 0
226 74 14335 0 0
227 73 14176 0 0
228 74 14349 0 0
229 74 14294 0 0
230 75 14462 0 0
231 74 14220 0 0
232 74 14198 0 0
233 75 14327 0 0
234 76 14344 0 0
235 76 14381 0 0
236 76 14269 0 0
237 77 14370 0 0
238 78 14402 0 0
239 79 14522 0 0
240 78 14337 0 0
241 79 14495 0 0
242 78 14235 0 0
243 79 14475 0 0
244 79 14468 0 0
245 79 14396 0 0
246 79 14339 0 0
247 79 14303 0 0
248 80 14508 0 0
249 79 14308 0 0
250 79 14292 0 0
251 79 14356 0 0
252 79 14442 0 0
253 78 14330 0 0
254 78 14439 0 0
255 77 14252 0 0
256 77 14325 0 0
257 76 14320 0 0
258 75 14410 0 0
259 74 14262 0 0
260 74 14233 0 0
261 75 14301 0 0
262 75 14349 0 0
263 74 14146 0 0
264 74 14146 0 0
265 74 14189 0 0
266 74 14125 0 0
267 75 14269 0 0
268 75 14165 0 0
269 76 14274 0 0
270 76 14164 0 0
271 77 14338 0 0
272 77 14279 0 0
273 76 14272 0 0
274 76 14376 0 0
275 76 14437 0 0
276 76 14441 0 0
277 76 14413 0 0
278 76 14418 0 0
279 76 14429 0 0
280 76 14480 0 0
281 75 14303 0 0
282 75 14273 0 0
283 75 14362 0 0
284 75 14499 0 0
285 75 14538 0 0
286 73 14241 0 0
287 73 14252 0 0
288 73 14307 0 0
289 73 14339 0 0
290 73 14433 0 0
291 72 14265 0 0
292 72 14347 0 0
293 73 14472 0 0
294 73 14459 0 0
295 74 14568 0 0
296 73 14331 0 0
297 73 14325 0 0
298 74 14472 0 0
299 74 14483 0 0
300 74 14465 0 0
301 74 14394 0 0
302 75 14462 0 0
303 75 14417 0 0
304 76 14440 0 0
305 76 14297 0 0
306 78 14460 0 0
307 78 14341 0 0
308 78 14337 0 0
309 79 14492 0 0
310 79 14421 0 0
311 79 14363 0 0
312 80 14416 0 0
313 81 14516 0 0
314 80 14330 0 0
315 81 14482 0 0
316 80 14355 0 0
317 79 14392 0 0
318 77 14316 0 0
319 76 14324 0 0
320 77 14525 0 0
321 76 14375 0 0
322 76 14391 0 0
323 76 14443 0 0
324 75 14330 0 0
325 74 14258 0 0
326 74 14339 0 0
327 73 14161 0 0
328 73 14231 0 0
329 73 14237 0 0
330 73 14252 0 0
331 74 14427 0 0
332 73 14210 0 0
333 73 14226 0 0
334 73 14214 0 0
335 73 14217 0 0
336 73 14305 0 0
337 73 14325 0 0
338 73 14364 0 0
339 73 14469 0 0
340 73 14440 0 0
341 74 14551 0 0
342 74 14431 0 0
343 73 14211 0 0
344 74 14415 0 0
345 74 14353 0 0
346 74 14363 0 0
347 74 14358 0 0
348 75 14430 0 0
349 75 14403 0 0
350 76 14444 0 0
351 77 14451 0 0
352 77 14392 0 0
353 77 14333 0 0
354 78 14430 0 0
355 78 14452 0 0
356 77 14357 0 0
357 77 14448 0 0
358 77 14435 0 0
359 78 14529 0 0
360 77 14342 0 0
361 78 14517 0 0
362 78 14407 0 0
363 79 14382 0 0
364 81 14529 0 0
365 80 14369 0 0
366 80 14481 0 0
367 80 14379 0 0
368 81 14365 0 0
369 82 14327 0 0
370 82 14403 0 0
371 81 14267 0 0
372 82 14309 0 0
373 82 14131 0 0
374 81 14069 0 0
375 79 14092 0 0
376 77 14042 0 0
377 78 14291 0 0
378 77 14094 0 0
379 78 14345 0 0
380 77 14264 0 0
381 76 14219 0 0
382 77 14333 0 0
383 77 14350 0 0
384 76 14356 0 0
385 75 14368 0 0
386 76 14585 0 0
387 76 14550 0 0
388 76 14435 0 0
389 76 14448 0 0
390 76 14535 0 0
391 75 14245 0 0
392 76 14485 0 0
393 76 14500 0 0
394 75 14347 0 0
395 75 14344 0 0
396 75 14408 0 0
397 75 14449 0 0
398 74 14331 0 0
399 74 14335 0 0
400 74 14391 0 0
401 74 14354 0 0
402 74 14217 0 0
403 75 14339 0 0
404 74 14148 0 0
405 74 14185 0 0
406 74 14217 0 0
407 74 14233 0 0
408 75 14363 0 0
409 75 14349 0 0
410 75 14314 0 0
411 75 14335 0 0
412 75 14413 0 0
413 74 14323 0 0
414 74 14448 0 0
415 73 14471 0 0
416 73 14520 0 0
417 73 14503 0 0
418 73 14472 0 0
419 73 14497 0 0
420 72 14305 0 0
421 72 14248 0 0
422 73 14444 0 0
423 73 14393 0 0
424 73 14307 0 0
425 73 14268 0 0
426 74 14363 0 0
427 74 14397 0 0
428 74 14339 0 0
429 74 14334 0 0
430 74 14447 0 0
431 73 14313 0 0
432 73 14397 0 0
433 73 14472 0 0
434 73 14420 0 0
435 73 14418 0 0
436 73 14393 0 0
437 73 14387 0 0
438 73 14445 0 0
439 73 14371 0 0
440 74 14494 0 0
441 74 14374 0 0
442 74 14249 0 0
443 76 14531 0 0
444 76 14418 0 0
445 76 14318 0 0
446 76 14335 0 0
447 76 14320 0 0
448 77 14498 0 0
449 77 14504 0 0
450 76 14356 0 0
451 76 14422 0 0
452 75 14332 0 0
453 75 14426 0 0
454 75 14412 0 0
455 75 14411 0 0
456 75 14459 0 0
457 75 14454 0 0
458 75 14457 0 0
459 75 14467 0 0
460 74 14383 0 0
461 74 14434 0 0
462 74 14457 0 0
463 74 14429 0 0
464 74 14444 0 0
465 74 14436 0 0
466 74 14412 0 0
467 74 14357 0 0
468 75 14422 0 0
469 75 14470 0 0
470 74 14285 0 0
471 74 14317 0 0
472 75 14433 0 0
473 75 14364 0 0
474 75 14348 0 0
475 75 14311 0 0
476 75 14252 0 0
477 76 14451 0 0
478 76 14486 0 0
479 75 14303 0 0
480 75 14407 0 0
481 75 14427 0 0
482 75 14489 0 0
483 74 14381 0 0
484 73 14258 0 0
485 73 14346 0 0
486 73 14311 0 0
487 73 14318 0 0
488 73 14369 0 0
489 72 14265 0 0
490 72 14228 0 0
491 72 14261 0 0
492 72 14166 0 0
493 72 14119 0 0
494 73 14182 0 0
495 74 14309 0 0
496 74 14363 0 0
497 74 14365 0 0
498 74 14363 0 0
499 74 14309 0 0
500 75 14386 0 0
501 75 14242 0 0
502 76 14480 0 0
503 76 14416 0 0
504 75 14342 0 0
505 75 14400 0 0
506 74 14339 0 0
507 74 14363 0 0
508 74 14278 0 0
509 75 14435 0 0
510 75 14391 0 0
511 77 14493 0 0
512 78 14413 0 0
513 79 14375 0 0
514 80 14310 0 0
515 80 14409 0 0
516 80 14356 0 0
517 81 14502 0 0
518 82 14457 0 0
519 83 14431 0 0
520 84 14493 0 0
521 84 14264 0 0
522 85 14388 0 0
523 83 14321 0 0
524 81 14298 0 0
525 80 14357 0 0
526 79 14398 0 0
527 79 14360 0 0
528 80 14539 0 0
529 79 14306 0 0
530 79 14407 0 0
531 78 14328 0 0
532 77 14232 0 0
533 76 14270 0 0
534 75 14238 0 0
535 76 14437 0 0
536 77 14486 0 0
537 78 14518 0 0
538 79 14400 0 0
539 79 14344 0 0
540 78 14230 0 0
541 78 14356 0 0
542 77 14349 0 0
543 77 14445 0 0
544 77 14477 0 0
545 77 14472 0 0
546 77 14440 0 0
547 76 14264 0 0
548 76 14337 0 0
549 77 14457 0 0
550 76 14382 0 0
551 76 14471 0 0
552 76 14562 0 0
553 76 14492 0 0
554 76 14357 0 0
555 76 14298 0 0
556 77 14415 0 0
557 77 14394 0 0
558 78 14529 0 0
559 78 14516 0 0
560 77 14307 0 0
561 76 14365 0 0
562 75 14336 0 0
563 76 14368 0 0
564 77 14297 0 0
565 78 14450 0 0
566 78 14514 0 0
567 78 14483 0 0
568 77 14319 0 0
569 78 14407 0 0
570 79 14379 0 0
571 79 14368 0 0
572 80 14453 0 0
573 79 14292 0 0
574 79 14388 0 0
575 78 14357 0 0
576 79 14515 0 0
577 78 14335 0 0
578 78 14407 0 0
579 78 14480 0 0
580 77 14388 0 0
581 76 14334 0 0
582 74 14308 0 0
583 74 14384 0 0
584 73 14398 0 0
585 73 14463 0 0
586 73 14488 0 0
587 72 14389 0 0
588 70 14288 0 0
589 70 14371 0 0
590 70 14278 0 0
591 70 14272 0 0
592 71 14427 0 0
593 71 14453 0 0
594 71 14409 0 0
595 71 14423 0 0
596 71 14457 0 0
597 71 14401 0 0
598 71 14366 0 0
599 72 14420 0 0
600 73 14480 0 0
601 73 14389 0 0
602 75 14507 0 0
603 77 14519 0 0
604 79 14453 0 0
605 81 14426 0 0
606 82 14433 0 0
607 82 14332 0 0
608 84 14409 0 0
609 86 14453 0 0
610 87 14438 0 0
611 88 14507 0 0
612 87 14338 0 0
613 87 14319 0 0
614 85 14246 0 0
615 83 14260 0 0
616 81 14319 0 0
617 79 14340 0 0
618 78 14392 0 0
619 78 14505 0 0
620 76 14412 0 0
621 74 14350 0 0
622 73 14351 0 0
623 72 14328 0 0
624 72 14422 0 0
625 72 14486 0 0
626 72 14530 0 0
627 72 14525 0 0
628 72 14540 0 0
629 72 14549 0 0
630 72 14454 0 0
631 72 14449 0 0
632 72 14420 0 0
633 71 14286 0 0
634 72 14470 0 0
635 72 14489 0 0
636 72 14465 0 0
637 72 14481 0 0
638 71 14279 0 0
639 71 14293 0 0
640 71 14327 0 0
641 71 14270 0 0
642 72 14365 0 0
643 72 14284 0 0
644 73 14408 0 0
645 74 14550 0 0
646 73 14359 0 0
647 73 14348 0 0
648 73 14285 0 0
649 74 14410 0 0
650 74 14393 0 0
651 74 14389 0 0
652 74 14350 0 0
653 74 14365 0 0
654 73 14284 0 0
655 73 14329 0 0
656 72 14221 0 0
657 73 14421 0 0
658 73 14387 0 0
659 73 14398 0 0
660 73 14418 0 0
661 72 14269 0 0
662 73 14408 0 0
663 74 14546 0 0
664 74 14536 0 0
665 74 14560 0 0
666 74 14466 0 0
667 74 14462 0 0
668 74 14448 0 0
669 73 14293 0 0
670 73 14356 0 0
671 73 14383 0 0
672 73 14398 0 0
673 73 14452 0 0
674 73 14461 0 0
675 72 14292 0 0
676 72 14269 0 0
677 73 14368 0 0
678 73 14378 0 0
679 74 14380 0 0
680 75 14480 0 0
681 75 14392 0 0
682 75 14349 0 0
683 75 14337 0 0
684 75 14355 0 0
685 76 14432 0 0
686 76 14401 0 0
687 76 14388 0 0
688 77 14548 0 0
689 76 14312 0 0
690 76 14371 0 0
691 76 14422 0 0
692 75 14271 0 0
693 75 14358 0 0
694 75 14377 0 0
695 75 14373 0 0
696 75 14374 0 0
697 75 14434 0 0
698 75 14440 0 0
699 75 14421 0 0
700 75 14237 0 0
701 76 14484 0 0
702 76 14513 0 0
703 75 14353 0 0
704 75 14455 0 0
705 75 14449 0 0
706 75 14443 0 0
707 75 14429 0 0
708 75 14388 0 0
709 75 14330 0 0
710 75 14367 0 0
711 76 14441 0 0
712 75 14520 0 0
713 74 14368 0 0
714 74 14330 0 0
715 74 14423 0 0
716 74 14377 0 0
717 75 14500 0 0
718 74 14353 0 0
719 74 14409 0 0
720 74 14411 0 0
721 73 14326 0 0
722 74 14485 0 0
723 73 14441 0 0
724 73 14434 0 0
725 72 14321 0 0
726 73 14438 0 0
727 73 14389 0 0
728 74 14541 0 0
729 73 14393 0 0
730 74 14587 0 0
731 74 14496 0 0
732 73 14398 0 0
733 73 14446 0 0
734 72 14273 0 0
735 72 14270 0 0
736 72 14288 0 0
737 73 14437 0 0
738 72 14349 0 0
739 73 14560 0 0
740 72 14415 0 0
741 71 14258 0 0
742 72 14409 0 0
743 72 14383 0 0
744 73 14471 0 0
745 74 14444 0 0
746 74 14431 0 0
747 74 14426 0 0
748 74 14380 0 0
749 75 14485 0 0
750 75 14441 0 0
751 74 14242 0 0
752 75 14334 0 0
753 76 14435 0 0
754 76 14340 0 0
755 76 14358 0 0
756 76 14378 0 0
757 75 14317 0 0
758 75 14324 0 0
759 75 14377 0 0
760 75 14479 0 0
761 73 14265 0 0
762 73 14320 0 0
763 74 14540 0 0
764 73 14376 0 0
765 73 14389 0 0
766 72 14323 0 0
767 72 14375 0 0
768 72 14443 0 0
769 72 14420 0 0
770 73 14583 0 0
771 73 14552 0 0
772 73 14377 0 0
773 74 14503 0 0
774 75 14573 0 0
775 75 14371 0 0
776 76 14376 0 0
777 77 14454 0 0
778 77 14361 0 0
779 78 14434 0 0
780 79 14429 0 0
781 79 14402 0 0
782 78 14243 0 0
783 79 14383 0 0
784 79 14400 0 0
785 79 14331 0 0
786 79 14403 0 0
787 79 14400 0 0
788 79 14405 0 0
789 80 14503 0 0
790 80 14458 0 0
791 79 14342 0 0
792 79 14432 0 0
793 80 14499 0 0
794 80 14391 0 0
795 80 14374 0 0
796 80 14430 0 0
797 80 14449 0 0
798 79 14332 0 0
799 78 14387 0 0
800 77 14446 0 0
801 75 14337 0 0
802 75 14360 0 0
803 75 14396 0 0
804 74 14269 0 0
805 73 14259 0 0
806 73 14415 0 0
807 72 14330 0 0
808 73 14460 0 0
809 73 14452 0 0
810 73 14453 0 0
811 73 14463 0 0
812 73 14463 0 0
813 73 14374 0 0
814 73 14436 0 0
815 73 14413 0 0
816 74 14559 0 0
817 74 14410 0 0
818 75 14442 0 0
819 76 14395 0 0
820 76 14405 0 0
821 77 14390 0 0
822 78 14303 0 0
823 79 14304 0 0
824 79 14274 0 0
825 79 14370 0 0
826 79 14431 0 0
827 80 14542 0 0
828 79 14304 0 0
829 79 14454 0 0
830 78 14433 0 0
831 77 14504 0 0
832 75 14199 0 0
833 74 14299 0 0
834 74 14482 0 0
835 73 14435 0 0
836 73 14446 0 0
837 74 14522 0 0
838 74 14475 0 0
839 73 14390 0 0
840 73 14474 0 0
841 73 14366 0 0
842 74 14332 0 0
843 76 14298 0 0
844 79 14597 0 0
845 79 14496 0 0
846 78 14345 0 0
847 78 14435 0 0
848 78 14438 0 0
849 77 14232 0 0
850 78 14348 0 0
851 80 14420 0 0
852 81 14422 0 0
853 81 14545 0 0
854 80 14503 0 0
855 78 14441 0 0
856 76 14231 0 0
857 76 14270 0 0
858 77 14480 0 0
859 77 14330 0 0
860 77 14340 0 0
861 78 14549 0 0
862 78 14472 0 0
863 76 14389 0 0
864 75 14393 0 0
865 74 14308 0 0
866 74 14433 0 0
867 73 14341 0 0
868 73 14460 0 0
869 73 14495 0 0
870 72 14325 0 0
871 72 14476 0 0
872 71 14318 0 0
873 71 14385 0 0
874 70 14290 0 0
875 70 14248 0 0
876 70 14224 0 0
877 71 14305 0 0
878 72 14351 0 0
879 73 14429 0 0
880 74 14450 0 0
881 74 14384 0 0
882 75 14466 0 0
883 76 14389 0 0
884 77 14505 0 0
885 76 14344 0 0
886 76 14375 0 0
887 77 14525 0 0
888 77 14439 0 0
889 78 14586 0 0
890 76 14269 0 0
891 76 14333 0 0
892 75 14281 0 0
893 76 14482 0 0
894 75 14377 0 0
895 74 14359 0 0
896 74 14410 0 0
897 74 14429 0 0
898 74 14429 0 0
899 74 14332 0 0
900 75 14452 0 0
901 75 14216 0 0
902 77 14320 0 0
903 78 14266 0 0
904 80 14339 0 0
905 80 14077 0 0
906 81 14223 0 0
907 81 14263 0 0
908 81 14284 0 0
909 81 14236 0 0
910 81 14247 0 0
911 80 14200 0 0
912 79 14152 0 0
913 78 14228 0 0
914 78 14476 0 0
915 77 14504 0 0
916 75 14402 0 0
917 74 14425 0 0
918 74 14376 0 0
919 75 14422 0 0
920 76 14386 0 0
921 77 14425 0 0
922 77 14345 0 0
923 78 14430 0 0
924 79 14518 0 0
925 79 14428 0 0
926 79 14265 0 0
927 79 14263 0 0
928 80 14432 0 0
929 80 14415 0 0
930 80 14348 0 0
931 79 14229 0 0
932 79 14391 0 0
933 77 14222 0 0
934 78 14489 0 0
935 77 14399 0 0
936 76 14277 0 0
937 77 14519 0 0
938 77 14551 0 0
939 78 14567 0 0
940 77 14342 0 0
941 77 14369 0 0
942 77 14438 0 0
943 77 14518 0 0
944 76 14400 0 0
945 77 14538 0 0
946 76 14314 0 0
947 76 14396 0 0
948 76 14533 0 0
949 75 14375 0 0
950 74 14340 0 0
951 73 14355 0 0
952 73 14456 0 0
953 73 14474 0 0
954 72 14352 0 0
955 72 14296 0 0
956 72 14274 0 0
957 73 14396 0 0
958 74 14500 0 0
959 75 14471 0 0
960 77 14423 0 0
961 78 14345 0 0
962 79 14269 0 0
963 80 14263 0 0
964 81 14195 0 0
965 83 14266 0 0
966 85 14332 0 0
967 85 14299 0 0
968 85 14288 0 0
969 85 14334 0 0
970 84 14165 0 0
971 84 14335 0 0
972 82 14293 0 0
973 80 14167 0 0
974 80 14308 0 0
975 79 14184 0 0
976 79 14328 0 0
977 77 14227 0 0
978 76 14334 0 0
979 76 14377 0 0
980 76 14301 0 0
981 76 14296 0 0
982 76 14419 0 0
983 75 14085 0 0
984 76 14242 0 0
985 77 14465 0 0
986 76 14363 0 0
987 76 14456 0 0
988 75 14363 0 0
989 75 14438 0 0
990 74 14297 0 0
991 74 14353 0 0
992 74 14413 0 0
993 73 14310 0 0
994 73 14336 0 0
995 73 14483 0 0
996 72 14376 0 0
997 72 14392 0 0
998 72 14464 0 0
999 72 14379 0 0
1000 73 14434 0 0
1001 73 14393 0 0
1002 73 14406 0 0
1003 73 14365 0 0
1004 73 14443 0 0
1005 73 14456 0 0
1006 73 14464 0 0
1007 72 14310 0 0
1008 72 14294 0 0
1009 72 14319 0 0
1010 72 14257 0 0
1011 72 14352 0 0
1012 72 14466 0 0
1013 72 14527 0 0
1014 72 14514 0 0
1015 72 14499 0 0
1016 72 14389 0 0
1017 72 14299 0 0
1018 72 14283 0 0
1019 73 14474 0 0
1020 73 14418 0 0
1021 73 14359 0 0
1022 74 14534 0 0
1023 74 14556 0 0
1024 72 14228 0 0
1025 72 14210 0 0
1026 72 14251 0 0
1027 72 14272 0 0
1028 72 14307 0 0
1029 73 14472 0 0
1030 73 14433 0 0
1031 74 14513 0 0
1032 74 14468 0 0
1033 74 14440 0 0
1034 74 14355 0 0
1035 74 14321 0 0
1036 75 14436 0 0
1037 76 14548 0 0
1038 76 14467 0 0
1039 76 14449 0 0
1040 76 14469 0 0
1041 75 14319 0 0
1042 75 14317 0 0
1043 75 14369 0 0
1044 75 14407 0 0
1045 75 14474 0 0
1046 74 14423 0 0
1047 74 14504 0 0
1048 73 14366 0 0
1049 72 14308 0 0
1050 72 14355 0 0
1051 72 14411 0 0
1052 72 14366 0 0
1053 73 14380 0 0
1054 74 14465 0 0
1055 75 14423 0 0
1056 75 14315 0 0
1057 76 14381 0 0
1058 76 14292 0 0
1059 76 14215 0 0
1060 78 14551 0 0
1061 79 14486 0 0
1062 80 14437 0 0
1063 82 14500 0 0
1064 83 14463 0 0
1065 83 14434 0 0
1066 82 14416 0 0
1067 80 14302 0 0
1068 80 14420 0 0
1069 79 14318 0 0
1070 80 14521 0 0
1071 80 14548 0 0
1072 79 14364 0 0
1073 78 14370 0 0
1074 77 14398 0 0
1075 75 14256 0 0
1076 76 14431 0 0
1077 76 14460 0 0
1078 76 14331 0 0
1079 77 14436 0 0
1080 77 14497 0 0
1081 77 14532 0 0
1082 76 14369 0 0
1083 77 14435 0 0
1084 78 14430 0 0
1085 79 14472 0 0
1086 78 14295 0 0
1087 78 14407 0 0
1088 76 14368 0 0
1089 75 14378 0 0
1090 75 14500 0 0
1091 74 14371 0 0
1092 74 14346 0 0
1093 74 14321 0 0
1094 74 14356 0 0
1095 73 14312 0 0
1096 72 14257 0 0
1097 73 14325 0 0
1098 76 14520 0 0
1099 78 14511 0 0
1100 79 14407 0 0
1101 79 14298 0 0
1102 81 14412 0 0
1103 83 14497 0 0
1104 83 14459 0 0
1105 83 14470 0 0
1106 83 14435 0 0
1107 83 14389 0 0
1108 83 14420 0 0
1109 82 14418 0 0
1110 80 14361 0 0
1111 78 14258 0 0
1112 77 14294 0 0
1113 78 14572 0 0
1114 75 14270 0 0
1115 74 14396 0 0
1116 74 14435 0 0
1117 73 14273 0 0
1118 73 14373 0 0
1119 73 14448 0 0
1120 72 14370 0 0
1121 71 14360 0 0
1122 71 14489 0 0
1123 71 14511 0 0
1124 71 14553 0 0
1125 70 14322 0 0
1126 71 14540 0 0
1127 70 14377 0 0
1128 69 14224 0 0
1129 71 14484 0 0
1130 71 14457 0 0
1131 71 14383 0 0
1132 72 14553 0 0
1133 72 14445 0 0
1134 72 14283 0 0
1135 72 14273 0 0
1136 73 14362 0 0
1137 73 14493 0 0
1138 73 14448 0 0
1139 72 14269 0 0
1140 73 14453 0 0
1141 72 14338 0 0
1142 73 14353 0 0
1143 75 14372 0 0
1144 77 14323 0 0
1145 80 14441 0 0
1146 82 14539 0 0
1147 83 14531 0 0
1148 83 14321 0 0
1149 85 14398 0 0
1150 86 14242 0 0
1151 89 14433 0 0
1152 92 14519 0 0
1153 92 14389 0 0
1154 92 14352 0 0
1155 90 14310 0 0
1156 88 14311 0 0
1157 85 14242 0 0
1158 84 14363 0 0
1159 83 14282 0 0
1160 82 14393 0 0
1161 80 14290 0 0
1162 79 14496 0 0
1163 76 14319 0 0
1164 73 14268 0 0
1165 73 14373 0 0
1166 72 14431 0 0
1167 72 14513 0 0
1168 72 14591 0 0
1169 72 14570 0 0
1170 70 14273 0 0
1171 71 14568 0 0
1172 70 14380 0 0
1173 70 14375 0 0
1174 70 14359 0 0
1175 71 14476 0 0
1176 71 14399 0 0
1177 71 14435 0 0
1178 72 14489 0 0
1179 72 14313 0 0
1180 74 14374 0 0
1181 75 14341 0 0
1182 76 14450 0 0
1183 76 14383 0 0
1184 77 14551 0 0
1185 76 14355 0 0
1186 77 14462 0 0
1187 77 14496 0 0
1188 76 14319 0 0
1189 76 14309 0 0
1190 75 14144 0 0
1191 75 14277 0 0
1192 73 14148 0 0
1193 72 14174 0 0
1194 73 14356 0 0
1195 72 14193 0 0
1196 72 14161 0 0
1197 74 14414 0 0
1198 73 14219 0 0
1199 73 14122 0 0
1200 75 14417 0 0
1201 74 14292 0 0
1202 75 14502 0 0
1203 75 14468 0 0
1204 76 14483 0 0
1205 77 14511 0 0
1206 76 14356 0 0
1207 76 14346 0 0
1208 77 14509 0 0
1209 76 14258 0 0
1210 77 14412 0 0
1211 77 14435 0 0
1212 77 14439 0 0
1213 78 14496 0 0
1214 77 14322 0 0
1215 77 14309 0 0
1216 76 14276 0 0
1217 75 14244 0 0
1218 75 14285 0 0
1219 75 14375 0 0
1220 74 14228 0 0
1221 75 14433 0 0
1222 74 14299 0 0
1223 74 14351 0 0
1224 73 14276 0 0
1225 74 14391 0 0
1226 75 14487 0 0
1227 75 14441 0 0
1228 75 14391 0 0
1229 76 14516 0 0
1230 76 14463 0 0
1231 76 14403 0 0
1232 76 14452 0 0
1233 75 14398 0 0
1234 75 14442 0 0
1235 75 14460 0 0
1236 75 14504 0 0
1237 73 14347 0 0
1238 72 14260 0 0
1239 73 14457 0 0
1240 73 14549 0 0
1241 72 14391 0 0
1242 72 14452 0 0
1243 72 14459 0 0
1244 73 14493 0 0
1245 73 14431 0 0
1246 73 14359 0 0
1247 74 14400 0 0
1248 76 14330 0 0
1249 79 14503 0 0
1250 80 14465 0 0
1251 80 14385 0 0
1252 80 14316 0 0
1253 81 14449 0 0
1254 81 14299 0 0
1255 82 14363 0 0
1256 81 14238 0 0
1257 81 14312 0 0
1258 81 14284 0 0
1259 80 14214 0 0
1260 78 14267 0 0
1261 76 14239 0 0
1262 75 14244 0 0
1263 75 14300 0 0
1264 76 14296 0 0
1265 76 14148 0 0
1266 77 14323 0 0
1267 78 14383 0 0
1268 79 14375 0 0
1269 80 14340 0 0
1270 81 14460 0 0
1271 82 14559 0 0
1272 82 14459 0 0
1273 82 14344 0 0
1274 83 14451 0 0
1275 82 14347 0 0
1276 81 14305 0 0
1277 80 14328 0 0
1278 79 14248 0 0
1279 78 14274 0 0
1280 76 14154 0 0
1281 75 14121 0 0
1282 75 14219 0 0
1283 74 14135 0 0
1284 74 14137 0 0
1285 74 14258 0 0
1286 73 14118 0 0
1287 73 14089 0 0
1288 73 14178 0 0
1289 74 14347 0 0
1290 74 14407 0 0
1291 73 14276 0 0
1292 74 14484 0 0
1293 74 14524 0 0
1294 73 14391 0 0
1295 73 14360 0 0
1296 73 14336 0 0
1297 74 14442 0 0
1298 74 14453 0 0
1299 75 14540 0 0
1300 75 14405 0 0
1301 75 14363 0 0
1302 76 14372 0 0
1303 77 14403 0 0
1304 76 14191 0 0
1305 78 14263 0 0
1306 79 14248 0 0
1307 80 14296 0 0
1308 80 14261 0 0
1309 80 14238 0 0
1310 80 14214 0 0
1311 79 14146 0 0
1312 79 14184 0 0
1313 78 14045 0 0
1314 77 14007 0 0
1315 77 14105 0 0
1316 78 14309 0 0
1317 76 14198 0 0
1318 75 14159 0 0
1319 75 14258 0 0
1320 75 14305 0 0
1321 74 14172 0 0
1322 75 14386 0 0
1323 75 14371 0 0
1324 75 14412 0 0
1325 76 14535 0 0
1326 77 14451 0 0
1327 78 14432 0 0
1328 79 14434 0 0
1329 79 14458 0 0
1330 79 14439 0 0
1331 79 14445 0 0
1332 79 14414 0 0
1333 79 14369 0 0
1334 79 14366 0 0
1335 80 14443 0 0
1336 81 14400 0 0
1337 83 14434 0 0
1338 84 14530 0 0
1339 83 14344 0 0
1340 83 14362 0 0
1341 84 14443 0 0
1342 84 14451 0 0
1343 83 14295 0 0
1344 83 14427 0 0
1345 83 14537 0 0
1346 82 14328 0 0
1347 80 14113 0 0
1348 79 14269 0 0
1349 76 14179 0 0
1350 74 14158 0 0
1351 73 14234 0 0
1352 73 14360 0 0
1353 72 14256 0 0
1354 72 14315 0 0
1355 73 14404 0 0
1356 74 14361 0 0
1357 74 14217 0 0
1358 74 14294 0 0
1359 75 14430 0 0
1360 75 14372 0 0
1361 76 14510 0 0
1362 75 14334 0 0
1363 75 14314 0 0
1364 74 14143 0 0
1365 74 14091 0 0
1366 75 14124 0 0
1367 76 14211 0 0
1368 75 14055 0 0
1369 76 14283 0 0
1370 76 14246 0 0
1371 76 14294 0 0
1372 76 14306 0 0
1373 75 14184 0 0
1374 76 14253 0 0
1375 77 14443 0 0
1376 77 14411 0 0
1377 77 14458 0 0
1378 76 14369 0 0
1379 75 14258 0 0
1380 76 14552 0 0
1381 75 14392 0 0
1382 75 14338 0 0
1383 76 14400 0 0
1384 77 14353 0 0
1385 77 14241 0 0
1386 78 14532 0 0
1387 76 14230 0 0
1388 77 14445 0 0
1389 77 14517 0 0
1390 77 14515 0 0
1391 76 14397 0 0
1392 76 14373 0 0
1393 75 14174 0 0
1394 76 14341 0 0
1395 75 14235 0 0
1396 75 14384 0 0
1397 75 14415 0 0
1398 74 14206 0 0
1399 76 14413 0 0
1400 76 14195 0 0
1401 77 14270 0 0
1402 77 14299 0 0
1403 77 14348 0 0
1404 76 14206 0 0
1405 77 14450 0 0
1406 76 14375 0 0
1407 76 14382 0 0
1408 77 14349 0 0
1409 79 14411 0 0
1410 80 14437 0 0
1411 79 14313 0 0
1412 78 14351 0 0
1413 78 14307 0 0
1414 79 14436 0 0
1415 80 14448 0 0
1416 81 14384 0 0
1417 81 14356 0 0
1418 81 14338 0 0
1419 82 14487 0 0
1420 80 14407 0 0
1421 78 14388 0 0
1422 77 14463 0 0
1423 77 14509 0 0
1424 77 14425 0 0
1425 76 14388 0 0
1426 75 14268 0 0
1427 74 14302 0 0
1428 73 14354 0 0
1429 74 14533 0 0
1430 74 14463 0 0
1431 73 14365 0 0
1432 73 14366 0 0
1433 73 14368 0 0
1434 73 14321 0 0
1435 73 14321 0 0
1436 73 14482 0 0
1437 72 14336 0 0
1438 73 14542 0 0
1439 72 14376 0 0
1440 72 14440 0 0
1441 71 14293 0 0
1442 72 14488 0 0
1443 72 14432 0 0
1444 72 14397 0 0
1445 72 14346 0 0
1446 72 14327 0 0
1447 73 14492 0 0
1448 73 14377 0 0
1449 74 14436 0 0
1450 73 14226 0 0
1451 75 14436 0 0
1452 75 14390 0 0
1453 75 14281 0 0
1454 74 14206 0 0
1455 74 14245 0 0
1456 74 14277 0 0
1457 74 14294 0 0
1458 75 14447 0 0
1459 74 14209 0 0
1460 75 14330 0 0
1461 76 14470 0 0
1462 76 14381 0 0
1463 76 14388 0 0
1464 77 14475 0 0
1465 78 14504 0 0
1466 79 14542 0 0
1467 79 14413 0 0
1468 79 14500 0 0
1469 79 14457 0 0
1470 78 14295 0 0
1471 79 14415 0 0
1472 79 14452 0 0
1473 78 14328 0 0
1474 78 14366 0 0
1475 77 14330 0 0
1476 77 14372 0 0
1477 77 14452 0 0
1478 77 14366 0 0
1479 78 14536 0 0
1480 78 14327 0 0
1481 79 14445 0 0
1482 79 14457 0 0
1483 78 14416 0 0
1484 77 14329 0 0
1485 77 14322 0 0
1486 78 14520 0 0
1487 78 14414 0 0
1488 78 14301 0 0
1489 79 14295 0 0
1490 80 14329 0 0
1491 81 14380 0 0
1492 81 14369 0 0
1493 81 14427 0 0
1494 82 14426 0 0
1495 82 14337 0 0
1496 83 14352 0 0
1497 84 14505 0 0
1498 83 14351 0 0
1499 83 14462 0 0
