block n60 sum_rr60 hold drowsy
0 4 701 1 0
1 10 1805 1 0
2 17 3076 1 0
3 24 4234 1 0
4 31 5395 1 0
5 39 6707 1 0
6 46 7880 1 0
7 52 8982 1 0
8 60 10327 1 0
9 67 11489 1 0
10 73 12617 1 0
11 79 13768 1 0
12 82 14399 1 0
13 82 14391 1 0
14 82 14425 1 0
15 82 14501 1 0
16 81 14440 1 0
17 80 14348 1 0
18 80 14359 1 0
19 82 14564 1 0
20 80 14320 1 0
21 80 14417 1 0
22 81 14505 1 0
23 81 14515 1 0
24 81 14438 1 0
25 81 14546 1 0
26 80 14396 1 0
27 79 14321 1 0
28 79 14417 1 0
29 78 14384 1 0
30 77 14383 1 0
31 76 14362 1 0
32 76 14336 1 0
33 76 14404 1 0
34 75 14303 1 0
35 76 14439 1 0
36 75 14257 0 0
37 76 14287 0 0
38 78 14423 0 0
39 79 14433 0 0
40 80 14482 0 0
41 80 14417 0 0
42 80 14390 0 0
43 80 14372 0 0
44 81 14548 0 0
45 80 14285 0 0
46 81 14392 0 0
47 82 14388 0 0
48 83 14532 0 0
49 83 14517 0 0
50 81 14356 0 0
51 81 14436 0 0
52 80 14341 0 0
53 81 14468 0 0
54 81 14395 0 0
55 81 14411 0 0
56 80 14241 0 0
57 81 14436 0 0
58 81 14526 0 0
59 79 14317 0 0
60 79 14376 0 0
61 79 14399 0 0
62 79 14315 0 0
63 80 14370 0 0
64 81 14388 0 0
65 81 14403 0 0
66 81 14419 0 0
67 81 14435 0 0
68 81 14455 0 0
69 81 14478 0 0
70 80 14280 0 0
71 81 14403 0 0
72 81 14437 0 0
73 80 14308 0 0
74 81 14519 0 0
75 80 14429 0 0
76 79 14341 0 0
77 80 14417 0 0
78 81 14491 0 0
79 81 14404 0 0
80 82 14485 0 0
81 82 14375 0 0
82 83 14448 0 0
83 83 14430 0 0
84 83 14259 0 0
85 84 14421 0 0
86 83 14262 0 0
87 83 14389 0 0
88 83 14386 0 0
89 82 14346 0 0
90 81 14330 0 0
91 80 14173 0 0
92 79 14195 0 0
93 78 14234 0 0
94 77 14249 0 0
95 76 14240 0 0
96 75 14209 0 0
97 74 14130 0 0
98 74 14221 0 0
99 74 14158 0 0
100 74 14188 0 0
101 74 14112 0 0
102 75 14161 0 0
103 76 14281 0 0
104 77 14295 0 0
105 79 14400 0 0
106 80 14391 0 0
107 81 14299 0 0
108 83 14504 0 0
109 84 14498 0 0
110 85 14511 0 0
111 84 14345 0 0
112 85 14532 0 0
113 84 14427 0 0
114 83 14348 0 0
115 83 14482 0 0
116 83 14498 0 0
117 81 14346 0 0
118 81 14402 0 0
119 81 14529 0 0
120 79 14376 0 0
121 79 14399 0 0
122 80 14425 0 0
123 81 14409 0 0
124 81 14284 0 0
125 82 14397 0 0
126 83 14474 0 0
127 83 14459 0 0
128 83 14363 0 0
129 84 14431 0 0
130 83 14261 0 0
131 83 14397 0 0
132 83 14329 0 0
133 83 14373 0 0
134 82 14313 0 0
135 83 14502 0 0
136 82 14355 0 0
137 82 14406 0 0
138 82 14449 0 0
139 82 14407 0 0
140 82 14464 0 0
141 81 14303 0 0
142 82 14429 0 0
143 82 14314 0 0
144 83 14457 0 0
145 82 14326 0 0
146 82 14403 0 0
147 81 14361 0 0
148 81 14449 0 0
149 81 14403 0 0
150 81 14311 0 0
151 81 14270 0 0
152 81 14360 0 0
153 81 14415 0 0
154 81 14486 0 0
155 81 14480 0 0
156 80 14319 0 0
157 81 14413 0 0
158 81 14480 0 0
159 80 14319 0 0
160 82 14492 0 0
161 82 14470 0 0
162 81 14365 0 0
163 81 14481 0 0
164 81 14421 0 0
165 81 14371 0 0
166 81 14294 0 0
167 82 14393 0 0
168 83 14476 0 0
169 83 14404 0 0
170 83 14316 0 0
171 84 14391 0 0
172 83 14323 0 0
173 83 14333 0 0
174 84 14574 0 0
175 83 14322 0 0
176 83 14278 0 0
177 85 14547 0 0
178 85 14480 0 0
179 84 14343 0 0
180 84 14418 0 0
181 84 14481 0 0
182 83 14341 0 0
183 83 14401 0 0
184 82 14417 0 0
185 81 14349 0 0
186 81 14293 0 0
187 82 14423 0 0
188 82 14408 0 0
189 81 14261 0 0
190 81 14316 0 0
191 81 14317 0 0
192 81 14328 0 0
193 81 14310 0 0
194 82 14402 0 0
195 82 14417 0 0
196 83 14465 0 0
197 84 14518 0 0
198 84 14458 0 0
199 84 14447 0 0
200 84 14529 0 0
201 83 14396 0 0
202 83 14431 0 0
203 83 14547 0 0
204 82 14363 0 0
205 83 14503 0 0
206 83 14503 0 0
207 83 14452 0 0
208 82 14338 0 0
209 82 14417 0 0
210 82 14394 0 0
211 82 14331 0 0
212 81 14232 0 0
213 82 14511 0 0
214 81 14437 0 0
215 80 14252 0 0
216 81 14499 0 0
217 79 14269 0 0
218 79 14333 0 0
219 79 14347 0 0
220 80 14410 0 0
221 80 14356 0 0
222 80 14413 0 0
223 80 14483 0 0
224 80 14464 0 0
225 80 14281 0 0
226 81 14369 0 0
227 82 14556 0 0
228 81 14299 0 0
229 83 14530 0 0
230 83 14446 0 0
231 83 14384 0 0
232 83 14344 0 0
233 84 14457 0 0
234 84 14441 0 0
235 84 14428 0 0
236 85 14448 0 0
237 85 14472 0 0
238 85 14399 0 0
239 85 14286 0 0
240 86 14448 0 0
241 85 14373 0 0
242 85 14411 0 0
243 85 14536 0 0
244 84 14444 0 0
245 83 14330 0 0
246 83 14314 0 0
247 84 14411 0 0
248 83 14354 0 0
249 82 14299 0 0
250 82 14462 0 0
251 81 14356 0 0
252 82 14472 0 0
253 82 14429 0 0
254 81 14299 0 0
255 81 14268 0 0
256 82 14423 0 0
257 82 14385 0 0
258 82 14448 0 0
259 80 14231 0 0
260 81 14453 0 0
261 81 14424 0 0
262 82 14438 0 0
263 83 14471 0 0
264 82 14364 0 0
265 81 14342 0 0
266 82 14536 0 0
267 82 14520 0 0
268 81 14317 0 0
269 81 14346 0 0
270 81 14297 0 0
271 82 14486 0 0
272 81 14320 0 0
273 82 14423 0 0
274 81 14294 0 0
275 81 14404 0 0
276 81 14339 0 0
277 82 14337 0 0
278 82 14317 0 0
279 82 14305 0 0
280 83 14458 0 0
281 83 14426 0 0
282 83 14400 0 0
283 83 14482 0 0
284 83 14443 0 0
285 82 14487 0 0
286 81 14415 0 0
287 80 14386 0 0
288 80 14505 0 0
289 80 14515 0 0
290 80 14470 0 0
291 80 14459 0 0
292 80 14484 0 0
293 79 14342 0 0
294 79 14473 0 0
295 79 14314 0 0
296 80 14347 0 0
297 81 14404 0 0
298 81 14381 0 0
299 82 14415 0 0
300 82 14375 0 0
301 82 14383 0 0
302 82 14387 0 0
303 82 14409 0 0
304 82 14400 0 0
305 82 14440 0 0
306 82 14401 0 0
307 82 14429 0 0
308 82 14503 0 0
309 82 14433 0 0
310 82 14363 0 0
311 82 14372 0 0
312 82 14337 0 0
313 82 14375 0 0
314 82 14394 0 0
315 81 14285 0 0
316 81 14258 0 0
317 81 14354 0 0
318 81 14319 0 0
319 81 14295 0 0
320 81 14299 0 0
321 81 14385 0 0
322 81 14492 0 0
323 81 14505 0 0
324 79 14264 0 0
325 78 14074 0 0
326 78 14189 0 0
327 78 14201 0 0
328 78 14273 0 0
329 78 14188 0 0
330 78 14203 0 0
331 78 14223 0 0
332 78 14217 0 0
333 78 14136 0 0
334 78 14079 0 0
335 79 14167 0 0
336 80 14278 0 0
337 81 14465 0 0
338 81 14353 0 0
339 81 14354 0 0
340 81 14455 0 0
341 81 14485 0 0
342 80 14444 0 0
343 79 14357 0 0
344 79 14392 0 0
345 79 14341 0 0
346 80 14427 0 0
347 79 14340 0 0
348 80 14436 0 0
349 79 14353 0 0
350 79 14429 0 0
351 79 14427 0 0
352 79 14366 0 0
353 79 14373 0 0
354 80 14446 0 0
355 81 14443 0 0
356 82 14508 0 0
357 82 14412 0 0
358 82 14390 0 0
359 82 14364 0 0
360 82 14510 0 0
361 82 14447 0 0
362 82 14363 0 0
363 83 14491 0 0
364 83 14440 0 0
365 84 14472 0 0
366 84 14425 0 0
367 83 14385 0 0
368 81 14239 0 0
369 81 14369 0 0
370 82 14501 0 0
371 82 14492 0 0
372 81 14316 0 0
373 82 14454 0 0
374 81 14335 0 0
375 81 14300 0 0
376 81 14333 0 0
377 81 14387 0 0
378 80 14253 0 0
379 81 14444 0 0
380 82 14562 0 0
381 81 14408 0 0
382 80 14318 0 0
383 80 14380 0 0
384 80 14380 0 0
385 80 14428 0 0
386 80 14484 0 0
387 80 14486 0 0
388 79 14333 0 0
389 79 14380 0 0
390 79 14413 0 0
391 79 14419 0 0
392 79 14396 0 0
393 79 14441 0 0
394 79 14444 0 0
395 78 14329 0 0
396 79 14355 0 0
397 79 14291 0 0
398 80 14436 0 0
399 79 14333 0 0
400 80 14519 0 0
401 79 14329 0 0
402 80 14446 0 0
403 80 14439 0 0
404 79 14299 0 0
405 80 14414 0 0
406 80 14482 0 0
407 80 14477 0 0
408 79 14385 0 0
409 80 14520 0 0
410 80 14424 0 0
411 80 14394 0 0
412 80 14328 0 0
413 80 14362 0 0
414 80 14336 0 0
415 80 14411 0 0
416 80 14458 0 0
417 79 14329 0 0
418 79 14314 0 0
419 80 14412 0 0
420 80 14460 0 0
421 79 14331 0 0
422 79 14324 0 0
423 80 14408 0 0
424 81 14480 0 0
425 82 14497 0 0
426 82 14528 0 0
427 81 14307 0 0
428 82 14339 0 0
429 84 14522 0 0
430 84 14488 0 0
431 83 14301 0 0
432 83 14415 0 0
433 82 14313 0 0
434 82 14487 0 0
435 81 14500 0 0
436 79 14294 0 0
437 79 14461 0 0
438 78 14330 0 0
439 79 14495 0 0
440 78 14346 0 0
441 77 14283 0 0
442 77 14243 0 0
443 78 14498 0 0
444 78 14330 0 0
445 79 14458 0 0
446 79 14384 0 0
447 79 14265 0 0
448 80 14355 0 0
449 80 14258 0 0
450 81 14350 0 0
451 81 14280 0 0
452 82 14507 0 0
453 82 14517 0 0
454 82 14560 0 0
455 81 14263 0 0
456 82 14448 0 0
457 81 14336 0 0
458 81 14291 0 0
459 82 14494 0 0
460 81 14393 0 0
461 81 14519 0 0
462 81 14518 0 0
463 79 14257 0 0
464 79 14199 0 0
465 79 14180 0 0
466 79 14102 0 0
467 80 14316 0 0
468 79 14133 0 0
469 80 14347 0 0
470 79 14195 0 0
471 79 14240 0 0
472 79 14243 0 0
473 80 14197 0 0
474 80 14139 0 0
475 82 14448 0 0
476 81 14305 0 0
477 81 14435 0 0
478 80 14417 0 0
479 80 14436 0 0
480 80 14505 0 0
481 80 14397 0 0
482 80 14361 0 0
483 81 14426 0 0
484 81 14446 0 0
485 79 14278 0 0
486 79 14428 0 0
487 78 14321 0 0
488 78 14376 0 0
489 78 14358 0 0
490 78 14342 0 0
491 78 14265 0 0
492 79 14405 0 0
493 78 14271 0 0
494 79 14509 0 0
495 77 14239 0 0
496 78 14347 0 0
497 79 14505 0 0
498 79 14365 0 0
499 80 14426 0 0
500 82 14548 0 0
501 82 14450 0 0
502 82 14412 0 0
503 81 14435 0 0
504 80 14302 0 0
505 81 14429 0 0
506 81 14352 0 0
507 82 14434 0 0
508 83 14489 0 0
509 83 14373 0 0
510 83 14468 0 0
511 83 14443 0 0
512 82 14386 0 0
513 82 14384 0 0
514 83 14500 0 0
515 83 14362 0 0
516 85 14519 0 0
517 84 14348 0 0
518 84 14426 0 0
519 84 14490 0 0
520 83 14419 0 0
521 82 14310 0 0
522 82 14347 0 0
523 81 14287 0 0
524 81 14354 0 0
525 80 14289 0 0
526 80 14366 0 0
527 80 14378 0 0
528 79 14273 0 0
529 80 14479 0 0
530 80 14413 0 0
531 80 14377 0 0
532 79 14252 0 0
533 80 14503 0 0
534 79 14354 0 0
535 79 14438 0 0
536 78 14350 0 0
537 78 14385 0 0
538 78 14402 0 0
539 79 14478 0 0
540 80 14541 0 0
541 79 14378 0 0
542 79 14412 0 0
543 79 14432 0 0
544 79 14471 0 0
545 78 14302 0 0
546 78 14345 0 0
547 78 14334 0 0
548 79 14482 0 0
549 79 14403 0 0
550 79 14377 0 0
551 79 14372 0 0
552 78 14295 0 0
553 79 14414 0 0
554 79 14395 0 0
555 79 14330 0 0
556 80 14491 0 0
557 80 14519 0 0
558 80 14470 0 0
559 81 14541 0 0
560 80 14369 0 0
561 81 14535 0 0
562 80 14456 0 0
563 79 14420 0 0
564 77 14245 0 0
565 76 14161 0 0
566 75 14096 0 0
567 74 14111 0 0
568 74 14081 0 0
569 75 14099 0 0
570 76 14133 0 0
571 76 14082 0 0
572 77 14158 0 0
573 77 14079 0 0
574 78 14130 0 0
575 78 14169 0 0
576 79 14298 0 0
577 80 14403 0 0
578 81 14410 0 0
579 82 14467 0 0
580 82 14489 0 0
581 81 14351 0 0
582 81 14403 0 0
583 81 14450 0 0
584 80 14370 0 0
585 80 14428 0 0
586 79 14299 0 0
587 80 14476 0 0
588 80 14445 0 0
589 80 14406 0 0
590 80 14529 0 0
591 79 14389 0 0
592 79 14368 0 0
593 79 14419 0 0
594 79 14518 0 0
595 78 14393 0 0
596 79 14531 0 0
597 78 14363 0 0
598 79 14441 0 0
599 78 14243 0 0
600 79 14358 0 0
601 79 14449 0 0
602 79 14362 0 0
603 80 14470 0 0
604 79 14314 0 0
605 80 14436 0 0
606 79 14374 0 0
607 79 14441 0 0
608 78 14271 0 0
609 79 14395 0 0
610 80 14478 0 0
611 82 14566 0 0
612 82 14563 0 0
613 82 14401 0 0
614 81 14257 0 0
615 81 14351 0 0
616 81 14390 0 0
617 82 14514 0 0
618 83 14417 0 0
619 84 14391 0 0
620 85 14421 0 0
621 85 14429 0 0
622 84 14413 0 0
623 82 14270 0 0
624 82 14305 0 0
625 82 14380 0 0
626 83 14505 0 0
627 83 14388 0 0
628 83 14350 0 0
629 83 14366 0 0
630 82 14292 0 0
631 82 14360 0 0
632 82 14468 0 0
633 81 14354 0 0
634 81 14349 0 0
635 82 14476 0 0
636 82 14454 0 0
637 82 14440 0 0
638 81 14333 0 0
639 81 14352 0 0
640 82 14460 0 0
641 81 14416 0 0
642 81 14466 0 0
643 80 14385 0 0
644 80 14436 0 0
645 80 14397 0 0
646 80 14416 0 0
647 80 14417 0 0
648 79 14323 0 0
649 78 14278 0 0
650 78 14377 0 0
651 78 14526 0 0
652 77 14395 0 0
653 77 14379 0 0
654 77 14341 0 0
655 78 14403 0 0
656 78 14388 0 0
657 78 14434 0 0
658 78 14353 0 0
659 77 14276 0 0
660 78 14416 0 0
661 78 14412 0 0
662 79 14474 0 0
663 77 14090 0 0
664 78 14268 0 0
665 78 14136 0 0
666 79 14348 0 0
667 78 14181 0 0
668 77 14097 0 0
669 78 14244 0 0
670 77 14151 0 0
671 78 14311 0 0
672 78 14209 0 0
673 79 14233 0 0
674 79 14226 0 0
675 80 14389 0 0
676 80 14405 0 0
677 79 14338 0 0
678 79 14402 0 0
679 79 14460 0 0
680 80 14511 0 0
681 80 14445 0 0
682 80 14382 0 0
683 79 14128 0 0
684 78 14146 0 0
685 77 14122 0 0
686 76 14050 0 0
687 77 14153 0 0
688 76 14061 0 0
689 77 14197 0 0
690 77 13960 0 0
691 77 13910 0 0
692 76 13706 0 0
693 76 13734 0 0
694 77 13913 0 0
695 77 13982 0 0
696 77 13968 0 0
697 77 14016 0 0
698 77 13993 0 0
699 77 14015 0 0
700 78 14056 0 0
701 77 14003 0 0
702 76 14009 0 0
703 76 14124 0 0
704 77 14394 0 0
705 76 14328 0 0
706 75 14260 0 0
707 76 14438 0 0
708 76 14505 0 0
709 75 14323 0 0
710 75 14368 0 0
711 75 14444 0 0
712 73 14258 0 1
713 73 14333 0 1
714 73 14424 0 1
715 73 14508 0 1
716 72 14355 0 1
717 72 14366 0 1
718 73 14486 0 1
719 73 14297 0 1
720 75 14354 0 0
721 77 14572 0 0
722 78 14577 0 0
723 78 14460 0 0
724 80 14574 0 0
725 81 14486 0 0
726 82 14461 0 0
727 83 14442 0 0
728 83 14366 0 0
729 84 14387 0 0
730 84 14295 0 0
731 83 14235 0 0
732 81 14027 0 0
733 81 14066 0 0
734 80 13928 0 0
735 81 14067 0 0
736 80 13943 0 0
737 80 14015 0 0
738 80 14118 0 0
739 79 13952 0 0
740 80 14180 0 0
741 79 14055 0 0
742 80 14191 0 0
743 80 14202 0 0
744 81 14461 0 0
745 80 14342 0 0
746 81 14536 0 0
747 80 14300 0 0
748 81 14480 0 0
749 81 14419 0 0
750 81 14332 0 0
751 82 14510 0 0
752 81 14340 0 0
753 82 14519 0 0
754 80 14342 0 0
755 81 14556 0 0
756 80 14305 0 0
757 81 14343 0 0
758 81 14284 0 0
759 81 14352 0 0
760 81 14343 0 0
761 81 14415 0 0
762 80 14327 0 0
763 80 14354 0 0
764 80 14315 0 0
765 81 14408 0 0
766 81 14400 0 0
767 80 14274 0 0
768 81 14508 0 0
769 79 14344 0 0
770 79 14421 0 0
771 79 14451 0 0
772 79 14527 0 0
773 78 14397 0 0
774 78 14382 0 0
775 78 14345 0 0
776 79 14520 0 0
777 77 14260 0 0
778 78 14362 0 0
779 79 14532 0 0
780 77 14233 0 0
781 79 14484 0 0
782 79 14417 0 0
783 79 14438 0 0
784 79 14301 0 0
785 80 14419 0 0
786 81 14543 0 0
787 81 14483 0 0
788 81 14404 0 0
789 82 14503 0 0
790 82 14466 0 0
791 82 14326 0 0
792 84 14468 0 0
793 84 14419 0 0
794 85 14485 0 0
795 84 14403 0 0
796 83 14346 0 0
797 83 14345 0 0
798 83 14404 0 0
799 83 14432 0 0
800 82 14308 0 0
801 82 14412 0 0
802 82 14438 0 0
803 81 14347 0 0
804 82 14517 0 0
805 81 14347 0 0
806 80 14308 0 0
807 81 14410 0 0
808 81 14474 0 0
809 80 14390 0 0
810 80 14329 0 0
811 80 14401 0 0
812 80 14435 0 0
813 79 14238 0 0
814 78 14305 0 0
815 78 14516 0 0
816 76 14301 0 0
817 77 14391 0 0
818 78 14483 0 0
819 77 14291 0 0
820 78 14431 0 0
821 78 14409 0 0
822 78 14347 0 0
823 77 14263 0 0
824 77 14304 0 0
825 78 14569 0 0
826 77 14339 0 0
827 78 14385 0 0
828 78 14405 0 0
829 78 14467 0 0
830 78 14410 0 0
831 79 14465 0 0
832 78 14261 0 0
833 79 14462 0 0
834 78 14408 0 0
835 78 14357 0 0
836 79 14523 0 0
837 78 14328 0 0
838 80 14583 0 0
839 79 14285 0 0
840 80 14394 0 0
841 79 14315 0 0
842 77 14244 0 0
843 77 14374 0 0
844 78 14546 0 0
845 77 14348 0 0
846 78 14489 0 0
847 78 14438 0 0
848 78 14371 0 0
849 79 14462 0 0
850 78 14262 0 0
851 79 14504 0 0
852 79 14499 0 0
853 79 14504 0 0
854 79 14434 0 0
855 79 14436 0 0
856 78 14286 0 0
857 79 14493 0 0
858 78 14388 0 0
859 79 14444 0 0
860 80 14484 0 0
861 80 14418 0 0
862 81 14458 0 0
863 81 14361 0 0
864 82 14384 0 0
865 83 14371 0 0
866 85 14507 0 0
867 84 14319 0 0
868 85 14458 0 0
869 85 14338 0 0
870 86 14347 0 0
871 86 14355 0 0
872 85 14305 0 0
873 85 14346 0 0
874 85 14332 0 0
875 85 14382 0 0
876 84 14330 0 0
877 84 14437 0 0
878 83 14339 0 0
879 84 14495 0 0
880 84 14446 0 0
881 84 14480 0 0
882 83 14420 0 0
883 83 14429 0 0
884 83 14404 0 0
885 83 14431 0 0
886 83 14537 0 0
887 83 14440 0 0
888 83 14444 0 0
889 83 14450 0 0
890 82 14318 0 0
891 82 14297 0 0
892 82 14429 0 0
893 82 14324 0 0
894 83 14393 0 0
895 83 14491 0 0
896 82 14361 0 0
897 82 14437 0 0
898 81 14403 0 0
899 80 14331 0 0
900 80 14385 0 0
901 80 14403 0 0
902 80 14391 0 0
903 80 14462 0 0
904 80 14301 0 0
905 80 14385 0 0
906 80 14509 0 0
907 79 14322 0 0
908 79 14355 0 0
909 79 14376 0 0
910 79 14298 0 0
911 79 14381 0 0
912 79 14334 0 0
913 80 14401 0 0
914 80 14506 0 0
915 79 14461 0 0
916 78 14444 0 0
917 77 14422 0 0
918 76 14297 0 0
919 76 14366 0 0
920 77 14542 0 0
921 76 14305 0 0
922 77 14499 0 0
923 77 14491 0 0
924 76 14408 0 0
925 74 14269 0 0
926 75 14467 0 0
927 76 14439 0 0
928 76 14332 0 0
929 77 14370 0 0
930 77 14425 0 0
931 77 14486 0 0
932 76 14375 0 0
933 76 14454 0 0
934 75 14341 0 0
935 75 14400 0 0
936 75 14374 0 0
937 76 14444 0 0
938 76 14374 0 0
939 75 14267 0 0
940 75 14366 0 0
941 74 14332 0 1
942 75 14477 0 0
943 74 14278 0 0
944 74 14277 0 0
945 75 14461 0 0
946 75 14412 0 0
947 75 14455 0 0
948 74 14344 0 1
949 74 14326 0 1
950 73 14049 0 0
951 74 14298 0 0
952 75 14319 0 0
953 76 14281 0 0
954 75 14084 0 0
955 77 14355 0 0
956 77 14221 0 0
957 77 14059 0 0
958 78 14106 0 0
959 79 14134 0 0
960 81 14340 0 0
961 80 14180 0 0
962 81 14418 0 0
963 81 14310 0 0
964 81 14333 0 0
965 81 14422 0 0
966 82 14447 0 0
967 82 14327 0 0
968 83 14396 0 0
969 84 14532 0 0
970 83 14339 0 0
971 82 14255 0 0
972 81 14103 0 0
973 82 14233 0 0
974 81 14215 0 0
975 81 14300 0 0
976 80 14171 0 0
977 80 14231 0 0
978 79 14142 0 0
979 78 14133 0 0
980 78 14339 0 0
981 76 14131 0 0
982 77 14360 0 0
983 78 14298 0 0
984 79 14384 0 0
985 79 14451 0 0
986 80 14544 0 0
987 79 14273 0 0
988 80 14424 0 0
989 80 14394 0 0
990 80 14358 0 0
991 81 14498 0 0
992 80 14308 0 0
993 80 14345 0 0
994 80 14406 0 0
995 79 14391 0 0
996 79 14478 0 0
997 79 14453 0 0
998 79 14393 0 0
999 79 14420 0 0
1000 79 14477 0 0
1001 78 14292 0 0
1002 79 14446 0 0
1003 79 14459 0 0
1004 79 14443 0 0
1005 79 14425 0 0
1006 79 14336 0 0
1007 80 14525 0 0
1008 79 14397 0 0
1009 79 14311 0 0
1010 79 14250 0 0
1011 80 14408 0 0
1012 80 14440 0 0
1013 80 14449 0 0
1014 80 14505 0 0
1015 79 14287 0 0
1016 80 14430 0 0
1017 80 14472 0 0
1018 80 14472 0 0
1019 80 14395 0 0
1020 81 14483 0 0
1021 81 14480 0 0
1022 81 14550 0 0
1023 80 14412 0 0
1024 80 14417 0 0
1025 80 14423 0 0
1026 80 14356 0 0
1027 80 14461 0 0
1028 80 14427 0 0
1029 81 14408 0 0
1030 80 14280 0 0
1031 80 14279 0 0
1032 80 14305 0 0
1033 79 14264 0 0
1034 79 14364 0 0
1035 79 14365 0 0
1036 79 14337 0 0
1037 79 14388 0 0
1038 78 14332 0 0
1039 79 14365 0 0
1040 78 14272 0 0
1041 76 13996 0 0
1042 78 14196 0 0
1043 78 14185 0 0
1044 77 14055 0 0
1045 78 14185 0 0
1046 78 14072 0 0
1047 78 14066 0 0
1048 78 14021 0 0
1049 79 14141 0 0
1050 79 14033 0 0
1051 79 14027 0 0
1052 80 14176 0 0
1053 81 14335 0 0
1054 79 14291 0 0
1055 79 14389 0 0
1056 79 14428 0 0
1057 79 14365 0 0
1058 79 14359 0 0
1059 78 14151 0 0
1060 77 13995 0 0
1061 77 14068 0 0
1062 76 13994 0 0
1063 76 14120 0 0
1064 75 13918 0 0
1065 75 14056 0 0
1066 76 14149 0 0
1067 75 14014 0 0
1068 75 14011 0 0
1069 74 13955 0 0
1070 74 14043 0 0
1071 75 14307 0 0
1072 75 14461 0 0
1073 74 14367 0 1
1074 75 14590 0 1
1075 74 14369 0 1
1076 75 14554 0 1
1077 75 14440 0 0
1078 75 14434 0 0
1079 74 14297 0 0
1080 74 14464 0 1
1081 73 14399 0 1
1082 73 14421 0 1
1083 73 14491 0 1
1084 74 14366 0 1
1085 75 14336 0 0
1086 75 14314 0 0
1087 73 13887 0 0
1088 73 13907 0 0
1089 73 13952 0 0
1090 73 13924 0 0
1091 75 14098 0 0
1092 76 14003 0 0
1093 77 14104 0 0
1094 76 13898 0 0
1095 77 13961 0 0
1096 77 14060 0 0
1097 76 13923 0 0
1098 77 13982 0 0
1099 79 14418 0 0
1100 79 14426 0 0
1101 79 14407 0 0
1102 79 14349 0 0
1103 79 14368 0 0
1104 78 14293 0 0
1105 78 14334 0 0
1106 78 14418 0 0
1107 77 14360 0 0
1108 76 14360 0 0
1109 77 14519 0 0
1110 76 14367 0 0
1111 77 14510 0 0
1112 77 14424 0 0
1113 78 14519 0 0
1114 78 14454 0 0
1115 78 14447 0 0
1116 78 14416 0 0
1117 79 14390 0 0
1118 80 14446 0 0
1119 81 14482 0 0
1120 82 14463 0 0
1121 82 14385 0 0
1122 82 14351 0 0
1123 82 14303 0 0
1124 81 14214 0 0
1125 81 14369 0 0
1126 80 14327 0 0
1127 79 14348 0 0
1128 79 14413 0 0
1129 79 14474 0 0
1130 78 14284 0 0
1131 78 14308 0 0
1132 78 14365 0 0
1133 77 14323 0 0
1134 77 14486 0 0
1135 76 14523 0 0
1136 76 14568 0 0
1137 75 14352 0 0
1138 75 14470 0 0
1139 75 14373 0 0
1140 75 14411 0 0
1141 74 14359 0 1
1142 75 14535 0 1
1143 73 14123 0 1
1144 72 13977 0 1
1145 74 14171 0 0
1146 74 14036 0 0
1147 75 14076 0 0
1148 75 14010 0 0
1149 76 14140 0 0
1150 76 13961 0 0
1151 77 14035 0 0
1152 78 14114 0 0
1153 79 14120 0 0
1154 78 13995 0 0
1155 80 14385 0 0
1156 81 14499 0 0
1157 80 14298 0 0
1158 81 14515 0 0
1159 80 14297 0 0
1160 80 14392 0 0
1161 79 14273 0 0
1162 80 14436 0 0
1163 79 14357 0 0
1164 79 14426 0 0
1165 78 14413 0 0
1166 78 14456 0 0
1167 77 14320 0 0
1168 77 14354 0 0
1169 77 14434 0 0
1170 77 14374 0 0
1171 77 14402 0 0
1172 78 14443 0 0
1173 78 14492 0 0
1174 77 14418 0 0
1175 78 14514 0 0
1176 77 14265 0 0
1177 77 14140 0 0
1178 78 14158 0 0
1179 78 14247 0 0
1180 77 14160 0 0
1181 77 14225 0 0
1182 76 13987 0 0
1183 76 13719 0 0
1184 76 13699 0 0
1185 77 13762 0 0
1186 77 13775 0 0
1187 76 13711 0 0
1188 76 13783 0 0
1189 76 13941 0 0
1190 75 13900 0 0
1191 76 13993 0 0
1192 76 14047 0 0
1193 75 13880 0 0
1194 75 14047 0 0
1195 76 14470 0 0
1196 76 14481 0 0
1197 75 14287 0 0
1198 76 14447 0 0
1199 75 14320 0 0
1200 76 14503 0 0
1201 76 14361 0 0
1202 77 14451 0 0
1203 75 14010 0 0
1204 76 14047 0 0
1205 76 14024 0 0
1206 77 14159 0 0
1207 77 14104 0 0
1208 76 13942 0 0
1209 78 14142 0 0
1210 78 14001 0 0
1211 79 14140 0 0
1212 78 14015 0 0
1213 78 14156 0 0
1214 76 14010 0 0
1215 78 14430 0 0
1216 77 14378 0 0
1217 76 14341 0 0
1218 75 14337 0 0
1219 73 14213 0 1
1220 74 14478 0 1
1221 70 13967 0 1
1222 69 13996 0 1
1223 70 14127 0 1
1224 71 14084 0 1
1225 70 13830 0 1
1226 71 13912 0 1
1227 70 13794 0 1
1228 71 13892 0 1
1229 72 13931 0 1
1230 73 13940 0 0
1231 74 13966 0 0
1232 73 13736 0 0
1233 75 14195 0 0
1234 75 14162 0 0
1235 75 14162 0 0
1236 74 14066 0 0
1237 76 14413 0 0
1238 76 14321 0 0
1239 77 14503 0 0
1240 76 14277 0 0
1241 78 14548 0 0
1242 77 14284 0 0
1243 77 14370 0 0
1244 78 14589 0 0
1245 78 14471 0 0
1246 78 14434 0 0
1247 78 14409 0 0
1248 79 14519 0 0
1249 79 14383 0 0
1250 79 14408 0 0
1251 79 14328 0 0
1252 80 14570 0 0
1253 78 14404 0 0
1254 78 14520 0 0
1255 79 14521 0 0
1256 79 14356 0 0
1257 80 14466 0 0
1258 81 14470 0 0
1259 81 14403 0 0
1260 81 14350 0 0
1261 80 14323 0 0
1262 81 14486 0 0
1263 81 14390 0 0
1264 82 14396 0 0
1265 83 14357 0 0
1266 84 14365 0 0
1267 84 14359 0 0
1268 84 14403 0 0
1269 83 14285 0 0
1270 83 14419 0 0
1271 82 14279 0 0
1272 82 14398 0 0
1273 83 14439 0 0
1274 83 14404 0 0
1275 83 14453 0 0
1276 82 14269 0 0
1277 82 14357 0 0
1278 82 14396 0 0
1279 82 14433 0 0
1280 82 14350 0 0
1281 84 14547 0 0
1282 84 14439 0 0
1283 85 14510 0 0
1284 85 14473 0 0
1285 85 14493 0 0
1286 84 14331 0 0
1287 84 14392 0 0
1288 81 13867 0 0
1289 80 13617 0 0
1290 79 13450 0 0
1291 77 13062 0 0
1292 77 13237 0 0
1293 75 13061 0 0
1294 74 13036 0 0
1295 74 13169 0 0
1296 73 13056 0 0
1297 72 13038 0 0
1298 73 13257 0 0
1299 73 13225 0 0
1300 75 13707 0 0
1301 75 13852 0 0
1302 75 13976 0 0
1303 77 14507 0 0
1304 76 14312 0 0
1305 77 14423 0 0
1306 78 14507 0 0
1307 77 14386 0 0
1308 77 14413 0 0
1309 78 14505 0 0
1310 78 14440 0 0
1311 78 14328 0 0
1312 77 14121 0 0
1313 77 14208 0 0
1314 77 14134 0 0
1315 77 13962 0 0
1316 77 14027 0 0
1317 77 14075 0 0
1318 76 13973 0 0
1319 76 14022 0 0
1320 77 14092 0 0
1321 77 14055 0 0
1322 76 13979 0 0
1323 75 14007 0 0
1324 76 14312 0 0
1325 77 14357 0 0
1326 78 14459 0 0
1327 78 14496 0 0
1328 79 14535 0 0
1329 79 14386 0 0
1330 80 14552 0 0
1331 80 14481 0 0
1332 79 14406 0 0
1333 79 14387 0 0
1334 80 14518 0 0
1335 80 14484 0 0
1336 80 14518 0 0
1337 79 14430 0 0
1338 78 14382 0 0
1339 77 14309 0 0
1340 77 14422 0 0
1341 77 14420 0 0
1342 77 14336 0 0
1343 76 14026 0 0
1344 77 14134 0 0
1345 76 14036 0 0
1346 76 14011 0 0
1347 77 14061 0 0
1348 78 14079 0 0
1349 76 13586 0 0
1350 76 13540 0 0
1351 77 13539 0 0
1352 77 13479 0 0
1353 76 13508 0 0
1354 75 13436 0 0
1355 77 13905 0 0
1356 76 13860 0 0
1357 76 13903 0 0
1358 75 13751 0 0
1359 75 13876 0 0
1360 74 13738 0 0
1361 77 14324 0 0
1362 77 14305 0 0
1363 77 14366 0 0
1364 77 14380 0 0
1365 77 14308 0 0
1366 78 14500 0 0
1367 77 14261 0 0
1368 78 14312 0 0
1369 79 14413 0 0
1370 79 14413 0 0
1371 79 14399 0 0
1372 79 14356 0 0
1373 79 14421 0 0
1374 80 14532 0 0
1375 80 14454 0 0
1376 80 14347 0 0
1377 81 14461 0 0
1378 81 14318 0 0
1379 83 14494 0 0
1380 83 14458 0 0
1381 82 14378 0 0
1382 82 14383 0 0
1383 81 14269 0 0
1384 80 14139 0 0
1385 79 13896 0 0
1386 80 14024 0 0
1387 80 14060 0 0
1388 80 14106 0 0
1389 80 14075 0 0
1390 80 14056 0 0
1391 78 13946 0 0
1392 78 14042 0 0
1393 78 13974 0 0
1394 79 14143 0 0
1395 79 14046 0 0
1396 81 14368 0 0
1397 81 14386 0 0
1398 80 14294 0 0
1399 81 14381 0 0
1400 82 14351 0 0
1401 82 14295 0 0
1402 82 14304 0 0
1403 83 14487 0 0
1404 83 14406 0 0
1405 83 14317 0 0
1406 82 14237 0 0
1407 83 14430 0 0
1408 83 14358 0 0
1409 84 14557 0 0
1410 83 14428 0 0
1411 81 14314 0 0
1412 80 14453 0 0
1413 79 14524 0 0
1414 78 14389 0 0
1415 78 14300 0 0
1416 78 14261 0 0
1417 78 14210 0 0
1418 79 14218 0 0
1419 78 14098 0 0
1420 78 14160 0 0
1421 77 13986 0 0
1422 78 14159 0 0
1423 78 14093 0 0
1424 77 13707 0 0
1425 78 13755 0 0
1426 78 13782 0 0
1427 78 13754 0 0
1428 79 13913 0 0
1429 79 14000 0 0
1430 79 14036 0 0
1431 81 14162 0 0
1432 81 14024 0 0
1433 82 14098 0 0
1434 82 13961 0 0
1435 83 14096 0 0
1436 85 14459 0 0
1437 85 14384 0 0
1438 86 14522 0 0
1439 86 14493 0 0
1440 85 14309 0 0
1441 85 14266 0 0
1442 85 14102 0 0
1443 85 13978 0 0
1444 85 14121 0 0
1445 83 14003 0 0
1446 82 14130 0 0
1447 81 14160 0 0
1448 78 13907 0 0
1449 77 14069 0 0
1450 76 13990 0 0
1451 76 14107 0 0
1452 75 13935 0 0
1453 76 14120 0 0
1454 75 14139 0 0
1455 74 14265 0 0
1456 74 14260 0 0
1457 75 14244 0 0
1458 76 14260 0 0
1459 76 14083 0 0
1460 77 14206 0 0
1461 78 14163 0 0
1462 78 14195 0 0
1463 77 14054 0 0
1464 77 14297 0 0
1465 76 14311 0 0
1466 77 14511 0 0
1467 74 13926 0 0
1468 73 13837 0 0
1469 73 13933 0 0
