block n60 sum_rr60 bad60 hold drowsy alert
0 3 470 3 1 0 0
1 9 1620 3 1 0 0
2 16 2874 3 1 0 0
3 23 4090 3 1 0 0
4 30 5304 3 1 0 0
5 37 6575 3 1 0 0
6 43 7714 3 1 0 0
7 49 8853 3 1 0 0
8 55 10033 3 1 0 0
9 61 11200 3 1 0 0
10 68 12531 3 1 0 0
11 74 13707 3 1 0 0
12 77 14378 0 1 0 0
13 77 14393 0 1 0 0
14 77 14481 0 1 0 0
15 76 14421 0 1 0 0
16 75 14338 0 1 0 0
17 75 14345 0 1 0 0
18 75 14205 0 1 0 0
19 74 13987 2 1 0 0
20 75 14028 2 1 0 0
21 75 14013 2 1 0 0
22 74 13824 2 1 0 0
23 74 13811 2 1 0 0
24 75 14020 2 1 0 0
25 75 14005 2 1 0 0
26 74 13798 2 1 0 0
27 75 13928 2 1 0 0
28 75 13874 2 1 0 0
29 75 13935 2 1 0 0
30 75 14025 2 1 0 0
31 77 14432 0 1 0 0
32 76 14380 0 1 0 0
33 76 14423 0 1 0 0
34 76 14444 0 1 0 0
35 76 14494 0 1 0 0
36 75 14299 0 0 0 0
37 75 14278 0 0 0 0
38 76 14447 0 0 0 0
39 75 14297 0 0 0 0
40 76 14497 0 0 0 0
41 75 14337 0 0 0 0
42 75 14361 0 0 0 0
43 75 14387 0 0 0 0
44 75 14366 0 0 0 0
45 75 14349 0 0 0 0
46 75 14351 0 0 0 0
47 75 14323 0 0 0 0
48 75 14342 0 0 0 0
49 76 14547 0 0 0 0
50 75 14316 0 0 0 0
51 76 14456 0 0 0 0
52 76 14436 0 0 0 0
53 76 14399 0 0 0 0
54 76 14441 0 0 0 0
55 75 14278 0 0 0 0
56 75 14332 0 0 0 0
57 75 14360 0 0 0 0
58 75 14359 0 0 0 0
59 75 14364 0 0 0 0
60 76 14528 0 0 0 0
61 75 14378 0 0 0 0
62 75 14454 0 0 0 0
63 74 14331 0 0 0 0
64 73 14254 0 0 0 0
65 74 14441 0 0 0 0
66 74 14466 0 0 0 0
67 74 14395 0 0 0 0
68 75 14467 0 0 0 0
69 76 14466 0 0 0 0
70 77 14475 0 0 0 0
71 78 14530 0 0 0 0
72 78 14365 0 0 0 0
73 79 14415 0 0 0 0
74 79 14401 0 0 0 0
75 79 14386 0 0 0 0
76 80 14443 0 0 0 0
77 80 14373 0 0 0 0
78 80 14284 0 0 0 0
79 81 14458 0 0 0 0
80 80 14296 0 0 0 0
81 80 14395 0 0 0 0
82 80 14472 0 0 0 0
83 80 14420 0 0 0 0
84 79 14334 0 0 0 0
85 79 14353 0 0 0 0
86 80 14470 0 0 0 0
87 80 14456 0 0 0 0
88 79 14351 0 0 0 0
89 79 14421 0 0 0 0
90 79 14481 0 0 0 0
91 78 14336 0 0 0 0
92 79 14561 0 0 0 0
93 78 14415 0 0 0 0
94 77 14310 0 0 0 0
95 76 14296 0 0 0 0
96 77 14496 0 0 0 0
97 76 14339 0 0 0 0
98 76 14317 0 0 0 0
99 76 14363 0 0 0 0
100 77 14575 0 0 0 0
101 76 14425 0 0 0 0
102 76 14395 0 0 0 0
103 76 14423 0 0 0 0
104 75 14257 0 0 0 0
105 75 14281 0 0 0 0
106 75 14335 0 0 0 0
107 76 14486 0 0 0 0
108 76 14374 0 0 0 0
109 77 14384 0 0 0 0
110 76 14401 0 0 0 0
111 76 14476 0 0 0 0
112 75 14243 0 0 0 0
113 75 14233 0 0 0 0
114 76 14455 0 0 0 0
115 76 14448 0 0 0 0
116 76 14460 0 0 0 0
117 76 14424 0 0 0 0
118 77 14536 0 0 0 0
119 76 14338 0 0 0 0
120 76 14465 0 0 0 0
121 75 14454 0 0 0 0
122 75 14387 0 0 0 0
123 76 14469 0 0 0 0
124 76 14532 0 0 0 0
125 76 14550 0 0 0 0
126 75 14339 0 0 0 0
127 75 14306 0 0 0 0
128 75 14334 0 0 0 0
129 75 14387 0 0 0 0
130 75 14435 0 0 0 0
131 75 14489 0 0 0 0
132 74 14316 0 0 0 0
133 74 14383 0 0 0 0
134 75 14527 0 0 0 0
135 74 14377 0 0 0 0
136 74 14306 0 0 0 0
137 75 14440 0 0 0 0
138 75 14466 0 0 0 0
139 75 14488 0 0 0 0
140 75 14427 0 0 0 0
141 75 14390 0 0 0 0
142 75 14340 0 0 0 0
143 75 14276 0 0 0 0
144 76 14444 0 0 0 0
145 76 14417 0 0 0 0
146 75 14231 0 0 0 0
147 76 14364 0 0 0 0
148 76 14388 0 0 0 0
149 76 14360 0 0 0 0
150 76 14332 0 0 0 0
151 76 14297 0 0 0 0
152 77 14439 0 0 0 0
153 78 14558 0 0 0 0
154 77 14396 0 0 0 0
155 77 14443 0 0 0 0
156 76 14301 0 0 0 0
157 77 14486 0 0 0 0
158 77 14486 0 0 0 0
159 76 14312 0 0 0 0
160 77 14506 0 0 0 0
161 76 14299 0 0 0 0
162 77 14486 0 0 0 0
163 77 14496 0 0 0 0
164 76 14324 0 0 0 0
165 76 14264 0 0 0 0
166 76 14291 0 0 0 0
167 77 14398 0 0 0 0
168 78 14529 0 0 0 0
169 77 14300 0 0 0 0
170 78 14465 0 0 0 0
171 78 14428 0 0 0 0
172 78 14391 0 0 0 0
173 78 14399 0 0 0 0
174 78 14386 0 0 0 0
175 78 14351 0 0 0 0
176 79 14547 0 0 0 0
177 78 14462 0 0 0 0
178 78 14445 0 0 0 0
179 78 14482 0 0 0 0
180 77 14322 0 0 0 0
181 78 14520 0 0 0 0
182 77 14327 0 0 0 0
183 77 14356 0 0 0 0
184 77 14364 0 0 0 0
185 77 14359 0 0 0 0
186 77 14362 0 0 0 0
187 77 14377 0 0 0 0
188 77 14365 0 0 0 0
189 77 14338 0 0 0 0
190 78 14505 0 0 0 0
191 77 14351 0 0 0 0
192 77 14366 0 0 0 0
193 76 14233 0 0 0 0
194 77 14459 0 0 0 0
195 77 14492 0 0 0 0
196 76 14337 0 0 0 0
197 76 14425 0 0 0 0
198 76 14466 0 0 0 0
199 76 14488 0 0 0 0
200 75 14296 0 0 0 0
201 76 14512 0 0 0 0
202 75 14320 0 0 0 0
203 75 14287 0 0 0 0
204 76 14451 0 0 0 0
205 76 14420 0 0 0 0
206 76 14415 0 0 0 0
207 76 14392 0 0 0 0
208 76 14407 0 0 0 0
209 76 14383 0 0 0 0
210 76 14391 0 0 0 0
211 76 14403 0 0 0 0
212 76 14425 0 0 0 0
213 75 14259 0 0 0 0
214 76 14430 0 0 0 0
215 76 14435 0 0 0 0
216 76 14417 0 0 0 0
217 76 14380 0 0 0 0
218 76 14262 0 0 0 0
219 77 14340 0 0 0 0
220 78 14482 0 0 0 0
221 78 14461 0 0 0 0
222 77 14242 0 0 0 0
223 78 14407 0 0 0 0
224 78 14369 0 0 0 0
225 79 14514 0 0 0 0
226 78 14335 0 0 0 0
227 79 14474 0 0 0 0
228 79 14457 0 0 0 0
229 79 14505 0 0 0 0
230 78 14384 0 0 0 0
231 78 14457 0 0 0 0
232 78 14420 0 0 0 0
233 78 14414 0 0 0 0
234 79 14555 0 0 0 0
235 78 14398 0 0 0 0
236 78 14428 0 0 0 0
237 78 14439 0 0 0 0
238 78 14456 0 0 0 0
239 77 14305 0 0 0 0
240 77 14356 0 0 0 0
241 77 14354 0 0 0 0
242 78 14563 0 0 0 0
243 77 14380 0 0 0 0
244 76 14274 0 0 0 0
245 77 14452 0 0 0 0
246 76 14375 0 0 0 0
247 77 14443 0 0 0 0
248 77 14370 0 0 0 0
249 77 14333 0 0 0 0
250 77 14328 0 0 0 0
251 78 14524 0 0 0 0
252 77 14326 0 0 0 0
253 77 14349 0 0 0 0
254 77 14324 0 0 0 0
255 77 14346 0 0 0 0
256 78 14518 0 0 0 0
257 77 14327 0 0 0 0
258 78 14449 0 0 0 0
259 77 14328 0 0 0 0
260 78 14532 0 0 0 0
261 78 14490 0 0 0 0
262 79 14546 0 0 0 0
263 78 14269 0 0 0 0
264 79 14386 0 0 0 0
265 80 14546 0 0 0 0
266 79 14388 0 0 0 0
267 79 14420 0 0 0 0
268 78 14245 0 0 0 0
269 79 14475 0 0 0 0
270 78 14255 0 0 0 0
271 79 14443 0 0 0 0
272 78 14278 0 0 0 0
273 78 14287 0 0 0 0
274 78 14392 0 0 0 0
275 78 14472 0 0 0 0
276 77 14400 0 0 0 0
277 76 14226 0 0 0 0
278 77 14461 0 0 0 0
279 77 14430 0 0 0 0
280 78 14538 0 0 0 0
281 77 14324 0 0 0 0
282 77 14355 0 0 0 0
283 77 14386 0 0 0 0
284 77 14424 0 0 0 0
285 76 14329 0 0 0 0
286 76 14376 0 0 0 0
287 76 14430 0 0 0 0
288 76 14427 0 0 0 0
289 76 14429 0 0 0 0
290 76 14405 0 0 0 0
291 76 14355 0 0 0 0
292 76 14423 0 0 0 0
293 76 14403 0 0 0 0
294 77 14585 0 0 0 0
295 76 14366 0 0 0 0
296 76 14363 0 0 0 0
297 77 14542 0 0 0 0
298 76 14281 0 0 0 0
299 77 14445 0 0 0 0
300 78 14494 0 0 0 0
301 78 14395 0 0 0 0
302 78 14370 0 0 0 0
303 78 14417 0 0 0 0
304 78 14364 0 0 0 0
305 78 14395 0 0 0 0
306 78 14382 0 0 0 0
307 78 14380 0 0 0 0
308 79 14491 0 0 0 0
309 79 14364 0 0 0 0
310 80 14563 0 0 0 0
311 79 14369 0 0 0 0
312 78 14283 0 0 0 0
313 79 14539 0 0 0 0
314 78 14311 0 0 0 0
315 78 14382 0 0 0 0
316 77 14305 0 0 0 0
317 78 14452 0 0 0 0
318 77 14283 0 0 0 0
319 78 14455 0 0 0 0
320 77 14335 0 0 0 0
321 77 14427 0 0 0 0
322 76 14238 0 0 0 0
323 77 14370 0 0 0 0
324 78 14515 0 0 0 0
325 77 14256 0 0 0 0
326 78 14481 0 0 0 0
327 78 14430 0 0 0 0
328 78 14398 0 0 0 0
329 78 14352 0 0 0 0
330 78 14374 0 0 0 0
331 77 14281 0 0 0 0
332 78 14549 0 0 0 0
333 76 14263 0 0 0 0
334 77 14537 0 0 0 0
335 76 14421 0 0 0 0
336 75 14336 0 0 0 0
337 75 14465 0 0 0 0
338 74 14335 0 0 0 0
339 74 14339 0 0 0 0
340 75 14536 0 0 0 0
341 74 14389 0 0 0 0
342 75 14549 0 0 0 0
343 75 14445 0 0 0 0
344 75 14278 0 0 0 0
345 77 14542 0 0 0 0
346 76 14296 0 0 0 0
347 77 14413 0 0 0 0
348 77 14427 0 0 0 0
349 77 14411 0 0 0 0
350 77 14421 0 0 0 0
351 77 14454 0 0 0 0
352 76 14269 0 0 0 0
353 77 14499 0 0 0 0
354 76 14381 0 0 0 0
355 76 14421 0 0 0 0
356 75 14345 0 0 0 0
357 75 14400 0 0 0 0
358 75 14415 0 0 0 0
359 74 14297 0 0 0 0
360 75 14423 0 0 0 0
361 75 14431 0 0 0 0
362 75 14435 0 0 0 0
363 76 14521 0 0 0 0
364 76 14449 0 0 0 0
365 75 14253 0 0 0 0
366 76 14360 0 0 0 0
367 77 14465 0 0 0 0
368 77 14517 0 0 0 0
369 76 14369 0 0 0 0
370 76 14446 0 0 0 0
371 76 14471 0 0 0 0
372 75 14333 0 0 0 0
373 75 14349 0 0 0 0
374 75 14374 0 0 0 0
375 74 14294 0 0 0 0
376 74 14393 0 0 0 0
377 74 14450 0 0 0 0
378 73 14318 0 0 0 0
379 73 14443 0 0 0 0
380 73 14410 0 0 0 0
381 73 14410 0 0 0 0
382 73 14381 0 0 0 0
383 73 14405 0 0 0 0
384 73 14411 0 0 0 0
385 73 14408 0 0 0 0
386 73 14348 0 0 0 0
387 74 14440 0 0 0 0
388 74 14370 0 0 0 0
389 75 14415 0 0 0 0
390 76 14517 0 0 0 0
391 75 14274 0 0 0 0
392 76 14396 0 0 0 0
393 76 14427 0 0 0 0
394 76 14379 0 0 0 0
395 76 14335 0 0 0 0
396 77 14438 0 0 0 0
397 77 14424 0 0 0 0
398 77 14393 0 0 0 0
399 77 14471 0 0 0 0
400 77 14514 0 0 0 0
401 76 14479 0 0 0 0
402 75 14382 0 0 0 0
403 75 14503 0 0 0 0
404 74 14414 0 0 0 0
405 74 14399 0 0 0 0
406 74 14392 0 0 0 0
407 74 14371 0 0 0 0
408 74 14390 0 0 0 0
409 74 14411 0 0 0 0
410 74 14463 0 0 0 0
411 73 14267 0 0 0 0
412 74 14401 0 0 0 0
413 74 14275 0 0 0 0
414 75 14342 0 0 0 0
415 76 14313 0 0 0 0
416 77 14438 0 0 0 0
417 77 14395 0 0 0 0
418 77 14369 0 0 0 0
419 77 14443 0 0 0 0
420 76 14268 0 0 0 0
421 77 14467 0 0 0 0
422 77 14385 0 0 0 0
423 77 14421 0 0 0 0
424 76 14276 0 0 0 0
425 76 14376 0 0 0 0
426 75 14334 0 0 0 0
427 75 14459 0 0 0 0
428 74 14295 0 0 0 0
429 75 14398 0 0 0 0
430 75 14394 0 0 0 0
431 75 14356 0 0 0 0
432 75 14394 0 0 0 0
433 75 14396 0 0 0 0
434 75 14485 0 0 0 0
435 75 14467 0 0 0 0
436 75 14472 0 0 0 0
437 75 14469 0 0 0 0
438 75 14419 0 0 0 0
439 75 14396 0 0 0 0
440 75 14499 0 0 0 0
441 74 14404 0 0 0 0
442 74 14489 0 0 0 0
443 74 14562 0 0 0 0
444 73 14410 0 0 0 0
445 72 14240 0 0 0 0
446 73 14418 0 0 0 0
447 72 14247 0 0 0 0
448 73 14451 0 0 0 0
449 73 14472 0 0 0 0
450 73 14497 0 0 0 0
451 72 14393 0 0 1 1
452 72 14309 0 0 0 0
453 72 14269 0 0 0 0
454 73 14446 0 0 0 0
455 73 14350 0 0 0 0
456 74 14477 0 0 0 0
457 74 14410 0 0 0 0
458 74 14405 0 0 0 0
459 75 14564 0 0 0 0
460 74 14357 0 0 0 0
461 74 14336 0 0 0 0
462 74 14290 0 0 0 0
463 75 14433 0 0 0 0
464 75 14418 0 0 0 0
465 75 14426 0 0 0 0
466 74 14264 0 0 0 0
467 75 14453 0 0 0 0
468 75 14495 0 0 0 0
469 75 14506 0 0 0 0
470 74 14321 0 0 0 0
471 74 14290 0 0 0 0
472 75 14437 0 0 0 0
473 76 14486 0 0 0 0
474 77 14525 0 0 0 0
475 77 14424 0 0 0 0
476 77 14355 0 0 0 0
477 77 14373 0 0 0 0
478 78 14470 0 0 0 0
479 78 14405 0 0 0 0
480 78 14284 0 0 0 0
481 79 14444 0 0 0 0
482 79 14361 0 0 0 0
483 80 14512 0 0 0 0
484 79 14326 0 0 0 0
485 79 14416 0 0 0 0
486 78 14376 0 0 0 0
487 77 14271 0 0 0 0
488 78 14526 0 0 0 0
489 78 14518 0 0 0 0
490 77 14334 0 0 0 0
491 76 14244 0 0 0 0
492 77 14475 0 0 0 0
493 76 14260 0 0 0 0
494 77 14493 0 0 0 0
495 76 14300 0 0 0 0
496 77 14445 0 0 0 0
497 76 14286 0 0 0 0
498 77 14449 0 0 0 0
499 77 14424 0 0 0 0
500 76 14233 0 0 0 0
501 77 14437 0 0 0 0
502 77 14475 0 0 0 0
503 77 14452 0 0 0 0
504 76 14290 0 0 0 0
505 77 14539 0 0 0 0
506 76 14342 0 0 0 0
507 77 14528 0 0 0 0
508 76 14394 0 0 0 0
509 76 14369 0 0 0 0
510 76 14380 0 0 0 0
511 76 14380 0 0 0 0
512 77 14538 0 0 0 0
513 76 14333 0 0 0 0
514 77 14454 0 0 0 0
515 77 14387 0 0 0 0
516 78 14487 0 0 0 0
517 78 14401 0 0 0 0
518 78 14393 0 0 0 0
519 78 14408 0 0 0 0
520 78 14379 0 0 0 0
521 78 14397 0 0 0 0
522 78 14375 0 0 0 0
523 78 14406 0 0 0 0
524 78 14382 0 0 0 0
525 78 14389 0 0 0 0
526 77 14288 0 0 0 0
527 78 14492 0 0 0 0
528 77 14310 0 0 0 0
529 77 14367 0 0 0 0
530 78 14466 0 0 0 0
531 78 14403 0 0 0 0
532 78 14398 0 0 0 0
533 78 14410 0 0 0 0
534 78 14452 0 0 0 0
535 78 14458 0 0 0 0
536 77 14259 0 0 0 0
537 78 14435 0 0 0 0
538 79 14508 0 0 0 0
539 78 14296 0 0 0 0
540 79 14518 0 0 0 0
541 78 14318 0 0 0 0
542 78 14403 0 0 0 0
543 77 14234 0 0 0 0
544 78 14355 0 0 0 0
545 79 14460 0 0 0 0
546 78 14269 0 0 0 0
547 79 14437 0 0 0 0
548 79 14499 0 0 0 0
549 79 14460 0 0 0 0
550 78 14354 0 0 0 0
551 78 14392 0 0 0 0
552 78 14420 0 0 0 0
553 78 14491 0 0 0 0
554 77 14360 0 0 0 0
555 77 14427 0 0 0 0
556 76 14357 0 0 0 0
557 75 14299 0 0 0 0
558 76 14490 0 0 0 0
559 75 14311 0 0 0 0
560 75 14304 0 0 0 0
561 75 14372 0 0 0 0
562 75 14348 0 0 0 0
563 76 14413 0 0 0 0
564 76 14284 0 0 0 0
565 77 14340 0 0 0 0
566 77 14340 0 0 0 0
567 77 14393 0 0 0 0
568 78 14551 0 0 0 0
569 78 14493 0 0 0 0
570 78 14458 0 0 0 0
571 78 14411 0 0 0 0
572 79 14446 0 0 0 0
573 79 14371 0 0 0 0
574 80 14494 0 0 0 0
575 79 14498 0 0 0 0
576 78 14429 0 0 0 0
577 78 14447 0 0 0 0
578 78 14358 0 0 0 0
579 79 14434 0 0 0 0
580 79 14362 0 0 0 0
581 79 14331 0 0 0 0
582 79 14360 0 0 0 0
583 79 14370 0 0 0 0
584 79 14473 0 0 0 0
585 78 14312 0 0 0 0
586 78 14352 0 0 0 0
587 78 14285 0 0 0 0
588 79 14481 0 0 0 0
589 78 14314 0 0 0 0
590 79 14524 0 0 0 0
591 78 14344 0 0 0 0
592 78 14432 0 0 0 0
593 78 14423 0 0 0 0
594 78 14362 0 0 0 0
595 79 14444 0 0 0 0
596 79 14387 0 0 0 0
597 80 14543 0 0 0 0
598 79 14317 0 0 0 0
599 80 14428 0 0 0 0
600 80 14331 0 0 0 0
601 81 14505 0 0 0 0
602 81 14435 0 0 0 0
603 82 14512 0 0 0 0
604 82 14365 0 0 0 0
605 83 14499 0 0 0 0
606 82 14412 0 0 0 0
607 81 14370 0 0 0 0
608 81 14471 0 0 0 0
609 80 14314 0 0 0 0
610 80 14387 0 0 0 0
611 80 14516 0 0 0 0
612 79 14403 0 0 0 0
613 79 14427 0 0 0 0
614 79 14414 0 0 0 0
615 78 14418 0 0 0 0
616 77 14359 0 0 0 0
617 77 14425 0 0 0 0
618 77 14427 0 0 0 0
619 77 14393 0 0 0 0
620 77 14396 0 0 0 0
621 77 14432 0 0 0 0
622 77 14400 0 0 0 0
623 77 14318 0 0 0 0
624 78 14476 0 0 0 0
625 77 14292 0 0 0 0
626 77 14329 0 0 0 0
627 78 14425 0 0 0 0
628 78 14400 0 0 0 0
629 78 14410 0 0 0 0
630 78 14325 0 0 0 0
631 78 14362 0 0 0 0
632 78 14320 0 0 0 0
633 78 14371 0 0 0 0
634 78 14476 0 0 0 0
635 77 14349 0 0 0 0
636 77 14415 0 0 0 0
637 76 14318 0 0 0 0
638 76 14434 0 0 0 0
639 75 14331 0 0 0 0
640 75 14368 0 0 0 0
641 75 14376 0 0 0 0
642 75 14425 0 0 0 0
643 76 14581 0 0 0 0
644 75 14380 0 0 0 0
645 76 14360 0 0 0 0
646 77 14383 0 0 0 0
647 78 14523 0 0 0 0
648 77 14347 0 0 0 0
649 78 14495 0 0 0 0
650 77 14344 0 0 0 0
651 77 14332 0 0 0 0
652 78 14532 0 0 0 0
653 77 14332 0 0 0 0
654 78 14438 0 0 0 0
655 77 14264 0 0 0 0
656 77 14339 0 0 0 0
657 77 14426 0 0 0 0
658 77 14483 0 0 0 0
659 76 14279 0 0 0 0
660 77 14394 0 0 0 0
661 77 14402 0 0 0 0
662 78 14395 0 0 0 0
663 79 14525 0 0 0 0
664 79 14334 0 0 0 0
665 79 14411 0 0 0 0
666 79 14424 0 0 0 0
667 79 14446 0 0 0 0
668 79 14476 0 0 0 0
669 78 14354 0 0 0 0
670 78 14414 0 0 0 0
671 78 14409 0 0 0 0
672 78 14443 0 0 0 0
673 78 14388 0 0 0 0
674 78 14488 0 0 0 0
675 77 14401 0 0 0 0
676 76 14391 0 0 0 0
677 76 14361 0 0 0 0
678 75 14282 0 0 0 0
679 76 14474 0 0 0 0
680 76 14399 0 0 0 0
681 77 14546 0 0 0 0
682 76 14246 0 0 0 0
683 78 14525 0 0 0 0
684 77 14295 0 0 0 0
685 78 14447 0 0 0 0
686 77 14316 0 0 0 0
687 77 14322 0 0 0 0
688 77 14322 0 0 0 0
689 78 14410 0 0 0 0
690 79 14493 0 0 0 0
691 79 14399 0 0 0 0
692 80 14480 0 0 0 0
693 79 14255 0 0 0 0
694 80 14505 0 0 0 0
695 78 14251 0 0 0 0
696 79 14438 0 0 0 0
697 79 14387 0 0 0 0
698 79 14359 0 0 0 0
699 80 14493 0 0 0 0
700 80 14497 0 0 0 0
701 79 14385 0 0 0 0
702 78 14351 0 0 0 0
703 77 14257 0 0 0 0
704 77 14345 0 0 0 0
705 78 14533 0 0 0 0
706 78 14426 0 0 0 0
707 78 14437 0 0 0 0
708 78 14395 0 0 0 0
709 78 14385 0 0 0 0
710 79 14524 0 0 0 0
711 78 14289 0 0 0 0
712 79 14461 0 0 0 0
713 79 14480 0 0 0 0
714 79 14404 0 0 0 0
715 79 14393 0 0 0 0
716 79 14449 0 0 0 0
717 78 14335 0 0 0 0
718 77 14265 0 0 0 0
719 78 14462 0 0 0 0
720 78 14494 0 0 0 0
721 77 14423 0 0 0 0
722 77 14387 0 0 0 0
723 77 14383 0 0 0 0
724 77 14340 0 0 0 0
725 78 14390 0 0 0 0
726 78 14330 0 0 0 0
727 76 13919 2 0 0 0
728 76 13857 2 0 0 0
729 76 13808 2 0 0 0
730 77 14021 2 0 0 0
731 76 13798 2 0 0 0
732 76 13818 2 0 0 0
733 76 13773 2 0 0 0
734 76 13805 2 0 0 0
735 77 13986 2 0 0 0
736 76 13802 2 0 0 0
737 76 13906 2 0 0 0
738 76 13910 2 0 0 0
739 78 14380 0 0 0 0
740 78 14436 0 0 0 0
741 78 14459 0 0 0 0
742 77 14270 0 0 0 0
743 78 14492 0 0 0 0
744 77 14412 0 0 0 0
745 77 14468 0 0 0 0
746 76 14362 0 0 0 0
747 76 14428 0 0 0 0
748 76 14447 0 0 0 0
749 76 14432 0 0 0 0
750 76 14454 0 0 0 0
751 77 14525 0 0 0 0
752 76 14250 0 0 0 0
753 77 14405 0 0 0 0
754 78 14533 0 0 0 0
755 77 14329 0 0 0 0
756 78 14443 0 0 0 0
757 78 14426 0 0 0 0
758 78 14410 0 0 0 0
759 77 14236 0 0 0 0
760 78 14509 0 0 0 0
761 77 14355 0 0 0 0
762 77 14358 0 0 0 0
763 77 14399 0 0 0 0
764 77 14425 0 0 0 0
765 77 14406 0 0 0 0
766 77 14370 0 0 0 0
767 78 14469 0 0 0 0
768 78 14384 0 0 0 0
769 79 14469 0 0 0 0
770 80 14516 0 0 0 0
771 79 14383 0 0 0 0
772 78 14235 0 0 0 0
773 79 14413 0 0 0 0
774 79 14493 0 0 0 0
775 78 14344 0 0 0 0
776 78 14375 0 0 0 0
777 77 14316 0 0 0 0
778 77 14463 0 0 0 0
779 76 14441 0 0 0 0
780 75 14404 0 0 0 0
781 74 14356 0 0 0 0
782 73 14305 0 0 0 0
783 74 14426 0 0 0 0
784 75 14541 0 0 0 0
785 74 14370 0 0 0 0
786 74 14335 0 0 0 0
787 74 14308 0 0 0 0
788 75 14514 0 0 0 0
789 76 14507 0 0 0 0
790 76 14349 0 0 0 0
791 77 14364 0 0 0 0
792 78 14355 0 0 0 0
793 78 14331 0 0 0 0
794 78 14417 0 0 0 0
795 78 14391 0 0 0 0
796 78 14392 0 0 0 0
797 78 14308 0 0 0 0
798 79 14490 0 0 0 0
799 79 14473 0 0 0 0
800 78 14370 0 0 0 0
801 77 14360 0 0 0 0
802 76 14337 0 0 0 0
803 75 14278 0 0 0 0
804 74 14302 0 0 0 0
805 75 14494 0 0 0 0
806 75 14405 0 0 0 0
807 76 14571 0 0 0 0
808 75 14363 0 0 0 0
809 75 14425 0 0 0 0
810 74 14270 0 0 0 0
811 74 14383 0 0 0 0
812 74 14330 0 0 0 0
813 75 14441 0 0 0 0
814 75 14364 0 0 0 0
815 76 14533 0 0 0 0
816 76 14456 0 0 0 0
817 76 14434 0 0 0 0
818 76 14412 0 0 0 0
819 76 14364 0 0 0 0
820 77 14461 0 0 0 0
821 77 14457 0 0 0 0
822 77 14407 0 0 0 0
823 77 14391 0 0 0 0
824 77 14455 0 0 0 0
825 76 14352 0 0 0 0
826 76 14424 0 0 0 0
827 76 14424 0 0 0 0
828 76 14475 0 0 0 0
829 75 14299 0 0 0 0
830 75 14328 0 0 0 0
831 74 14256 0 0 0 0
832 74 14384 0 0 0 0
833 74 14391 0 0 0 0
834 75 14524 0 0 0 0
835 75 14355 0 0 0 0
836 76 14428 0 0 0 0
837 76 14331 0 0 0 0
838 77 14495 0 0 0 0
839 76 14260 0 0 0 0
840 77 14371 0 0 0 0
841 77 14330 0 0 0 0
842 78 14448 0 0 0 0
843 78 14400 0 0 0 0
844 78 14357 0 0 0 0
845 78 14366 0 0 0 0
846 77 14277 0 0 0 0
847 77 14455 0 0 0 0
848 77 14460 0 0 0 0
849 77 14504 0 0 0 0
850 76 14300 0 0 0 0
851 77 14518 0 0 0 0
852 76 14373 0 0 0 0
853 76 14427 0 0 0 0
854 76 14459 0 0 0 0
855 76 14488 0 0 0 0
856 75 14303 0 0 0 0
857 76 14505 0 0 0 0
858 76 14493 0 0 0 0
859 76 14418 0 0 0 0
860 75 14280 0 0 0 0
861 75 14306 0 0 0 0
862 76 14459 0 0 0 0
863 75 14302 0 0 0 0
864 75 14317 0 0 0 0
865 76 14508 0 0 0 0
866 75 14345 0 0 0 0
867 75 14310 0 0 0 0
868 76 14518 0 0 0 0
869 75 14326 0 0 0 0
870 75 14318 0 0 0 0
871 75 14333 0 0 0 0
872 76 14489 0 0 0 0
873 76 14439 0 0 0 0
874 76 14458 0 0 0 0
875 76 14445 0 0 0 0
876 76 14415 0 0 0 0
877 75 14322 0 0 0 0
878 75 14367 0 0 0 0
879 76 14555 0 0 0 0
880 75 14332 0 0 0 0
881 76 14473 0 0 0 0
882 76 14483 0 0 0 0
883 76 14549 0 0 0 0
884 75 14331 0 0 0 0
885 76 14493 0 0 0 0
886 75 14333 0 0 0 0
887 75 14311 0 0 0 0
888 75 14398 0 0 0 0
889 76 14452 0 0 0 0
890 76 14403 0 0 0 0
891 76 14414 0 0 0 0
892 76 14453 0 0 0 0
893 75 14261 0 0 0 0
894 76 14449 0 0 0 0
895 76 14361 0 0 0 0
896 76 14346 0 0 0 0
897 76 14405 0 0 0 0
898 76 14368 0 0 0 0
899 76 14401 0 0 0 0
900 77 14502 0 0 0 0
901 76 14352 0 0 0 0
902 76 14358 0 0 0 0
903 75 14255 0 0 0 0
904 75 14307 0 0 0 0
905 75 14400 0 0 0 0
906 74 14211 0 0 0 0
907 75 14413 0 0 0 0
908 75 14457 0 0 0 0
909 75 14413 0 0 0 0
910 75 14377 0 0 0 0
911 75 14381 0 0 0 0
912 75 14431 0 0 0 0
913 75 14370 0 0 0 0
914 76 14504 0 0 0 0
915 76 14393 0 0 0 0
916 77 14486 0 0 0 0
917 77 14401 0 0 0 0
918 78 14475 0 0 0 0
919 78 14436 0 0 0 0
920 78 14425 0 0 0 0
921 77 14254 0 0 0 0
922 78 14509 0 0 0 0
923 78 14481 0 0 0 0
924 77 14327 0 0 0 0
925 77 14437 0 0 0 0
926 76 14356 0 0 0 0
927 76 14468 0 0 0 0
928 75 14339 0 0 0 0
929 75 14410 0 0 0 0
930 74 14347 0 0 0 0
931 73 14237 0 0 0 0
932 74 14427 0 0 0 0
933 74 14428 0 0 0 0
934 74 14372 0 0 0 0
935 75 14490 0 0 0 0
936 75 14415 0 0 0 0
937 76 14476 0 0 0 0
938 76 14398 0 0 0 0
939 77 14454 0 0 0 0
940 77 14421 0 0 0 0
941 77 14388 0 0 0 0
942 78 14542 0 0 0 0
943 78 14530 0 0 0 0
944 77 14395 0 0 0 0
945 77 14474 0 0 0 0
946 76 14397 0 0 0 0
947 75 14339 0 0 0 0
948 75 14370 0 0 0 0
949 75 14423 0 0 0 0
950 75 14389 0 0 0 0
951 75 14339 0 0 0 0
952 75 14345 0 0 0 0
953 75 14398 0 0 0 0
954 74 14259 0 0 0 0
955 74 14277 0 0 0 0
956 74 14275 0 0 0 0
957 75 14410 0 0 0 0
958 76 14466 0 0 0 0
959 76 14419 0 0 0 0
960 76 14421 0 0 0 0
961 76 14390 0 0 0 0
962 76 14490 0 0 0 0
963 76 14459 0 0 0 0
964 76 14443 0 0 0 0
965 76 14427 0 0 0 0
966 77 14566 0 0 0 0
967 77 14553 0 0 0 0
968 77 14491 0 0 0 0
969 76 14353 0 0 0 0
970 75 14228 0 0 0 0
971 76 14432 0 0 0 0
972 76 14380 0 0 0 0
973 76 14383 0 0 0 0
974 76 14339 0 0 0 0
975 75 14356 0 0 0 0
976 75 14359 0 0 0 0
977 76 14490 0 0 0 0
978 75 14253 0 0 0 0
979 76 14405 0 0 0 0
980 76 14374 0 0 0 0
981 77 14490 0 0 0 0
982 77 14469 0 0 0 0
983 76 14248 0 0 0 0
984 77 14455 0 0 0 0
985 77 14435 0 0 0 0
986 77 14389 0 0 0 0
987 78 14335 0 0 0 0
988 78 14404 0 0 0 0
989 78 14299 0 0 0 0
990 79 14419 0 0 0 0
991 78 14273 0 0 0 0
992 79 14469 0 0 0 0
993 78 14252 0 0 0 0
994 79 14404 0 0 0 0
995 80 14527 0 0 0 0
996 79 14333 0 0 0 0
997 79 14296 0 0 0 0
998 80 14461 0 0 0 0
999 79 14399 0 0 0 0
1000 80 14478 0 0 0 0
1001 79 14395 0 0 0 0
1002 79 14496 0 0 0 0
1003 79 14427 0 0 0 0
1004 79 14396 0 0 0 0
1005 79 14517 0 0 0 0
1006 78 14355 0 0 0 0
1007 78 14443 0 0 0 0
1008 78 14424 0 0 0 0
1009 78 14484 0 0 0 0
1010 77 14358 0 0 0 0
1011 77 14410 0 0 0 0
1012 77 14454 0 0 0 0
1013 77 14424 0 0 0 0
1014 77 14390 0 0 0 0
1015 77 14377 0 0 0 0
1016 77 14378 0 0 0 0
1017 77 14279 0 0 0 0
1018 78 14524 0 0 0 0
1019 77 14309 0 0 0 0
1020 77 14342 0 0 0 0
1021 77 14360 0 0 0 0
1022 77 14354 0 0 0 0
1023 78 14481 0 0 0 0
1024 78 14352 0 0 0 0
1025 78 14341 0 0 0 0
1026 78 14361 0 0 0 0
1027 79 14461 0 0 0 0
1028 78 14338 0 0 0 0
1029 79 14563 0 0 0 0
1030 78 14363 0 0 0 0
1031 78 14413 0 0 0 0
1032 79 14551 0 0 0 0
1033 78 14366 0 0 0 0
1034 79 14514 0 0 0 0
1035 78 14322 0 0 0 0
1036 79 14470 0 0 0 0
1037 78 14374 1 0 0 0
1038 77 14110 1 0 0 0
1039 77 14148 1 0 0 0
1040 77 14184 1 0 0 0
1041 77 14148 1 0 0 0
1042 78 14233 1 0 0 0
1043 78 14125 1 0 0 0
1044 78 14096 1 0 0 0
1045 79 14218 1 0 0 0
1046 79 14182 1 0 0 0
1047 79 14197 1 0 0 0
1048 78 14077 1 0 0 0
1049 80 14318 0 0 0 0
1050 81 14531 0 0 0 0
1051 81 14510 0 0 0 0
1052 82 14530 0 0 0 0
1053 81 14355 0 0 0 0
1054 82 14407 0 0 0 0
1055 82 14541 0 0 0 0
1056 81 14409 0 0 0 0
1057 81 14445 0 0 0 0
1058 80 14380 0 0 0 0
1059 80 14424 0 0 0 0
1060 80 14501 0 0 0 0
1061 79 14373 0 0 0 0
1062 78 14248 0 0 0 0
1063 78 14326 0 0 0 0
1064 78 14416 0 0 0 0
1065 78 14419 0 0 0 0
1066 77 14401 0 0 0 0
1067 77 14343 0 0 0 0
1068 78 14471 0 0 0 0
1069 77 14276 0 0 0 0
1070 78 14410 0 0 0 0
1071 78 14423 0 0 0 0
1072 77 14255 0 0 0 0
1073 78 14492 0 0 0 0
1074 78 14533 0 0 0 0
1075 77 14406 0 0 0 0
1076 76 14272 0 0 0 0
1077 77 14356 0 0 0 0
1078 77 14317 0 0 0 0
1079 77 14309 0 0 0 0
1080 77 14298 0 0 0 0
1081 78 14514 0 0 0 0
1082 78 14437 0 0 0 0
1083 79 14469 0 0 0 0
1084 78 14364 0 0 0 0
1085 77 14246 0 0 0 0
1086 78 14374 0 0 0 0
1087 78 14368 0 0 0 0
1088 78 14405 0 0 0 0
1089 77 14327 0 0 0 0
1090 77 14460 0 0 0 0
1091 77 14509 0 0 0 0
1092 76 14443 0 0 0 0
1093 75 14312 0 0 0 0
1094 74 14224 0 0 0 0
1095 73 14240 0 0 0 0
1096 75 14535 0 0 0 0
1097 75 14448 0 0 0 0
1098 74 14284 0 0 0 0
1099 75 14460 0 0 0 0
1100 75 14411 0 0 0 0
1101 75 14448 0 0 0 0
1102 75 14422 0 0 0 0
1103 75 14415 0 0 0 0
1104 75 14394 0 0 0 0
1105 75 14367 0 0 0 0
1106 75 14402 0 0 0 0
1107 75 14422 0 0 0 0
1108 75 14450 0 0 0 0
1109 75 14481 0 0 0 0
1110 75 14514 0 0 0 0
1111 74 14314 0 0 0 0
1112 74 14382 0 0 0 0
1113 74 14366 0 0 0 0
1114 74 14398 0 0 0 0
1115 74 14373 0 0 0 0
1116 74 14365 0 0 0 0
1117 74 14399 0 0 0 0
1118 75 14552 0 0 0 0
1119 75 14508 0 0 0 0
1120 75 14386 0 0 0 0
1121 76 14437 0 0 0 0
1122 77 14466 0 0 0 0
1123 77 14478 0 0 0 0
1124 77 14358 0 0 0 0
1125 79 14576 0 0 0 0
1126 78 14276 0 0 0 0
1127 79 14376 0 0 0 0
1128 79 14396 0 0 0 0
1129 80 14514 0 0 0 0
1130 79 14354 0 0 0 0
1131 79 14386 0 0 0 0
1132 78 14333 0 0 0 0
1133 77 14311 0 0 0 0
1134 76 14285 0 0 0 0
1135 76 14281 0 0 0 0
1136 77 14571 0 0 0 0
1137 75 14367 0 0 0 0
1138 75 14444 0 0 0 0
1139 74 14345 0 0 0 0
1140 74 14360 0 0 0 0
1141 74 14387 0 0 0 0
1142 74 14407 0 0 0 0
1143 74 14384 0 0 0 0
1144 75 14401 0 0 0 0
1145 76 14497 0 0 0 0
1146 76 14518 0 0 0 0
1147 76 14500 0 0 0 0
1148 75 14272 0 0 0 0
1149 76 14429 0 0 0 0
1150 75 14289 0 0 0 0
1151 76 14542 0 0 0 0
1152 75 14404 0 0 0 0
1153 75 14423 0 0 0 0
1154 75 14381 0 0 0 0
1155 75 14395 0 0 0 0
1156 74 14369 0 0 0 0
1157 73 14295 0 0 0 0
1158 73 14319 0 0 0 0
1159 73 14353 0 0 0 0
1160 73 14417 0 0 0 0
1161 72 14272 0 0 0 0
1162 73 14433 0 0 0 0
1163 72 14253 0 0 0 0
1164 73 14391 0 0 0 0
1165 73 14389 0 0 0 0
1166 73 14362 0 0 0 0
1167 73 14315 0 0 0 0
1168 74 14505 0 0 0 0
1169 74 14401 0 0 0 0
1170 74 14301 0 0 0 0
1171 75 14459 0 0 0 0
1172 75 14382 0 0 0 0
1173 76 14493 0 0 0 0
1174 76 14435 0 0 0 0
1175 76 14388 0 0 0 0
1176 77 14568 0 0 0 0
1177 76 14381 0 0 0 0
1178 76 14370 0 0 0 0
1179 77 14460 0 0 0 0
1180 77 14352 0 0 0 0
1181 78 14400 0 0 0 0
1182 78 14471 0 0 0 0
1183 77 14393 0 0 0 0
1184 77 14418 0 0 0 0
1185 76 14327 0 0 0 0
1186 76 14391 0 0 0 0
1187 76 14387 0 0 0 0
1188 76 14374 0 0 0 0
1189 76 14348 0 0 0 0
1190 76 14380 0 0 0 0
1191 76 14481 0 0 0 0
1192 75 14370 0 0 0 0
1193 74 14350 0 0 0 0
1194 75 14458 0 0 0 0
1195 75 14311 0 0 0 0
1196 76 14436 0 0 0 0
1197 77 14513 0 0 0 0
1198 77 14462 0 0 0 0
1199 78 14550 0 0 0 0
1200 77 14293 0 0 0 0
1201 77 14335 0 0 0 0
1202 78 14473 0 0 0 0
1203 77 14287 0 0 0 0
1204 78 14494 0 0 0 0
1205 78 14536 0 0 0 0
1206 77 14407 0 0 0 0
1207 77 14469 0 0 0 0
1208 76 14338 0 0 0 0
1209 75 14242 0 0 0 0
1210 76 14468 0 0 0 0
1211 75 14334 0 0 0 0
1212 75 14426 0 0 0 0
1213 75 14411 0 0 0 0
1214 74 14300 0 0 0 0
1215 75 14460 0 0 0 0
1216 74 14291 0 0 0 0
1217 74 14320 0 0 0 0
1218 74 14268 0 0 0 0
1219 75 14460 0 0 0 0
1220 75 14420 0 0 0 0
1221 76 14555 0 0 0 0
1222 75 14340 0 0 0 0
1223 75 14370 0 0 0 0
1224 76 14497 0 0 0 0
1225 76 14462 0 0 0 0
1226 77 14579 0 0 0 0
1227 75 14281 0 0 0 0
1228 76 14470 0 0 0 0
1229 76 14412 0 0 0 0
1230 76 14476 0 0 0 0
1231 76 14366 0 0 0 0
1232 77 14422 0 0 0 0
1233 77 14360 0 0 0 0
1234 78 14367 0 0 0 0
1235 79 14467 0 0 0 0
1236 78 14300 0 0 0 0
1237 78 14388 0 0 0 0
1238 78 14414 0 0 0 0
1239 79 14473 0 0 0 0
1240 79 14363 0 0 0 0
1241 80 14468 0 0 0 0
1242 80 14432 0 0 0 0
1243 79 14336 0 0 0 0
1244 79 14472 0 0 0 0
1245 79 14352 0 0 0 0
1246 78 14341 0 0 0 0
1247 78 14301 0 0 0 0
1248 79 14429 0 0 0 0
1249 79 14386 0 0 0 0
1250 79 14360 0 0 0 0
1251 79 14385 0 0 0 0
1252 79 14389 0 0 0 0
1253 78 14254 0 0 0 0
1254 79 14403 0 0 0 0
1255 79 14361 0 0 0 0
1256 79 14334 0 0 0 0
1257 79 14490 0 0 0 0
1258 79 14404 0 0 0 0
1259 79 14502 0 0 0 0
1260 79 14448 0 0 0 0
1261 80 14471 0 0 0 0
1262 79 14384 0 0 0 0
1263 79 14468 0 0 0 0
1264 79 14441 0 0 0 0
1265 80 14501 0 0 0 0
1266 80 14438 0 0 0 0
1267 81 14553 0 0 0 0
1268 81 14464 0 0 0 0
1269 81 14332 0 0 0 0
1270 82 14439 0 0 0 0
1271 82 14333 0 0 0 0
1272 82 14377 0 0 0 0
1273 82 14405 0 0 0 0
1274 83 14399 0 0 0 0
1275 83 14395 0 0 0 0
1276 83 14439 0 0 0 0
1277 82 14357 0 0 0 0
1278 82 14412 0 0 0 0
1279 81 14325 0 0 0 0
1280 80 14276 0 0 0 0
1281 80 14452 0 0 0 0
1282 79 14496 0 0 0 0
1283 78 14464 0 0 0 0
1284 77 14322 0 0 0 0
1285 77 14429 0 0 0 0
1286 76 14322 0 0 0 0
1287 76 14333 0 0 0 0
1288 76 14369 0 0 0 0
1289 76 14379 0 0 0 0
1290 76 14266 0 0 0 0
1291 77 14382 0 0 0 0
1292 78 14453 0 0 0 0
1293 77 14249 0 0 0 0
1294 78 14387 0 0 0 0
1295 79 14439 0 0 0 0
1296 80 14505 0 0 0 0
1297 80 14286 0 0 0 0
1298 82 14515 0 0 0 0
1299 82 14373 0 0 0 0
1300 82 14440 0 0 0 0
1301 82 14505 0 0 0 0
1302 81 14481 0 0 0 0
1303 80 14422 0 0 0 0
1304 79 14429 0 0 0 0
1305 79 14496 0 0 0 0
1306 78 14319 0 0 0 0
1307 77 14235 0 0 0 0
1308 77 14391 0 0 0 0
1309 76 14433 0 0 0 0
1310 74 14253 0 0 0 0
1311 75 14526 0 0 0 0
1312 74 14272 0 0 0 0
1313 75 14384 0 0 0 0
1314 75 14335 0 0 0 0
1315 76 14410 0 0 0 0
1316 77 14463 0 0 0 0
1317 77 14351 0 0 0 0
1318 78 14480 0 0 0 0
1319 78 14421 0 0 0 0
1320 78 14379 0 0 0 0
1321 78 14321 0 0 0 0
1322 78 14376 0 0 0 0
1323 78 14435 0 0 0 0
1324 78 14354 0 0 0 0
1325 77 14253 0 0 0 0
1326 78 14439 0 0 0 0
1327 77 14319 0 0 0 0
1328 76 14249 0 0 0 0
1329 77 14444 0 0 0 0
1330 76 14297 0 0 0 0
1331 77 14509 0 0 0 0
1332 76 14310 0 0 0 0
1333 77 14549 0 0 0 0
1334 77 14488 0 0 0 0
1335 77 14349 0 0 0 0
1336 77 14480 0 0 0 0
1337 78 14512 0 0 0 0
1338 78 14479 0 0 0 0
1339 78 14386 0 0 0 0
1340 79 14438 0 0 0 0
1341 78 14302 0 0 0 0
1342 79 14490 0 0 0 0
1343 78 14325 0 0 0 0
1344 79 14437 0 0 0 0
1345 79 14324 0 0 0 0
1346 80 14406 0 0 0 0
1347 79 14286 0 0 0 0
1348 80 14459 0 0 0 0
1349 79 14336 0 0 0 0
1350 79 14377 0 0 0 0
1351 79 14470 0 0 0 0
1352 78 14396 0 0 0 0
1353 78 14455 0 0 0 0
1354 77 14310 0 0 0 0
1355 78 14497 0 0 0 0
1356 78 14513 0 0 0 0
1357 77 14362 0 0 0 0
1358 77 14449 0 0 0 0
1359 77 14467 0 0 0 0
1360 77 14429 0 0 0 0
1361 77 14416 0 0 0 0
1362 77 14407 0 0 0 0
1363 77 14345 0 0 0 0
1364 78 14485 0 0 0 0
1365 78 14389 0 0 0 0
1366 79 14511 0 0 0 0
1367 78 14306 0 0 0 0
1368 78 14356 0 0 0 0
1369 78 14388 0 0 0 0
1370 78 14389 0 0 0 0
1371 78 14404 0 0 0 0
1372 78 14358 0 0 0 0
1373 79 14508 0 0 0 0
1374 78 14297 0 0 0 0
1375 79 14417 0 0 0 0
1376 79 14333 0 0 0 0
1377 80 14500 0 0 0 0
1378 79 14289 0 0 0 0
1379 79 14346 0 0 0 0
1380 79 14413 0 0 0 0
1381 79 14471 0 0 0 0
1382 79 14447 0 0 0 0
1383 79 14355 0 0 0 0
1384 79 14309 0 0 0 0
1385 79 14254 0 0 0 0
1386 80 14414 0 0 0 0
1387 80 14397 0 0 0 0
1388 80 14421 0 0 0 0
1389 80 14385 0 0 0 0
1390 80 14477 0 0 0 0
1391 81 14573 0 0 0 0
1392 80 14336 0 0 0 0
1393 81 14443 0 0 0 0
1394 80 14258 0 0 0 0
1395 81 14453 0 0 0 0
1396 81 14479 0 0 0 0
1397 81 14538 0 0 0 0
1398 80 14408 0 0 0 0
1399 80 14496 0 0 0 0
1400 79 14378 0 0 0 0
1401 79 14413 0 0 0 0
1402 79 14353 0 0 0 0
1403 79 14369 0 0 0 0
1404 79 14355 0 0 0 0
1405 78 14280 0 0 0 0
1406 79 14480 0 0 0 0
1407 79 14413 0 0 0 0
1408 79 14430 0 0 0 0
1409 78 14286 0 0 0 0
1410 79 14467 0 0 0 0
1411 79 14353 0 0 0 0
1412 79 14444 0 0 0 0
1413 78 14279 0 0 0 0
1414 78 14330 0 0 0 0
1415 78 14353 0 0 0 0
1416 78 14378 0 0 0 0
1417 79 14507 0 0 0 0
1418 78 14297 0 0 0 0
1419 78 14431 0 0 0 0
1420 77 14296 0 0 0 0
1421 77 14353 0 0 0 0
1422 77 14392 0 0 0 0
1423 76 14346 0 0 0 0
1424 77 14463 0 0 0 0
1425 77 14530 0 0 0 0
1426 77 14507 0 0 0 0
1427 76 14470 0 0 0 0
1428 76 14525 0 0 0 0
1429 75 14409 0 0 0 0
1430 75 14509 0 0 0 0
1431 74 14455 0 0 0 0
1432 74 14470 0 0 0 0
1433 73 14380 0 0 0 0
1434 72 14314 0 0 0 0
1435 72 14398 0 0 1 1
1436 71 14281 0 0 1 0
1437 71 14272 0 0 1 0
1438 71 14330 0 0 1 0
1439 71 14227 0 0 1 0
1440 72 14429 0 0 1 0
1441 72 14389 0 0 1 1
1442 72 14329 0 0 1 0
1443 72 14242 0 0 0 0
1444 73 14407 0 0 0 0
1445 75 14477 0 0 0 0
1446 76 14401 0 0 0 0
1447 77 14509 0 0 0 0
1448 77 14487 0 0 0 0
1449 77 14539 0 0 0 0
1450 77 14532 0 0 0 0
1451 76 14407 0 0 0 0
1452 75 14248 0 0 0 0
1453 75 14302 0 0 0 0
1454 75 14391 0 0 0 0
1455 75 14456 0 0 0 0
1456 74 14361 0 0 0 0
1457 73 14444 0 0 0 0
1458 72 14453 0 0 1 1
1459 71 14322 0 0 1 0
1460 71 14313 0 0 1 0
1461 71 14287 0 0 1 0
1462 71 14303 0 0 1 0
1463 72 14450 0 0 1 0
1464 72 14503 0 0 1 1
1465 72 14511 0 0 1 0
1466 72 14471 0 0 1 0
1467 72 14452 0 0 1 0
1468 72 14399 0 0 1 0
1469 72 14365 0 0 1 0
1470 72 14336 0 0 1 1
1471 72 14354 0 0 1 0
1472 72 14397 0 0 1 0
1473 72 14420 0 0 1 0
1474 72 14405 0 0 1 0
1475 73 14493 0 0 0 0
