block n60 sum_rr60 bad60 hold drowsy
0 4 830 1 1 0
1 10 2026 1 1 0
2 16 3253 1 1 0
3 22 4414 1 1 0
4 29 5774 1 1 0
5 35 6971 1 1 0
6 41 8188 1 1 0
7 46 9215 1 1 0
8 52 10440 1 1 0
9 58 11642 1 1 0
10 64 12868 1 1 0
11 70 14089 1 1 0
12 72 14507 0 1 0
13 72 14520 0 1 0
14 72 14511 0 1 0
15 72 14529 0 1 0
16 71 14392 0 1 0
17 70 14241 0 1 0
18 70 14247 0 1 0
19 71 14405 0 1 0
20 71 14406 0 1 0
21 71 14425 0 1 0
22 71 14415 0 1 0
23 71 14427 0 1 0
24 71 14413 0 1 0
25 71 14449 0 1 0
26 70 14255 0 1 0
27 70 14325 0 1 0
28 70 14347 0 1 0
29 71 14538 0 1 0
30 71 14535 0 1 0
31 71 14563 0 1 0
32 71 14517 0 1 0
33 71 14496 0 1 0
34 71 14507 0 1 0
35 70 14300 0 1 0
36 70 14282 0 0 0
37 70 14275 0 0 0
38 71 14525 0 0 0
39 71 14513 0 0 0
40 71 14480 0 0 0
41 70 14269 0 0 0
42 70 14274 0 0 0
43 70 14296 0 0 0
44 70 14333 0 0 0
45 70 14383 0 0 0
46 70 14406 0 0 0
47 70 14436 0 0 0
48 70 14493 0 0 0
49 70 14513 0 0 0
50 69 14307 0 0 0
51 69 14354 0 0 0
52 69 14370 0 0 0
53 70 14573 0 0 0
54 70 14546 0 0 0
55 69 14335 0 0 0
56 69 14328 0 0 0
57 70 14448 0 0 0
58 70 14386 0 0 0
59 71 14524 0 0 0
60 71 14440 0 0 0
61 71 14403 0 0 0
62 72 14539 0 0 0
63 72 14465 0 0 0
64 72 14361 0 0 0
65 72 14310 0 0 0
66 72 14348 0 0 0
67 73 14538 0 0 0
68 73 14572 0 0 0
69 71 14264 0 0 0
70 71 14291 0 0 0
71 71 14292 0 0 0
72 71 14324 0 0 0
73 71 14302 0 0 0
74 71 14298 0 0 0
75 71 14315 0 0 0
76 71 14413 0 0 0
77 71 14440 0 0 0
78 71 14415 0 0 0
79 71 14359 0 0 0
80 71 14357 0 0 0
81 71 14341 0 0 0
82 71 14390 0 0 0
83 71 14416 0 0 0
84 71 14410 0 0 0
85 71 14454 0 0 0
86 70 14329 0 0 0
87 70 14402 0 0 0
88 70 14408 0 0 0
89 70 14417 0 0 0
90 70 14410 0 0 0
91 69 14296 0 0 0
92 69 14308 0 0 0
93 70 14494 0 0 0
94 70 14479 0 0 0
95 70 14423 0 0 0
96 70 14314 0 0 0
97 70 14280 0 0 0
98 71 14477 0 0 0
99 70 14288 0 0 0
100 70 14366 0 0 0
101 70 14428 0 0 0
102 69 14284 0 0 0
103 70 14478 0 0 0
104 70 14434 0 0 0
105 70 14417 0 0 0
106 70 14406 0 0 0
107 70 14460 0 0 0
108 69 14392 0 0 0
109 69 14381 0 0 0
110 70 14498 0 0 0
111 71 14581 0 0 0
112 70 14296 0 0 0
113 70 14257 0 0 0
114 71 14438 0 0 0
115 71 14452 0 0 0
116 71 14394 0 0 0
117 71 14454 0 0 0
118 70 14307 0 0 0
119 70 14396 0 0 0
120 70 14431 0 0 0
121 70 14493 0 0 0
122 69 14369 0 0 0
123 68 14249 0 0 0
124 69 14458 0 0 0
125 69 14476 0 0 0
126 69 14468 0 0 0
127 69 14465 0 0 0
128 68 14358 0 0 0
129 68 14323 0 0 0
130 69 14436 0 0 0
131 69 14349 0 0 0
132 70 14514 0 0 0
133 69 14309 0 0 0
134 69 14314 0 0 0
135 70 14381 0 0 0
136 70 14428 0 0 0
137 70 14434 0 0 0
138 69 14315 0 0 0
139 69 14359 0 0 0
140 69 14368 0 0 0
141 69 14414 0 0 0
142 69 14470 0 0 0
143 68 14302 0 0 0
144 68 14288 0 0 0
145 69 14453 0 0 0
146 69 14443 0 0 0
147 68 14385 0 0 0
148 68 14393 0 0 0
149 68 14397 0 0 0
150 68 14327 0 0 0
151 68 14292 0 0 0
152 69 14479 0 0 0
153 69 14408 0 0 0
154 69 14363 0 0 0
155 70 14560 0 0 0
156 69 14390 0 0 0
157 69 14462 0 0 0
158 68 14295 0 0 0
159 69 14435 0 0 0
160 70 14515 0 0 0
161 70 14418 0 0 0
162 71 14534 0 0 0
163 71 14486 0 0 0
164 71 14439 0 0 0
165 71 14415 0 0 0
166 71 14338 0 0 0
167 72 14409 0 0 0
168 72 14388 0 0 0
169 72 14348 0 0 0
170 73 14527 0 0 0
171 73 14565 0 0 0
172 71 14209 0 0 0
173 71 14261 0 0 0
174 71 14363 0 0 0
175 71 14394 0 0 0
176 71 14394 0 0 0
177 71 14457 0 0 0
178 70 14377 0 0 0
179 69 14323 0 0 0
180 70 14537 0 0 0
181 70 14535 0 0 0
182 69 14282 0 0 0
183 69 14282 0 0 0
184 70 14488 0 0 0
185 70 14510 0 0 0
186 70 14485 0 0 0
187 70 14468 0 0 0
188 69 14304 0 0 0
189 69 14233 0 0 0
190 70 14411 0 0 0
191 70 14374 0 0 0
192 71 14392 0 0 0
193 71 14342 0 0 0
194 72 14569 0 0 0
195 71 14365 0 0 0
196 71 14396 0 0 0
197 71 14411 0 0 0
198 71 14391 0 0 0
199 71 14357 0 0 0
200 72 14429 0 0 0
201 72 14407 0 0 0
202 73 14497 0 0 0
203 73 14452 0 0 0
204 72 14385 0 0 0
205 72 14382 0 0 0
206 72 14342 0 0 0
207 73 14538 0 0 0
208 72 14315 0 0 0
209 72 14328 0 0 0
210 72 14367 0 0 0
211 72 14414 0 0 0
212 71 14348 0 0 0
213 71 14439 0 0 0
214 70 14372 0 0 0
215 70 14432 0 0 0
216 69 14264 0 0 0
217 69 14323 0 0 0
218 69 14427 0 0 0
219 68 14240 0 0 0
220 69 14467 0 0 0
221 69 14447 0 0 0
222 69 14431 0 0 0
223 68 14237 0 0 0
224 69 14430 0 0 0
225 69 14405 0 0 0
226 69 14371 0 0 0
227 69 14366 0 0 0
228 70 14581 0 0 0
229 69 14360 0 0 0
230 69 14319 0 0 0
231 70 14508 0 0 0
232 69 14326 0 0 0
233 69 14320 0 0 0
234 69 14299 0 0 0
235 70 14527 0 0 0
236 70 14559 0 0 0
237 69 14388 0 0 0
238 69 14401 0 0 0
239 69 14388 0 0 0
240 69 14340 0 0 0
241 70 14494 0 0 0
242 70 14401 0 0 0
243 70 14321 0 0 0
244 72 14586 0 0 0
245 72 14419 0 0 0
246 72 14488 0 0 0
247 71 14270 0 0 0
248 71 14263 0 0 0
249 72 14481 0 0 0
250 72 14477 0 0 0
251 72 14476 0 0 0
252 71 14316 0 0 0
253 71 14367 0 0 0
254 71 14414 0 0 0
255 71 14523 0 0 0
256 69 14258 0 0 0
257 69 14427 0 0 0
258 69 14431 0 0 0
259 69 14426 0 0 0
260 69 14459 0 0 0
261 69 14408 0 0 0
262 69 14426 0 0 0
263 68 14255 0 0 0
264 69 14460 0 0 0
265 69 14491 0 0 0
266 69 14482 0 0 0
267 69 14403 0 0 0
268 70 14484 0 0 0
269 71 14457 0 0 0
270 71 14386 0 0 0
271 72 14567 0 0 0
272 71 14288 0 0 0
273 71 14293 0 0 0
274 71 14308 0 0 0
275 72 14533 0 0 0
276 71 14340 0 0 0
277 71 14305 0 0 0
278 71 14321 0 0 0
279 71 14307 0 0 0
280 71 14392 0 0 0
281 70 14412 0 0 0
282 70 14414 0 0 0
283 69 14250 0 0 0
284 70 14509 0 0 0
285 70 14501 0 0 0
286 70 14486 0 0 0
287 69 14248 0 0 0
288 70 14440 0 0 0
289 70 14441 0 0 0
290 70 14439 0 0 0
291 70 14480 0 0 0
292 69 14300 0 0 0
293 69 14303 0 0 0
294 69 14328 0 0 0
295 70 14512 0 0 0
296 70 14488 0 0 0
297 69 14272 0 0 0
298 69 14243 0 0 0
299 70 14410 0 0 0
300 70 14396 0 0 0
301 70 14374 0 0 0
302 70 14338 0 0 0
303 70 14335 0 0 0
304 71 14519 0 0 0
305 70 14332 0 0 0
306 70 14387 0 0 0
307 70 14393 0 0 0
308 69 14208 0 0 0
309 70 14477 0 0 0
310 70 14508 0 0 0
311 69 14396 0 0 0
312 69 14435 0 0 0
313 69 14431 0 0 0
314 69 14425 0 0 0
315 69 14481 0 0 0
316 68 14341 0 0 0
317 69 14587 0 0 0
318 68 14398 0 0 0
319 67 14233 0 0 0
320 68 14464 0 0 0
321 68 14452 0 0 0
322 68 14446 0 0 0
323 68 14408 0 0 0
324 68 14434 0 0 0
325 68 14474 0 0 0
326 67 14299 0 0 0
327 67 14249 0 0 0
328 68 14376 0 0 0
329 68 14306 0 0 0
330 69 14448 0 0 0
331 70 14614 0 0 0
332 69 14386 0 0 0
333 69 14427 0 0 0
334 68 14257 0 0 0
335 69 14448 0 0 0
336 69 14379 0 0 0
337 69 14386 0 0 0
338 69 14412 0 0 0
339 69 14451 0 0 0
340 69 14441 0 0 0
341 69 14434 0 0 0
342 69 14313 0 0 0
343 69 14335 0 0 0
344 70 14540 0 0 0
345 69 14355 0 0 0
346 70 14549 0 0 0
347 69 14337 0 0 0
348 69 14371 0 0 0
349 69 14353 0 0 0
350 70 14594 0 0 0
351 69 14397 0 0 0
352 69 14440 0 0 0
353 68 14292 0 0 0
354 68 14407 0 0 0
355 68 14381 0 0 0
356 68 14372 0 0 0
357 68 14291 0 0 0
358 68 14263 0 0 0
359 69 14484 0 0 0
360 69 14514 0 0 0
361 68 14339 0 0 0
362 69 14371 0 0 0
363 69 14348 0 0 0
364 69 14296 0 0 0
365 70 14423 0 0 0
366 70 14427 0 0 0
367 70 14424 0 0 0
368 70 14421 0 0 0
369 70 14445 0 0 0
370 70 14461 0 0 0
371 70 14330 0 0 0
372 71 14350 0 0 0
373 72 14399 0 0 0
374 71 14315 0 0 0
375 72 14556 0 0 0
376 71 14440 0 0 0
377 71 14522 0 0 0
378 70 14341 0 0 0
379 70 14318 0 0 0
380 70 14301 0 0 0
381 71 14471 0 0 0
382 71 14435 0 0 0
383 71 14529 0 0 0
384 70 14455 0 0 0
385 69 14407 0 0 0
386 69 14478 0 0 0
387 68 14292 0 0 0
388 69 14501 0 0 0
389 68 14318 0 0 0
390 69 14561 0 0 0
391 68 14422 0 0 0
392 68 14487 0 0 0
393 67 14334 0 0 0
394 67 14413 0 0 0
395 66 14257 0 0 1
396 66 14276 0 0 1
397 67 14475 0 0 1
398 67 14407 0 0 0
399 67 14337 0 0 0
400 67 14286 0 0 0
401 68 14459 0 0 0
402 68 14402 0 0 0
403 68 14359 0 0 0
404 68 14305 0 0 0
405 69 14451 0 0 0
406 69 14359 0 0 0
407 70 14488 0 0 0
408 70 14496 0 0 0
409 70 14453 0 0 0
410 69 14257 0 0 0
411 70 14433 0 0 0
412 71 14524 0 0 0
413 70 14358 0 0 0
414 70 14329 0 0 0
415 70 14353 0 0 0
416 70 14403 0 0 0
417 70 14480 0 0 0
418 69 14316 0 0 0
419 69 14374 0 0 0
420 69 14315 0 0 0
421 69 14281 0 0 0
422 70 14383 0 0 0
423 70 14387 0 0 0
424 69 14289 0 0 0
425 70 14405 0 0 0
426 70 14449 0 0 0
427 71 14585 0 0 0
428 70 14320 0 0 0
429 70 14326 0 0 0
430 71 14551 0 0 0
431 70 14316 0 0 0
432 70 14321 0 0 0
433 70 14350 0 0 0
434 70 14422 0 0 0
435 70 14466 0 0 0
436 70 14514 0 0 0
437 69 14336 0 0 0
438 69 14367 0 0 0
439 68 14242 0 0 0
440 69 14478 0 0 0
441 69 14467 0 0 0
442 68 14234 0 0 0
443 69 14486 0 0 0
444 69 14496 0 0 0
445 69 14481 0 0 0
446 69 14497 0 0 0
447 69 14451 0 0 0
448 69 14402 0 0 0
449 69 14370 0 0 0
450 69 14365 0 0 0
451 70 14573 0 0 0
452 69 14397 0 0 0
453 69 14395 0 0 0
454 69 14463 0 0 0
455 69 14456 0 0 0
456 68 14292 0 0 0
457 68 14382 0 0 0
458 68 14394 0 0 0
459 68 14451 0 0 0
460 67 14225 0 0 0
461 68 14415 0 0 0
462 68 14328 0 0 0
463 68 14274 0 0 0
464 69 14404 0 0 0
465 69 14326 0 0 0
466 70 14440 0 0 0
467 70 14405 0 0 0
468 70 14393 0 0 0
469 70 14361 0 0 0
470 70 14428 0 0 0
471 69 14213 0 0 0
472 70 14468 0 0 0
473 70 14498 0 0 0
474 70 14562 0 0 0
475 69 14459 0 0 0
476 68 14322 0 0 0
477 68 14386 0 0 0
478 68 14479 0 0 0
479 67 14322 0 0 0
480 68 14539 0 0 0
481 68 14508 0 0 0
482 68 14279 0 0 0
483 70 14588 0 0 0
484 70 14507 0 0 0
485 69 14285 0 0 0
486 69 14211 0 0 0
487 70 14307 0 0 0
488 71 14424 0 0 0
489 71 14387 0 0 0
490 71 14323 0 0 0
491 71 14316 0 0 0
492 71 14328 0 0 0
493 71 14390 0 0 0
494 70 14393 0 0 0
495 69 14292 0 0 0
496 69 14325 0 0 0
497 70 14568 0 0 0
498 69 14399 0 0 0
499 69 14409 0 0 0
500 69 14484 0 0 0
501 68 14334 0 0 0
502 68 14372 0 0 0
503 69 14566 0 0 0
504 68 14337 0 0 0
505 68 14287 0 0 0
506 69 14410 0 0 0
507 69 14327 0 0 0
508 69 14330 0 0 0
509 69 14275 0 0 0
510 70 14440 0 0 0
511 70 14430 0 0 0
512 70 14428 0 0 0
513 70 14428 0 0 0
514 70 14430 0 0 0
515 69 14230 0 0 0
516 70 14478 0 0 0
517 70 14466 0 0 0
518 70 14500 0 0 0
519 70 14566 0 0 0
520 69 14384 0 0 0
521 69 14455 0 0 0
522 69 14536 0 0 0
523 68 14363 0 0 0
524 68 14323 0 0 0
525 69 14497 0 0 0
526 68 14314 0 0 0
527 69 14546 0 0 0
528 68 14334 0 0 0
529 68 14347 0 0 0
530 68 14341 0 0 0
531 68 14317 0 0 0
532 69 14511 0 0 0
533 69 14474 0 0 0
534 68 14244 0 0 0
535 69 14444 0 0 0
536 69 14451 0 0 0
537 69 14403 0 0 0
538 70 14501 0 0 0
539 69 14276 0 0 0
540 70 14497 0 0 0
541 69 14344 0 0 0
542 69 14380 0 0 0
543 69 14421 0 0 0
544 69 14391 0 0 0
545 68 14246 0 0 0
546 69 14506 0 0 0
547 68 14340 0 0 0
548 68 14410 0 0 0
549 68 14461 0 0 0
550 67 14348 0 0 0
551 68 14568 0 0 0
552 67 14321 0 0 0
553 68 14501 0 0 0
554 68 14460 0 0 0
555 68 14388 0 0 0
556 68 14407 0 0 0
557 69 14525 0 0 0
558 69 14397 0 0 0
559 70 14505 0 0 0
560 70 14347 0 0 0
561 70 14281 0 0 0
562 71 14385 0 0 0
563 71 14328 0 0 0
564 72 14454 0 0 0
565 72 14411 0 0 0
566 71 14267 0 0 0
567 71 14378 0 0 0
568 71 14446 0 0 0
569 70 14322 0 0 0
570 70 14397 0 0 0
571 69 14270 0 0 0
572 69 14416 0 0 0
573 69 14498 0 0 0
574 68 14355 0 0 0
575 68 14391 0 0 0
576 68 14457 0 0 0
577 68 14459 0 0 0
578 68 14433 0 0 0
579 68 14344 0 0 0
580 68 14238 0 0 0
581 69 14385 0 0 0
582 69 14336 0 0 0
583 70 14558 0 0 0
584 69 14304 0 0 0
585 69 14240 0 0 0
586 70 14388 0 0 0
587 70 14358 0 0 0
588 70 14388 0 0 0
589 70 14375 0 0 0
590 71 14521 0 0 0
591 71 14525 0 0 0
592 71 14560 0 0 0
593 71 14540 0 0 0
594 71 14503 0 0 0
595 71 14430 0 0 0
596 72 14573 0 0 0
597 72 14551 0 0 0
598 72 14532 0 0 0
599 72 14523 0 0 0
600 71 14266 0 0 0
601 71 14316 0 0 0
602 71 14350 0 0 0
603 72 14444 0 0 0
604 72 14273 0 0 0
605 72 14295 0 0 0
606 72 14384 0 0 0
607 71 14219 0 0 0
608 71 14261 0 0 0
609 71 14252 0 0 0
610 72 14393 0 0 0
611 72 14268 0 0 0
612 74 14552 0 0 0
613 74 14425 0 0 0
614 74 14371 0 0 0
615 73 14292 0 0 0
616 73 14509 0 0 0
617 73 14509 0 0 0
618 72 14320 0 0 0
619 73 14526 0 0 0
620 73 14556 0 0 0
621 72 14405 0 0 0
622 71 14310 0 0 0
623 71 14426 0 0 0
624 70 14358 0 0 0
625 70 14503 0 0 0
626 69 14382 0 0 0
627 69 14385 0 0 0
628 69 14349 0 0 0
629 69 14320 0 0 0
630 70 14429 0 0 0
631 70 14386 0 0 0
632 70 14363 0 0 0
633 70 14452 0 0 0
634 70 14542 0 0 0
635 69 14366 0 0 0
636 69 14395 0 0 0
637 69 14350 0 0 0
638 69 14349 0 0 0
639 69 14394 0 0 0
640 69 14447 0 0 0
641 68 14313 0 0 0
642 68 14406 0 0 0
643 68 14410 0 0 0
644 68 14430 0 0 0
645 68 14341 0 0 0
646 68 14280 0 0 0
647 69 14493 0 0 0
648 69 14492 0 0 0
649 68 14266 0 0 0
650 69 14474 0 0 0
651 69 14387 0 0 0
652 69 14371 0 0 0
653 70 14542 0 0 0
654 70 14359 0 0 0
655 70 14416 0 0 0
656 70 14356 0 0 0
657 71 14555 0 0 0
658 70 14341 0 0 0
659 70 14328 0 0 0
660 70 14371 0 0 0
661 70 14416 0 0 0
662 70 14398 0 0 0
663 70 14412 0 0 0
664 70 14409 0 0 0
665 69 14264 0 0 0
666 69 14513 0 0 0
667 68 14377 0 0 0
668 67 14285 0 0 0
669 67 14341 0 0 0
670 67 14366 0 0 0
671 67 14405 0 0 0
672 67 14393 0 0 0
673 67 14424 0 0 1
674 67 14443 0 0 1
675 66 14348 0 0 1
676 66 14442 0 0 1
677 66 14402 0 0 1
678 66 14347 0 0 1
679 67 14443 0 0 1
680 67 14384 0 0 0
681 67 14318 0 0 0
682 68 14491 0 0 0
683 68 14484 0 0 0
684 67 14287 0 0 0
685 68 14527 0 0 0
686 67 14356 0 0 0
687 68 14480 0 0 0
688 68 14401 0 0 0
689 68 14393 0 0 0
690 68 14366 0 0 0
691 68 14412 0 0 0
692 68 14396 0 0 0
693 68 14417 0 0 0
694 68 14388 0 0 0
695 68 14318 0 0 0
696 69 14511 0 0 0
697 68 14295 0 0 0
698 69 14431 0 0 0
699 69 14349 0 0 0
700 70 14414 0 0 0
701 70 14431 0 0 0
702 70 14472 0 0 0
703 69 14275 0 0 0
704 70 14460 0 0 0
705 70 14453 0 0 0
706 70 14494 0 0 0
707 70 14520 0 0 0
708 70 14450 0 0 0
709 70 14408 0 0 0
710 70 14494 0 0 0
711 69 14409 0 0 0
712 68 14230 0 0 0
713 69 14437 0 0 0
714 69 14421 0 0 0
715 69 14452 0 0 0
716 68 14341 0 0 0
717 68 14382 0 0 0
718 68 14401 0 0 0
719 67 14235 0 0 0
720 67 14289 0 0 0
721 67 14328 0 0 0
722 67 14317 0 0 0
723 68 14518 0 0 0
724 67 14383 0 0 0
725 68 14397 0 0 0
726 68 14352 0 0 0
727 68 14299 0 0 0
728 69 14433 0 0 0
729 69 14399 0 0 0
730 69 14370 0 0 0
731 70 14520 0 0 0
732 69 14319 0 0 0
733 70 14459 0 0 0
734 70 14406 0 0 0
735 70 14425 0 0 0
736 70 14466 0 0 0
737 69 14482 0 0 0
738 68 14289 0 0 0
739 69 14508 0 0 0
740 69 14557 0 0 0
741 68 14351 0 0 0
742 68 14412 0 0 0
743 68 14458 0 0 0
744 68 14408 0 0 0
745 68 14411 0 0 0
746 68 14412 0 0 0
747 67 14197 0 0 0
748 68 14372 0 0 0
749 68 14291 0 0 0
750 69 14468 0 0 0
751 69 14405 0 0 0
752 69 14306 0 0 0
753 70 14511 0 0 0
754 70 14335 0 0 0
755 70 14339 0 0 0
756 71 14542 0 0 0
757 70 14329 0 0 0
758 70 14333 0 0 0
759 71 14548 0 0 0
760 70 14348 0 0 0
761 70 14386 0 0 0
762 70 14407 0 0 0
763 70 14426 0 0 0
764 70 14479 0 0 0
765 69 14282 0 0 0
766 69 14414 0 0 0
767 69 14443 0 0 0
768 68 14267 0 0 0
769 69 14561 0 0 0
770 68 14398 0 0 0
771 68 14430 0 0 0
772 68 14430 0 0 0
773 68 14416 0 0 0
774 68 14421 0 0 0
775 68 14398 0 0 0
776 68 14379 0 0 0
777 69 14520 0 0 0
778 69 14515 0 0 0
779 68 14263 0 0 0
780 69 14460 0 0 0
781 69 14360 0 0 0
782 70 14452 0 0 0
783 70 14335 0 0 0
784 71 14565 0 0 0
785 70 14380 0 0 0
786 70 14384 0 0 0
787 70 14411 0 0 0
788 70 14386 0 0 0
789 69 14286 0 0 0
790 69 14327 0 0 0
791 69 14378 0 0 0
792 69 14443 0 0 0
793 69 14447 0 0 0
794 69 14489 0 0 0
795 68 14337 0 0 0
796 68 14345 0 0 0
797 68 14358 0 0 0
798 68 14438 0 0 0
799 68 14428 0 0 0
800 67 14267 0 0 0
801 68 14519 0 0 0
802 67 14308 0 0 0
803 68 14514 0 0 0
804 67 14279 0 0 0
805 67 14281 0 0 0
806 67 14252 0 0 0
807 68 14444 0 0 0
808 68 14403 0 0 0
809 69 14562 0 0 0
810 69 14425 0 0 0
811 69 14411 0 0 0
812 69 14407 0 0 0
813 69 14263 0 0 0
814 70 14453 0 0 0
815 70 14420 0 0 0
816 71 14590 0 0 0
817 70 14392 0 0 0
818 70 14469 0 0 0
819 70 14491 0 0 0
820 70 14399 0 0 0
821 69 14234 0 0 0
822 69 14376 0 0 0
823 68 14289 0 0 0
824 69 14564 0 0 0
825 68 14468 0 0 0
826 68 14504 0 0 0
827 67 14340 0 0 0
828 67 14262 0 0 0
829 68 14505 0 0 0
830 67 14304 0 0 0
831 67 14279 0 0 0
832 67 14385 0 0 0
833 67 14398 0 0 0
834 67 14360 0 0 0
835 68 14517 0 0 0
836 67 14307 0 0 0
837 68 14494 0 0 0
838 67 14239 0 0 0
839 68 14459 0 0 0
840 67 14406 0 0 0
841 67 14330 0 0 0
842 68 14416 0 0 0
843 68 14501 0 0 0
844 67 14348 0 0 0
845 67 14399 0 0 0
846 67 14435 0 0 1
847 66 14253 0 0 1
848 67 14394 0 0 0
849 67 14324 0 0 0
850 68 14508 0 0 0
851 67 14254 0 0 0
852 68 14362 0 0 0
853 68 14352 0 0 0
854 69 14500 0 0 0
855 69 14414 0 0 0
856 69 14352 0 0 0
857 70 14500 0 0 0
858 70 14421 0 0 0
859 70 14383 0 0 0
860 70 14396 0 0 0
861 70 14413 0 0 0
862 70 14458 0 0 0
863 70 14464 0 0 0
864 70 14519 0 0 0
865 70 14528 0 0 0
866 69 14417 0 0 0
867 69 14376 0 0 0
868 70 14485 0 0 0
869 70 14394 0 0 0
870 70 14357 0 0 0
871 71 14523 0 0 0
872 71 14490 0 0 0
873 71 14435 0 0 0
874 71 14370 0 0 0
875 72 14515 0 0 0
876 71 14299 0 0 0
877 71 14326 0 0 0
878 71 14335 0 0 0
879 71 14347 0 0 0
880 71 14402 0 0 0
881 71 14402 0 0 0
882 71 14433 0 0 0
883 71 14452 0 0 0
884 70 14263 0 0 0
885 70 14330 0 0 0
886 70 14359 0 0 0
887 70 14410 0 0 0
888 70 14415 0 0 0
889 71 14512 0 0 0
890 70 14375 0 0 0
891 70 14390 0 0 0
892 70 14426 0 0 0
893 70 14484 0 0 0
894 69 14305 0 0 0
895 69 14282 0 0 0
896 70 14496 0 0 0
897 70 14459 0 0 0
898 70 14393 0 0 0
899 70 14366 0 0 0
900 71 14536 0 0 0
901 69 14258 0 0 0
902 70 14375 0 0 0
903 71 14496 0 0 0
904 71 14404 0 0 0
905 71 14395 0 0 0
906 71 14395 0 0 0
907 71 14494 0 0 0
908 70 14345 0 0 0
909 70 14391 0 0 0
910 70 14439 0 0 0
911 70 14432 0 0 0
912 69 14237 0 0 0
913 70 14412 0 0 0
914 70 14440 0 0 0
915 69 14309 0 0 0
916 69 14416 0 0 0
917 68 14241 0 0 0
918 69 14388 0 0 0
919 70 14419 0 0 0
920 70 14340 0 0 0
921 70 14331 0 0 0
922 70 14321 0 0 0
923 70 14308 0 0 0
924 71 14542 0 0 0
925 70 14395 0 0 0
926 70 14459 0 0 0
927 70 14485 0 0 0
928 69 14256 0 0 0
929 70 14456 0 0 0
930 70 14520 0 0 0
931 69 14398 0 0 0
932 69 14459 0 0 0
933 69 14533 0 0 0
934 68 14413 0 0 0
935 68 14476 0 0 0
936 67 14291 0 0 0
937 68 14494 0 0 0
938 68 14457 0 0 0
939 67 14236 0 0 0
940 68 14469 0 0 0
941 68 14497 0 0 0
942 67 14311 0 0 0
943 67 14370 0 0 0
944 67 14332 0 0 0
945 67 14263 0 0 0
946 68 14374 0 0 0
947 68 14296 0 0 0
948 69 14431 0 0 0
949 69 14404 0 0 0
950 68 14231 0 0 0
951 69 14485 0 0 0
952 69 14517 0 0 0
953 68 14303 0 0 0
954 69 14414 0 0 0
955 69 14249 0 0 0
956 71 14555 0 0 0
957 71 14480 0 0 0
958 71 14510 0 0 0
959 70 14321 0 0 0
960 70 14347 0 0 0
961 70 14309 0 0 0
962 71 14439 0 0 0
963 71 14339 0 0 0
964 71 14240 0 0 0
965 72 14377 0 0 0
966 72 14386 0 0 0
967 72 14488 0 0 0
968 71 14358 0 0 0
969 72 14460 0 0 0
970 71 14316 0 0 0
971 72 14507 0 0 0
972 72 14554 0 0 0
973 71 14469 0 0 0
974 70 14375 0 0 0
975 70 14408 0 0 0
976 70 14487 0 0 0
977 70 14473 0 0 0
978 70 14492 0 0 0
979 69 14299 0 0 0
980 69 14293 0 0 0
981 69 14390 0 0 0
982 69 14312 0 0 0
983 69 14322 0 0 0
984 69 14267 0 0 0
985 70 14320 0 0 0
986 71 14446 0 0 0
987 71 14461 0 0 0
988 71 14352 0 0 0
989 71 14389 0 0 0
990 71 14385 0 0 0
991 72 14529 0 0 0
992 72 14447 0 0 0
993 71 14296 0 0 0
994 72 14516 0 0 0
995 72 14554 0 0 0
996 71 14365 0 0 0
997 71 14446 0 0 0
998 71 14432 0 0 0
999 71 14359 0 0 0
1000 71 14404 0 0 0
1001 71 14396 0 0 0
1002 71 14418 0 0 0
1003 71 14474 0 0 0
1004 71 14547 0 0 0
1005 70 14334 0 0 0
1006 70 14345 0 0 0
1007 70 14333 0 0 0
1008 70 14390 0 0 0
1009 70 14409 0 0 0
1010 70 14481 0 0 0
1011 69 14409 0 0 0
1012 69 14507 0 0 0
1013 68 14357 0 0 0
1014 68 14412 0 0 0
1015 67 14257 0 0 0
1016 67 14329 0 0 0
1017 68 14538 0 0 0
1018 67 14342 0 0 0
1019 67 14356 0 0 0
1020 68 14511 0 0 0
1021 67 14295 0 0 0
1022 68 14357 0 0 0
1023 69 14468 0 0 0
1024 69 14413 0 0 0
1025 69 14352 0 0 0
1026 69 14277 0 0 0
1027 70 14446 0 0 0
1028 70 14340 0 0 0
1029 70 14405 0 0 0
1030 70 14438 0 0 0
1031 70 14416 0 0 0
1032 70 14368 0 0 0
1033 71 14576 0 0 0
1034 69 14297 0 0 0
1035 69 14371 0 0 0
1036 69 14367 0 0 0
1037 69 14409 0 0 0
1038 69 14438 0 0 0
1039 69 14430 0 0 0
1040 69 14529 0 0 0
1041 69 14393 0 0 0
1042 70 14524 0 0 0
1043 70 14500 0 0 0
1044 69 14316 0 0 0
1045 69 14270 0 0 0
1046 70 14414 0 0 0
1047 70 14299 0 0 0
1048 70 14373 0 0 0
1049 71 14548 0 0 0
1050 71 14491 0 0 0
1051 71 14434 0 0 0
1052 71 14402 0 0 0
1053 71 14450 0 0 0
1054 70 14228 0 0 0
1055 70 14273 0 0 0
1056 71 14442 0 0 0
1057 71 14405 0 0 0
1058 72 14520 0 0 0
1059 72 14585 0 0 0
1060 72 14457 0 0 0
1061 71 14246 0 0 0
1062 71 14280 0 0 0
1063 71 14293 0 0 0
1064 71 14248 0 0 0
1065 71 14298 0 0 0
1066 72 14554 0 0 0
1067 72 14454 0 0 0
1068 72 14487 0 0 0
1069 72 14535 0 0 0
1070 71 14362 0 0 0
1071 70 14193 0 0 0
1072 70 14280 0 0 0
1073 71 14562 0 0 0
1074 70 14407 0 0 0
1075 70 14500 0 0 0
1076 69 14375 0 0 0
1077 69 14398 0 0 0
1078 69 14402 0 0 0
1079 69 14451 0 0 0
1080 69 14440 0 0 0
1081 69 14412 0 0 0
1082 69 14416 0 0 0
1083 70 14577 0 0 0
1084 69 14352 0 0 0
1085 69 14340 0 0 0
1086 70 14529 0 0 0
1087 69 14277 0 0 0
1088 70 14478 0 0 0
1089 70 14502 0 0 0
1090 69 14303 0 0 0
1091 69 14387 0 0 0
1092 68 14233 0 0 0
1093 68 14310 0 0 0
1094 68 14438 0 0 0
1095 67 14293 0 0 0
1096 68 14520 0 0 0
1097 67 14313 0 0 0
1098 67 14319 0 0 0
1099 68 14554 0 0 0
1100 67 14336 0 0 0
1101 68 14262 0 0 0
1102 70 14525 0 0 0
1103 69 14327 0 0 0
1104 70 14546 0 0 0
1105 69 14312 0 0 0
1106 69 14259 0 0 0
1107 70 14448 0 0 0
1108 70 14338 0 0 0
1109 71 14487 0 0 0
1110 71 14466 0 0 0
1111 70 14249 0 0 0
1112 71 14514 0 0 0
1113 69 14384 0 0 0
1114 68 14415 0 0 0
1115 68 14471 0 0 0
1116 68 14439 0 0 0
1117 68 14482 0 0 0
1118 67 14353 0 0 0
1119 67 14398 0 0 0
1120 66 14312 0 0 1
1121 66 14359 0 0 1
1122 65 14231 0 0 1
1123 66 14468 0 0 1
1124 66 14417 0 0 1
1125 66 14395 0 0 1
1126 66 14295 0 0 1
1127 67 14424 0 0 1
1128 66 14267 0 0 1
1129 67 14480 0 0 1
1130 67 14444 0 0 1
1131 67 14434 0 0 1
1132 67 14416 0 0 0
1133 67 14410 0 0 0
1134 68 14541 0 0 0
1135 68 14483 0 0 0
1136 67 14299 0 0 0
1137 68 14525 0 0 0
1138 67 14345 0 0 0
1139 67 14320 0 0 0
1140 68 14471 0 0 0
1141 68 14385 0 0 0
1142 69 14545 0 0 0
1143 68 14283 0 0 0
1144 69 14438 0 0 0
1145 69 14404 0 0 0
1146 69 14400 0 0 0
1147 69 14351 0 0 0
1148 70 14525 0 0 0
1149 69 14297 0 0 0
1150 70 14502 0 0 0
1151 69 14327 0 0 0
1152 69 14300 0 0 0
1153 69 14315 0 0 0
1154 69 14325 0 0 0
1155 70 14552 0 0 0
1156 69 14387 0 0 0
1157 69 14375 0 0 0
1158 70 14433 0 0 0
1159 69 14305 0 0 0
1160 69 14240 0 0 0
1161 70 14441 0 0 0
1162 70 14451 0 0 0
1163 70 14379 0 0 0
1164 70 14424 0 0 0
1165 70 14420 0 0 0
1166 70 14417 0 0 0
1167 70 14376 0 0 0
1168 70 14366 0 0 0
1169 70 14336 0 0 0
1170 69 14278 0 0 0
1171 70 14480 0 0 0
1172 69 14360 0 0 0
1173 69 14360 0 0 0
1174 69 14375 0 0 0
1175 69 14463 0 0 0
1176 69 14497 0 0 0
1177 68 14329 0 0 0
1178 68 14372 0 0 0
1179 67 14234 0 0 0
1180 68 14433 0 0 0
1181 68 14441 0 0 0
1182 68 14342 0 0 0
1183 69 14457 0 0 0
1184 69 14408 0 0 0
1185 69 14364 0 0 0
1186 69 14363 0 0 0
1187 70 14528 0 0 0
1188 69 14262 0 0 0
1189 70 14444 0 0 0
1190 70 14403 0 0 0
1191 71 14573 0 0 0
1192 70 14352 0 0 0
1193 70 14383 0 0 0
1194 71 14578 0 0 0
1195 70 14270 0 0 0
1196 71 14409 0 0 0
1197 72 14564 0 0 0
1198 71 14358 0 0 0
1199 71 14402 0 0 0
1200 71 14434 0 0 0
1201 71 14436 0 0 0
1202 71 14361 0 0 0
1203 71 14348 0 0 0
1204 72 14546 0 0 0
1205 72 14567 0 0 0
1206 70 14235 0 0 0
1207 70 14437 0 0 0
1208 70 14568 0 0 0
1209 68 14247 0 0 0
1210 69 14428 0 0 0
1211 69 14377 0 0 0
1212 70 14525 0 0 0
1213 70 14476 0 0 0
1214 70 14500 0 0 0
1215 69 14339 0 0 0
1216 69 14341 0 0 0
1217 69 14281 0 0 0
1218 70 14445 0 0 0
1219 70 14376 0 0 0
1220 70 14292 0 0 0
1221 71 14462 0 0 0
1222 71 14474 0 0 0
1223 70 14339 0 0 0
1224 69 14231 0 0 0
1225 69 14389 0 0 0
1226 68 14337 0 0 0
1227 68 14385 0 0 0
1228 68 14490 0 0 0
1229 67 14366 0 0 0
1230 67 14402 0 0 0
1231 67 14457 0 0 1
1232 67 14510 0 0 1
1233 66 14317 0 0 1
1234 66 14248 0 0 1
1235 68 14495 0 0 0
1236 68 14416 0 0 0
1237 68 14297 0 0 0
1238 69 14412 0 0 0
1239 70 14532 0 0 0
1240 70 14417 0 0 0
1241 70 14399 0 0 0
1242 70 14422 0 0 0
1243 70 14390 0 0 0
1244 70 14396 0 0 0
1245 70 14420 0 0 0
1246 70 14440 0 0 0
1247 69 14385 0 0 0
1248 69 14410 0 0 0
1249 70 14499 0 0 0
1250 70 14420 0 0 0
1251 70 14433 0 0 0
1252 69 14254 0 0 0
1253 70 14424 0 0 0
1254 70 14417 0 0 0
1255 70 14407 0 0 0
1256 69 14216 0 0 0
1257 70 14458 0 0 0
1258 69 14313 0 0 0
1259 69 14287 0 0 0
1260 70 14503 0 0 0
1261 68 14239 0 0 0
1262 69 14421 0 0 0
1263 68 14294 0 0 0
1264 69 14520 0 0 0
1265 69 14532 0 0 0
1266 69 14427 0 0 0
1267 69 14429 0 0 0
1268 70 14582 0 0 0
1269 69 14372 0 0 0
1270 70 14579 0 0 0
1271 69 14328 0 0 0
1272 69 14287 0 0 0
1273 70 14480 0 0 0
1274 69 14389 0 0 0
1275 69 14367 0 0 0
1276 69 14352 0 0 0
1277 68 14188 0 0 0
1278 68 14367 0 0 0
1279 68 14433 0 0 0
1280 67 14279 0 0 0
1281 68 14485 0 0 0
1282 67 14221 0 0 0
1283 68 14415 0 0 0
1284 68 14429 0 0 0
1285 68 14394 0 0 0
1286 68 14365 0 0 0
1287 69 14489 0 0 0
1288 69 14477 0 0 0
1289 70 14609 0 0 0
1290 69 14355 0 0 0
1291 69 14323 0 0 0
1292 70 14529 0 0 0
1293 69 14306 0 0 0
1294 70 14574 0 0 0
1295 69 14489 0 0 0
1296 68 14371 0 0 0
1297 68 14472 0 0 0
1298 67 14335 0 0 0
1299 67 14422 0 0 1
1300 66 14323 0 0 1
1301 65 14209 0 0 1
1302 66 14411 0 0 1
1303 66 14434 0 0 1
1304 65 14240 0 0 1
1305 66 14386 0 0 1
1306 66 14355 0 0 1
1307 66 14299 0 0 1
1308 67 14366 0 0 0
1309 67 14326 0 0 0
1310 68 14543 0 0 0
1311 67 14321 0 0 0
1312 68 14429 0 0 0
1313 68 14413 0 0 0
1314 68 14462 0 0 0
1315 68 14422 0 0 0
1316 69 14555 0 0 0
1317 68 14394 0 0 0
1318 68 14415 0 0 0
1319 68 14426 0 0 0
1320 68 14573 0 0 0
1321 67 14400 0 0 0
1322 67 14374 0 0 0
1323 67 14316 0 0 0
1324 67 14386 0 0 0
1325 68 14543 0 0 0
1326 67 14315 0 0 0
1327 67 14407 0 0 0
1328 66 14315 0 0 1
1329 66 14379 0 0 1
1330 66 14384 0 0 1
1331 67 14533 0 0 1
1332 66 14384 0 0 1
1333 66 14344 0 0 1
1334 66 14385 0 0 1
1335 66 14419 0 0 1
1336 66 14389 0 0 1
1337 66 14425 0 0 1
1338 67 14467 0 0 1
1339 67 14278 0 0 0
1340 68 14399 0 0 0
1341 69 14484 0 0 0
1342 69 14402 0 0 0
1343 69 14434 0 0 0
1344 69 14292 0 0 0
1345 70 14447 0 0 0
1346 70 14368 0 0 0
1347 71 14492 0 0 0
1348 71 14412 0 0 0
1349 71 14386 0 0 0
1350 71 14489 0 0 0
1351 70 14379 0 0 0
1352 70 14359 0 0 0
1353 70 14342 0 0 0
1354 70 14289 0 0 0
1355 70 14236 0 0 0
1356 71 14422 0 0 0
1357 71 14475 0 0 0
1358 70 14273 0 0 0
1359 70 14312 0 0 0
1360 70 14368 0 0 0
1361 70 14329 0 0 0
1362 70 14302 0 0 0
1363 71 14516 0 0 0
1364 71 14533 0 0 0
1365 70 14427 0 0 0
1366 70 14544 0 0 0
1367 70 14457 0 0 0
1368 70 14440 0 0 0
1369 70 14377 0 0 0
1370 70 14389 0 0 0
1371 70 14444 0 0 0
1372 70 14472 0 0 0
1373 69 14327 0 0 0
1374 69 14391 0 0 0
1375 69 14365 0 0 0
1376 69 14413 0 0 0
1377 69 14384 0 0 0
1378 69 14243 0 0 0
1379 69 14481 0 0 0
1380 68 14351 0 0 0
1381 68 14391 0 0 0
1382 69 14600 0 0 0
1383 69 14506 0 0 0
1384 69 14395 0 0 0
1385 69 14416 0 0 0
1386 69 14339 0 0 0
1387 69 14316 0 0 0
1388 69 14212 0 0 0
1389 71 14529 0 0 0
1390 70 14385 0 0 0
1391 70 14338 0 0 0
1392 70 14367 0 0 0
1393 70 14371 0 0 0
1394 70 14349 0 0 0
1395 70 14400 0 0 0
1396 70 14419 0 0 0
1397 71 14522 0 0 0
1398 71 14553 0 0 0
1399 71 14558 0 0 0
1400 71 14564 0 0 0
1401 70 14383 0 0 0
1402 71 14614 0 0 0
1403 70 14302 0 0 0
1404 71 14391 0 0 0
1405 72 14512 0 0 0
1406 72 14392 0 0 0
1407 72 14354 0 0 0
1408 72 14401 0 0 0
1409 71 14252 0 0 0
1410 71 14274 0 0 0
1411 71 14340 0 0 0
1412 71 14410 0 0 0
1413 71 14396 0 0 0
1414 71 14387 0 0 0
1415 71 14420 0 0 0
1416 71 14463 0 0 0
1417 70 14281 0 0 0
1418 70 14391 0 0 0
1419 70 14419 0 0 0
1420 70 14371 0 0 0
1421 70 14415 0 0 0
1422 70 14483 0 0 0
1423 69 14339 0 0 0
1424 69 14355 0 0 0
1425 69 14419 0 0 0
1426 69 14415 0 0 0
1427 69 14402 0 0 0
1428 70 14487 0 0 0
1429 69 14389 0 0 0
1430 69 14344 0 0 0
1431 69 14351 0 0 0
1432 69 14411 0 0 0
1433 70 14383 0 0 0
1434 70 14300 0 0 0
1435 71 14501 0 0 0
1436 70 14325 0 0 0
1437 70 14342 0 0 0
1438 70 14358 0 0 0
1439 70 14390 0 0 0
1440 69 14315 0 0 0
1441 70 14479 0 0 0
1442 69 14335 0 0 0
1443 70 14491 0 0 0
1444 70 14408 0 0 0
1445 70 14521 0 0 0
1446 70 14478 0 0 0
1447 70 14429 0 0 0
1448 70 14342 0 0 0
1449 71 14456 0 0 0
1450 70 14236 0 0 0
1451 71 14445 0 0 0
