block n60 sum_rr60 bad60 hold drowsy alert
0 5 849 2 1 0 0
1 11 1943 2 1 0 0
2 17 3179 2 1 0 0
3 24 4481 2 1 0 0
4 30 5644 2 1 0 0
5 36 6729 2 1 0 0
6 43 8079 2 1 0 0
7 49 9227 2 1 0 0
8 54 10320 2 1 0 0
9 60 11593 2 1 0 0
10 65 12684 2 1 0 0
11 71 14026 2 1 0 0
12 71 14294 0 1 0 0
13 71 14534 0 1 0 0
14 70 14395 0 1 0 0
15 68 14232 0 1 0 0
16 68 14428 0 1 0 0
17 67 14458 0 1 0 0
18 65 14248 0 1 0 0
19 65 14384 0 1 0 0
20 65 14409 0 1 0 0
21 65 14427 0 1 0 0
22 65 14402 0 1 0 0
23 65 14296 0 1 0 0
24 66 14476 0 1 0 0
25 66 14379 0 1 0 0
26 67 14471 0 1 0 0
27 68 14485 0 1 0 0
28 68 14330 0 1 0 0
29 69 14428 0 1 0 0
30 70 14461 0 1 0 0
31 70 14422 0 1 0 0
32 71 14505 0 1 0 0
33 71 14425 0 1 0 0
34 72 14541 0 1 0 0
35 71 14412 0 1 0 0
36 71 14411 0 0 0 0
37 70 14245 0 0 0 0
38 70 14373 0 0 0 0
39 69 14297 0 0 0 0
40 69 14410 0 0 0 0
41 68 14267 0 0 0 0
42 68 14312 0 0 0 0
43 69 14443 0 0 0 0
44 69 14390 0 0 0 0
45 69 14434 0 0 0 0
46 68 14277 0 0 0 0
47 69 14421 0 0 0 0
48 69 14366 0 0 0 0
49 70 14512 0 0 0 0
50 70 14378 0 0 0 0
51 71 14476 0 0 0 0
52 71 14349 0 0 0 0
53 72 14479 0 0 0 0
54 72 14439 0 0 0 0
55 71 14321 0 0 0 0
56 70 14257 0 0 0 0
57 70 14315 0 0 0 0
58 71 14578 0 0 0 0
59 71 14505 0 0 0 0
60 71 14483 0 0 0 0
61 71 14454 0 0 0 0
62 70 14324 0 0 0 0
63 70 14368 0 0 0 0
64 70 14397 0 0 0 0
65 70 14421 0 0 0 0
66 70 14452 0 0 0 0
67 70 14389 0 0 0 0
68 71 14515 0 0 0 0
69 71 14440 0 0 0 0
70 71 14356 0 0 0 0
71 71 14421 0 0 0 0
72 71 14362 0 0 0 0
73 71 14389 0 0 0 0
74 72 14503 0 0 0 0
75 72 14415 0 0 0 0
76 72 14368 0 0 0 0
77 72 14366 0 0 0 0
78 72 14423 0 0 0 0
79 71 14294 0 0 0 0
80 71 14334 0 0 0 0
81 71 14320 0 0 0 0
82 71 14412 0 0 0 0
83 70 14208 0 0 0 0
84 70 14239 0 0 0 0
85 71 14413 0 0 0 0
86 70 14256 0 0 0 0
87 70 14342 0 0 0 0
88 71 14525 0 0 0 0
89 70 14319 0 0 0 0
90 70 14333 0 0 0 0
91 71 14553 0 0 0 0
92 70 14350 0 0 0 0
93 70 14322 0 0 0 0
94 71 14392 0 0 0 0
95 72 14518 0 0 0 0
96 72 14468 0 0 0 0
97 71 14231 0 0 0 0
98 72 14412 0 0 0 0
99 73 14545 0 0 0 0
100 72 14368 0 0 0 0
101 73 14482 0 0 0 0
102 73 14413 0 0 0 0
103 73 14373 0 0 0 0
104 74 14587 0 0 0 0
105 73 14424 0 0 0 0
106 72 14259 0 0 0 0
107 72 14322 0 0 0 0
108 72 14407 0 0 0 0
109 72 14545 0 0 0 0
110 72 14587 0 0 0 0
111 70 14252 0 0 0 0
112 71 14463 0 0 0 0
113 70 14335 0 0 0 0
114 70 14326 0 0 0 0
115 70 14326 0 0 0 0
116 70 14275 0 0 0 0
117 71 14447 0 0 0 0
118 71 14454 0 0 0 0
119 71 14409 0 0 0 0
120 71 14402 0 0 0 0
121 71 14269 0 0 0 0
122 72 14373 0 0 0 0
123 73 14517 0 0 0 0
124 72 14326 0 0 0 0
125 73 14540 0 0 0 0
126 73 14591 0 0 0 0
127 72 14357 0 0 0 0
128 72 14395 0 0 0 0
129 72 14388 0 0 0 0
130 72 14464 0 0 0 0
131 71 14335 0 0 0 0
132 71 14365 0 0 0 0
133 71 14449 0 0 0 0
134 70 14337 0 0 0 0
135 70 14441 0 0 0 0
136 69 14338 0 0 0 0
137 69 14394 0 0 0 0
138 69 14340 0 0 0 0
139 70 14585 0 0 0 0
140 70 14498 0 0 0 0
141 70 14517 0 0 0 0
142 70 14424 0 0 0 0
143 71 14567 0 0 0 0
144 71 14502 0 0 0 0
145 71 14374 0 0 0 0
146 71 14311 0 0 0 0
147 71 14295 0 0 0 0
148 72 14407 0 0 0 0
149 72 14392 0 0 0 0
150 72 14419 0 0 0 0
151 72 14354 0 0 0 0
152 72 14430 0 0 0 0
153 72 14377 0 0 0 0
154 73 14434 0 0 0 0
155 73 14372 0 0 0 0
156 73 14380 0 0 0 0
157 73 14447 0 0 0 0
158 73 14522 0 0 0 0
159 73 14489 0 0 0 0
160 73 14484 0 0 0 0
161 73 14380 0 0 0 0
162 73 14343 0 0 0 0
163 73 14322 0 0 0 0
164 73 14276 0 0 0 0
165 73 14289 0 0 0 0
166 72 14285 0 0 0 0
167 72 14368 0 0 0 0
168 72 14474 0 0 0 0
169 71 14378 0 0 0 0
170 71 14357 0 0 0 0
171 71 14442 0 0 0 0
172 71 14426 0 0 0 0
173 71 14492 0 0 0 0
174 71 14466 0 0 0 0
175 71 14487 0 0 0 0
176 71 14490 0 0 0 0
177 71 14498 0 0 0 0
178 70 14337 0 0 0 0
179 71 14486 0 0 0 0
180 70 14313 0 0 0 0
181 71 14378 0 0 0 0
182 72 14447 0 0 0 0
183 72 14319 0 0 0 0
184 72 14372 0 0 0 0
185 71 14185 0 0 0 0
186 71 14355 0 0 0 0
187 71 14402 0 0 0 0
188 70 14309 0 0 0 0
189 70 14411 0 0 0 0
190 70 14399 0 0 0 0
191 69 14276 0 0 0 0
192 70 14413 0 0 0 0
193 70 14541 0 0 0 0
194 68 14363 0 0 0 0
195 68 14446 0 0 0 0
196 67 14289 0 0 0 0
197 68 14477 0 0 0 0
198 68 14311 0 0 0 0
199 69 14419 0 0 0 0
200 70 14490 0 0 0 0
201 70 14420 0 0 0 0
202 71 14567 0 0 0 0
203 70 14361 0 0 0 0
204 70 14393 0 0 0 0
205 70 14352 0 0 0 0
206 70 14304 0 0 0 0
207 70 14303 0 0 0 0
208 71 14523 0 0 0 0
209 70 14371 0 0 0 0
210 70 14443 0 0 0 0
211 69 14292 0 0 0 0
212 69 14277 0 0 0 0
213 70 14433 0 0 0 0
214 70 14406 0 0 0 0
215 71 14560 0 0 0 0
216 71 14457 0 0 0 0
217 71 14284 0 0 0 0
218 73 14554 0 0 0 0
219 73 14449 0 0 0 0
220 73 14347 0 0 0 0
221 74 14546 0 0 0 0
222 73 14331 0 0 0 0
223 73 14438 0 0 0 0
224 73 14548 0 0 0 0
225 71 14224 0 0 0 0
226 72 14375 0 0 0 0
227 72 14371 0 0 0 0
228 72 14403 0 0 0 0
229 71 14375 0 0 0 0
230 70 14328 0 0 0 0
231 70 14480 0 0 0 0
232 69 14350 0 0 0 0
233 69 14387 0 0 0 0
234 70 14592 0 0 0 0
235 69 14378 0 0 0 0
236 69 14335 0 0 0 0
237 70 14500 0 0 0 0
238 69 14393 0 0 0 0
239 68 14270 0 0 0 0
240 68 14299 0 0 0 0
241 69 14547 0 0 0 0
242 69 14402 0 0 0 0
243 69 14306 0 0 0 0
244 70 14398 0 0 0 0
245 70 14300 0 0 0 0
246 70 14312 0 0 0 0
247 71 14476 0 0 0 0
248 70 14301 0 0 0 0
249 70 14317 0 0 0 0
250 70 14314 0 0 0 0
251 71 14461 0 0 0 0
252 71 14470 0 0 0 0
253 71 14397 0 0 0 0
254 71 14473 0 0 0 0
255 71 14499 0 0 0 0
256 70 14367 0 0 0 0
257 70 14407 0 0 0 0
258 70 14396 0 0 0 0
259 70 14368 0 0 0 0
260 71 14540 0 0 0 0
261 71 14555 0 0 0 0
262 70 14372 0 0 0 0
263 70 14391 0 0 0 0
264 70 14272 0 0 0 0
265 70 14270 0 0 0 0
266 71 14297 0 0 0 0
267 71 14259 0 0 0 0
268 72 14388 0 0 0 0
269 72 14348 0 0 0 0
270 73 14459 0 0 0 0
271 73 14449 0 0 0 0
272 73 14417 0 0 0 0
273 73 14380 0 0 0 0
274 74 14549 0 0 0 0
275 73 14373 0 0 0 0
276 73 14522 0 0 0 0
277 73 14530 0 0 0 0
278 71 14340 0 0 0 0
279 71 14406 0 0 0 0
280 71 14511 0 0 0 0
281 70 14424 0 0 0 0
282 69 14352 0 0 0 0
283 68 14221 0 0 0 0
284 68 14307 0 0 0 0
285 68 14365 0 0 0 0
286 67 14248 0 0 0 0
287 68 14521 0 0 0 0
288 67 14352 0 0 0 0
289 67 14412 0 0 0 0
290 67 14443 0 0 0 0
291 67 14445 0 0 0 0
292 67 14429 0 0 0 0
293 68 14478 0 0 0 0
294 68 14357 0 0 0 0
295 69 14508 0 0 0 0
296 69 14380 0 0 0 0
297 69 14291 0 0 0 0
298 70 14376 0 0 0 0
299 70 14266 0 0 0 0
300 71 14359 0 0 0 0
301 72 14429 0 0 0 0
302 73 14468 0 0 0 0
303 73 14454 0 0 0 0
304 72 14239 0 0 0 0
305 72 14356 0 0 0 0
306 72 14512 0 0 0 0
307 72 14386 0 0 0 0
308 72 14395 0 0 0 0
309 72 14417 0 0 0 0
310 72 14389 0 0 0 0
311 72 14448 0 0 0 0
312 72 14429 0 0 0 0
313 71 14290 0 0 0 0
314 71 14384 0 0 0 0
315 71 14304 0 0 0 0
316 72 14498 0 0 0 0
317 72 14430 0 0 0 0
318 72 14411 0 0 0 0
319 71 14352 0 0 0 0
320 71 14425 0 0 0 0
321 71 14489 0 0 0 0
322 71 14496 0 0 0 0
323 71 14445 0 0 0 0
324 71 14453 0 0 0 0
325 71 14433 0 0 0 0
326 71 14455 0 0 0 0
327 71 14525 0 0 0 0
328 70 14359 0 0 0 0
329 70 14339 0 0 0 0
330 70 14310 0 0 0 0
331 71 14448 0 0 0 0
332 71 14416 0 0 0 0
333 71 14405 0 0 0 0
334 71 14454 0 0 0 0
335 71 14466 0 0 0 0
336 71 14421 0 0 0 0
337 71 14392 0 0 0 0
338 71 14284 0 0 0 0
339 71 14228 0 0 0 0
340 72 14455 0 0 0 0
341 72 14481 0 0 0 0
342 72 14475 0 0 0 0
343 72 14425 0 0 0 0
344 72 14391 0 0 0 0
345 72 14276 0 0 0 0
346 72 14276 0 0 0 0
347 73 14402 0 0 0 0
348 72 14275 0 0 0 0
349 72 14407 0 0 0 0
350 72 14464 0 0 0 0
351 72 14495 0 0 0 0
352 72 14385 0 0 0 0
353 72 14367 0 0 0 0
354 72 14345 0 0 0 0
355 71 14278 0 0 0 0
356 71 14352 0 0 0 0
357 71 14448 0 0 0 0
358 71 14444 0 0 0 0
359 70 14304 0 0 0 0
360 71 14425 0 0 0 0
361 72 14458 0 0 0 0
362 72 14432 0 0 0 0
363 72 14307 0 0 0 0
364 72 14391 0 0 0 0
365 72 14322 0 0 0 0
366 73 14402 0 0 0 0
367 74 14474 0 0 0 0
368 74 14434 0 0 0 0
369 74 14424 0 0 0 0
370 74 14451 0 0 0 0
371 74 14493 0 0 0 0
372 73 14361 0 0 0 0
373 72 14259 0 0 0 0
374 72 14307 0 0 0 0
375 72 14436 0 0 0 0
376 72 14397 0 0 0 0
377 72 14479 0 0 0 0
378 71 14370 0 0 0 0
379 71 14354 0 0 0 0
380 71 14431 0 0 0 0
381 71 14446 0 0 0 0
382 71 14474 0 0 0 0
383 70 14298 0 0 0 0
384 71 14512 0 0 0 0
385 70 14370 0 0 0 0
386 70 14405 0 0 0 0
387 70 14497 0 0 0 0
388 69 14327 0 0 0 0
389 69 14427 0 0 0 0
390 68 14315 0 0 0 0
391 68 14455 0 0 0 0
392 68 14492 0 0 0 0
393 67 14305 0 0 0 0
394 67 14396 0 0 0 0
395 67 14399 0 0 0 0
396 66 14265 0 0 0 0
397 67 14537 0 0 0 0
398 66 14401 0 0 0 0
399 66 14405 0 0 0 0
400 67 14585 0 0 0 0
401 66 14283 0 0 0 0
402 67 14405 0 0 0 0
403 67 14387 0 0 0 0
404 67 14361 0 0 0 0
405 68 14520 0 0 0 0
406 67 14219 0 0 0 0
407 68 14361 0 0 0 0
408 69 14530 0 0 0 0
409 68 14242 0 0 0 0
410 69 14425 0 0 0 0
411 69 14342 0 0 0 0
412 69 14315 0 0 0 0
413 70 14580 0 0 0 0
414 69 14403 0 0 0 0
415 69 14469 0 0 0 0
416 68 14254 0 0 0 0
417 68 14307 0 0 0 0
418 69 14515 0 0 0 0
419 69 14517 0 0 0 0
420 69 14395 0 0 0 0
421 70 14460 0 0 0 0
422 71 14496 0 0 0 0
423 71 14423 0 0 0 0
424 71 14390 0 0 0 0
425 71 14308 0 0 0 0
426 72 14489 0 0 0 0
427 72 14398 0 0 0 0
428 73 14535 0 0 0 0
429 73 14383 0 0 0 0
430 73 14304 0 0 0 0
431 73 14346 0 0 0 0
432 73 14462 0 0 0 0
433 72 14414 0 0 0 0
434 71 14269 0 0 0 0
435 71 14315 0 0 0 0
436 72 14497 0 0 0 0
437 72 14460 0 0 0 0
438 72 14402 0 0 0 0
439 72 14330 0 0 0 0
440 73 14376 0 0 0 0
441 73 14533 0 0 0 0
442 72 14395 0 0 0 0
443 72 14414 0 0 0 0
444 71 14258 0 0 0 0
445 72 14408 0 0 0 0
446 72 14529 0 0 0 0
447 71 14376 0 0 0 0
448 70 14283 0 0 0 0
449 70 14312 0 0 0 0
450 70 14344 0 0 0 0
451 70 14411 0 0 0 0
452 69 14332 0 0 0 0
453 69 14276 0 0 0 0
454 70 14424 0 0 0 0
455 70 14305 0 0 0 0
456 71 14375 0 0 0 0
457 71 14358 0 0 0 0
458 71 14252 0 0 0 0
459 72 14490 0 0 0 0
460 72 14509 0 0 0 0
461 71 14331 0 0 0 0
462 71 14431 0 0 0 0
463 71 14416 0 0 0 0
464 70 14334 0 0 0 0
465 70 14429 0 0 0 0
466 70 14467 0 0 0 0
467 70 14521 0 0 0 0
468 69 14411 0 0 0 0
469 69 14446 0 0 0 0
470 69 14528 0 0 0 0
471 69 14478 0 0 0 0
472 68 14256 0 0 0 0
473 70 14592 0 0 0 0
474 70 14466 0 0 0 0
475 71 14503 0 0 0 0
476 72 14572 0 0 0 0
477 72 14389 0 0 0 0
478 72 14353 0 0 0 0
479 72 14288 0 0 0 0
480 73 14406 0 0 0 0
481 73 14367 0 0 0 0
482 74 14423 0 0 0 0
483 74 14333 0 0 0 0
484 75 14443 0 0 0 0
485 74 14339 0 0 0 0
486 73 14271 0 0 0 0
487 72 14339 0 0 0 0
488 71 14292 0 0 0 0
489 71 14464 0 0 0 0
490 70 14381 0 0 0 0
491 70 14466 0 0 0 0
492 70 14550 0 0 0 0
493 69 14363 0 0 0 0
494 68 14309 0 0 0 0
495 68 14452 0 0 0 0
496 67 14389 0 0 0 0
497 67 14375 0 0 0 0
498 68 14456 0 0 0 0
499 68 14363 0 0 0 0
500 69 14460 0 0 0 0
501 69 14413 0 0 0 0
502 70 14535 0 0 0 0
503 70 14432 0 0 0 0
504 70 14242 0 0 0 0
505 72 14567 0 0 0 0
506 72 14463 0 0 0 0
507 72 14352 0 0 0 0
508 73 14461 0 0 0 0
509 73 14414 0 0 0 0
510 73 14426 0 0 0 0
511 73 14402 0 0 0 0
512 73 14447 0 0 0 0
513 73 14359 0 0 0 0
514 73 14345 0 0 0 0
515 73 14377 0 0 0 0
516 73 14497 0 0 0 0
517 72 14359 0 0 0 0
518 72 14336 0 0 0 0
519 72 14355 0 0 0 0
520 72 14359 0 0 0 0
521 72 14420 0 0 0 0
522 72 14486 0 0 0 0
523 72 14500 0 0 0 0
524 71 14277 0 0 0 0
525 71 14357 0 0 0 0
526 71 14395 0 0 0 0
527 70 14286 0 0 0 0
528 70 14308 0 0 0 0
529 70 14330 0 0 0 0
530 70 14448 0 0 0 0
531 70 14439 0 0 0 0
532 70 14430 0 0 0 0
533 70 14306 0 0 0 0
534 70 14278 0 0 0 0
535 70 14223 0 0 0 0
536 72 14529 0 0 0 0
537 72 14472 0 0 0 0
538 72 14343 0 0 0 0
539 73 14419 0 0 0 0
540 74 14557 0 0 0 0
541 74 14540 0 0 0 0
542 74 14360 0 0 0 0
543 74 14350 0 0 0 0
544 74 14319 0 0 0 0
545 75 14515 0 0 0 0
546 75 14458 0 0 0 0
547 75 14457 0 0 0 0
548 74 14321 0 0 0 0
549 74 14384 0 0 0 0
550 74 14489 0 0 0 0
551 73 14477 0 0 0 0
552 71 14259 0 0 0 0
553 70 14181 0 0 0 0
554 70 14437 0 0 0 0
555 69 14351 0 0 0 0
556 69 14397 0 0 0 0
557 68 14344 0 0 0 0
558 68 14442 0 0 0 0
559 67 14338 0 0 0 0
560 68 14490 0 0 0 0
561 67 14291 0 0 0 0
562 68 14353 0 0 0 0
563 69 14424 0 0 0 0
564 70 14439 0 0 0 0
565 71 14507 0 0 0 0
566 71 14365 0 0 0 0
567 72 14436 0 0 0 0
568 73 14521 0 0 0 0
569 73 14362 0 0 0 0
570 73 14277 0 0 0 0
571 74 14405 0 0 0 0
572 73 14234 0 0 0 0
573 74 14450 0 0 0 0
574 73 14382 0 0 0 0
575 73 14448 0 0 0 0
576 72 14359 0 0 0 0
577 72 14370 0 0 0 0
578 72 14350 0 0 0 0
579 72 14407 0 0 0 0
580 71 14250 0 0 0 0
581 71 14448 0 0 0 0
582 71 14493 0 0 0 0
583 71 14507 0 0 0 0
584 71 14590 0 0 0 0
585 70 14361 0 0 0 0
586 70 14338 0 0 0 0
587 70 14297 0 0 0 0
588 71 14457 0 0 0 0
589 71 14428 0 0 0 0
590 71 14446 0 0 0 0
591 71 14417 0 0 0 0
592 71 14521 0 0 0 0
593 71 14464 0 0 0 0
594 70 14261 0 0 0 0
595 70 14307 0 0 0 0
596 70 14247 0 0 0 0
597 71 14404 0 0 0 0
598 71 14402 0 0 0 0
599 71 14394 0 0 0 0
600 71 14346 0 0 0 0
601 71 14400 0 0 0 0
602 71 14359 0 0 0 0
603 72 14453 0 0 0 0
604 72 14308 0 0 0 0
605 73 14388 0 0 0 0
606 74 14579 0 0 0 0
607 73 14369 0 0 0 0
608 73 14403 0 0 0 0
609 73 14438 0 0 0 0
610 73 14479 0 0 0 0
611 73 14533 0 0 0 0
612 72 14440 0 0 0 0
613 71 14312 0 0 0 0
614 72 14481 0 0 0 0
615 71 14357 0 0 0 0
616 71 14418 0 0 0 0
617 70 14372 0 0 0 0
618 69 14264 0 0 0 0
619 70 14462 0 0 0 0
620 69 14400 0 0 0 0
621 69 14423 0 0 0 0
622 68 14272 0 0 0 0
623 68 14317 0 0 0 0
624 68 14336 0 0 0 0
625 69 14490 0 0 0 0
626 68 14417 0 0 0 0
627 68 14433 0 0 0 0
628 68 14469 0 0 0 0
629 68 14403 0 0 0 0
630 69 14534 0 0 0 0
631 68 14392 0 0 0 0
632 69 14432 0 0 0 0
633 69 14493 0 0 0 0
634 70 14595 0 0 0 0
635 69 14314 0 0 0 0
636 71 14572 0 0 0 0
637 71 14444 0 0 0 0
638 71 14370 0 0 0 0
639 71 14372 0 0 0 0
640 71 14414 0 0 0 0
641 71 14460 0 0 0 0
642 70 14279 0 0 0 0
643 71 14491 0 0 0 0
644 71 14486 0 0 0 0
645 70 14258 0 0 0 0
646 70 14279 0 0 0 0
647 71 14482 0 0 0 0
648 69 14227 0 0 0 0
649 69 14346 0 0 0 0
650 68 14297 0 0 0 0
651 68 14335 0 0 0 0
652 68 14355 0 0 0 0
653 68 14300 0 0 0 0
654 69 14389 0 0 0 0
655 69 14366 0 0 0 0
656 69 14310 0 0 0 0
657 70 14424 0 0 0 0
658 71 14519 0 0 0 0
659 70 14365 0 0 0 0
660 71 14487 0 0 0 0
661 71 14502 0 0 0 0
662 72 14548 0 0 0 0
663 72 14446 0 0 0 0
664 72 14370 0 0 0 0
665 73 14496 0 0 0 0
666 72 14420 0 0 0 0
667 73 14470 0 0 0 0
668 72 14334 0 0 0 0
669 73 14496 0 0 0 0
670 71 14331 0 0 0 0
671 71 14324 0 0 0 0
672 71 14341 0 0 0 0
673 71 14298 0 0 0 0
674 71 14309 0 0 0 0
675 71 14497 0 0 0 0
676 71 14522 0 0 0 0
677 69 14239 0 0 0 0
678 70 14383 0 0 0 0
679 69 14317 0 0 0 0
680 69 14442 0 0 0 0
681 68 14288 0 0 0 0
682 69 14387 0 0 0 0
683 70 14535 0 0 0 0
684 70 14466 0 0 0 0
685 70 14512 0 0 0 0
686 69 14377 0 0 0 0
687 69 14323 0 0 0 0
688 69 14373 0 0 0 0
689 69 14404 0 0 0 0
690 69 14404 0 0 0 0
691 69 14339 0 0 0 0
692 71 14526 0 0 0 0
693 71 14453 0 0 0 0
694 71 14334 0 0 0 0
695 72 14345 0 0 0 0
696 72 14333 0 0 0 0
697 73 14314 0 0 0 0
698 75 14556 0 0 0 0
699 75 14475 0 0 0 0
700 75 14304 0 0 0 0
701 76 14487 0 0 0 0
702 76 14525 0 0 0 0
703 75 14380 0 0 0 0
704 74 14254 0 0 0 0
705 74 14334 0 0 0 0
706 74 14395 0 0 0 0
707 73 14380 0 0 0 0
708 73 14432 0 0 0 0
709 72 14393 0 0 0 0
710 71 14334 0 0 0 0
711 71 14346 0 0 0 0
712 71 14472 0 0 0 0
713 71 14464 0 0 0 0
714 70 14341 0 0 0 0
715 71 14581 0 0 0 0
716 70 14402 0 0 0 0
717 70 14410 0 0 0 0
718 70 14417 0 0 0 0
719 70 14419 0 0 0 0
720 70 14385 0 0 0 0
721 71 14499 0 0 0 0
722 71 14414 0 0 0 0
723 71 14365 0 0 0 0
724 71 14333 0 0 0 0
725 71 14307 0 0 0 0
726 72 14317 0 0 0 0
727 72 14354 0 0 0 0
728 73 14561 0 0 0 0
729 72 14378 0 0 0 0
730 72 14374 0 0 0 0
731 72 14359 0 0 0 0
732 72 14362 0 0 0 0
733 72 14405 0 0 0 0
734 71 14305 0 0 0 0
735 71 14413 0 0 0 0
736 71 14442 0 0 0 0
737 71 14325 0 0 0 0
738 71 14382 0 0 0 0
739 72 14441 0 0 0 0
740 72 14371 0 0 0 0
741 73 14566 0 0 0 0
742 73 14514 0 0 0 0
743 73 14442 0 0 0 0
744 73 14495 0 0 0 0
745 72 14339 0 0 0 0
746 73 14444 0 0 0 0
747 73 14359 0 0 0 0
748 73 14315 0 0 0 0
749 74 14577 0 0 0 0
750 74 14579 0 0 0 0
751 73 14405 0 0 0 0
752 72 14329 0 0 0 0
753 72 14293 0 0 0 0
754 72 14431 0 0 0 0
755 72 14514 0 0 0 0
756 72 14478 0 0 0 0
757 71 14317 0 0 0 0
758 71 14390 0 0 0 0
759 71 14419 0 0 0 0
760 71 14452 0 0 0 0
761 70 14208 0 0 0 0
762 70 14213 0 0 0 0
763 70 14199 0 0 0 0
764 71 14303 0 0 0 0
765 71 14383 0 0 0 0
766 71 14336 0 0 0 0
767 71 14341 0 0 0 0
768 71 14379 0 0 0 0
769 71 14367 0 0 0 0
770 71 14325 0 0 0 0
771 71 14454 0 0 0 0
772 71 14514 0 0 0 0
773 70 14472 0 0 0 0
774 69 14425 0 0 0 0
775 69 14566 0 0 0 0
776 68 14488 0 0 0 0
777 68 14515 0 0 0 0
778 67 14380 0 0 0 0
779 67 14434 0 0 0 0
780 66 14282 0 0 0 0
781 67 14429 0 0 0 0
782 67 14556 0 0 0 0
783 67 14359 0 0 0 0
784 67 14337 0 0 0 0
785 68 14466 0 0 0 0
786 69 14526 0 0 0 0
787 68 14310 0 0 0 0
788 70 14489 0 0 0 0
789 69 14258 0 0 0 0
790 70 14360 0 0 0 0
791 71 14435 0 0 0 0
792 71 14405 0 0 0 0
793 71 14488 0 0 0 0
794 70 14270 0 0 0 0
795 70 14440 0 0 0 0
796 69 14256 0 0 0 0
797 69 14352 0 0 0 0
798 69 14430 0 0 0 0
799 69 14392 0 0 0 0
800 68 14357 0 0 0 0
801 69 14487 0 0 0 0
802 69 14545 0 0 0 0
803 67 14246 0 0 0 0
804 68 14440 0 0 0 0
805 67 14258 0 0 0 0
806 68 14463 0 0 0 0
807 68 14446 0 0 0 0
808 68 14462 0 0 0 0
809 67 14294 0 0 0 0
810 67 14294 0 0 0 0
811 67 14396 0 0 0 0
812 67 14427 0 0 0 0
813 66 14352 0 0 0 0
814 65 14210 0 0 0 0
815 66 14469 0 0 1 1
816 65 14318 0 0 1 0
817 66 14529 0 0 1 0
818 65 14307 0 0 1 0
819 65 14298 0 0 1 0
820 66 14528 0 0 1 0
821 66 14397 0 0 0 0
822 66 14411 0 0 0 0
823 67 14479 0 0 0 0
824 67 14340 0 0 0 0
825 68 14472 0 0 0 0
826 69 14566 0 0 0 0
827 69 14479 0 0 0 0
828 70 14580 0 0 0 0
829 70 14470 0 0 0 0
830 71 14473 0 0 0 0
831 72 14522 0 0 0 0
832 72 14368 0 0 0 0
833 72 14447 0 0 0 0
834 72 14392 0 0 0 0
835 72 14409 0 0 0 0
836 71 14296 0 0 0 0
837 71 14283 0 0 0 0
838 71 14318 0 0 0 0
839 71 14349 0 0 0 0
840 71 14386 0 0 0 0
841 70 14268 0 0 0 0
842 70 14467 0 0 0 0
843 68 14267 0 0 0 0
844 68 14442 0 0 0 0
845 68 14475 0 0 0 0
846 67 14320 0 0 0 0
847 67 14413 0 0 0 0
848 67 14460 0 0 0 0
849 67 14520 0 0 0 0
850 66 14325 0 0 0 0
851 66 14325 0 0 0 0
852 66 14317 0 0 0 0
853 67 14486 0 0 0 0
854 67 14419 0 0 0 0
855 68 14458 0 0 0 0
856 68 14310 0 0 0 0
857 69 14347 0 0 0 0
858 70 14407 0 0 0 0
859 70 14244 0 0 0 0
860 71 14392 0 0 0 0
861 71 14322 0 0 0 0
862 72 14537 0 0 0 0
863 71 14328 0 0 0 0
864 71 14383 0 0 0 0
865 71 14429 0 0 0 0
866 70 14311 0 0 0 0
867 70 14455 0 0 0 0
868 69 14350 0 0 0 0
869 69 14482 0 0 0 0
870 69 14584 0 0 0 0
871 68 14462 0 0 0 0
872 68 14476 0 0 0 0
873 67 14310 0 0 0 0
874 67 14326 0 0 0 0
875 68 14546 0 0 0 0
876 67 14313 0 0 0 0
877 67 14281 0 0 0 0
878 68 14407 0 0 0 0
879 68 14329 0 0 0 0
880 69 14506 0 0 0 0
881 68 14266 0 0 0 0
882 68 14307 0 0 0 0
883 68 14335 0 0 0 0
884 68 14386 0 0 0 0
885 69 14544 0 0 0 0
886 68 14344 0 0 0 0
887 68 14329 0 0 0 0
888 69 14552 0 0 0 0
889 68 14400 0 0 0 0
890 68 14438 0 0 0 0
891 68 14449 0 0 0 0
892 68 14443 0 0 0 0
893 68 14502 0 0 0 0
894 68 14466 0 0 0 0
895 68 14447 0 0 0 0
896 68 14409 0 0 0 0
897 68 14451 0 0 0 0
898 68 14467 0 0 0 0
899 68 14516 0 0 0 0
900 67 14332 0 0 0 0
901 68 14510 0 0 0 0
902 68 14446 0 0 0 0
903 68 14447 0 0 0 0
904 67 14224 0 0 0 0
905 69 14455 0 0 0 0
906 69 14410 0 0 0 0
907 69 14326 0 0 0 0
908 69 14355 0 0 0 0
909 69 14415 0 0 0 0
910 69 14450 0 0 0 0
911 69 14413 0 0 0 0
912 69 14370 0 0 0 0
913 69 14308 0 0 0 0
914 69 14300 0 0 0 0
915 69 14301 0 0 0 0
916 70 14501 0 0 0 0
917 68 14264 0 0 0 0
918 68 14270 0 0 0 0
919 69 14593 0 0 0 0
920 68 14381 0 0 0 0
921 68 14304 0 0 0 0
922 69 14436 0 0 0 0
923 68 14230 0 0 0 0
924 69 14544 0 0 0 0
925 68 14348 0 0 0 0
926 68 14443 0 0 0 0
927 67 14298 0 0 0 0
928 67 14437 0 0 0 0
929 67 14487 0 0 0 0
930 66 14377 0 0 0 0
931 66 14387 0 0 0 0
932 66 14463 0 0 1 1
933 66 14475 0 0 1 0
934 65 14287 0 0 1 0
935 66 14425 0 0 0 0
936 66 14297 0 0 0 0
937 67 14576 0 0 0 0
938 66 14384 0 0 0 0
939 66 14446 0 0 0 0
940 66 14363 0 0 0 0
941 66 14313 0 0 0 0
942 67 14569 0 0 0 0
943 66 14359 0 0 0 0
944 66 14345 0 0 0 0
945 66 14414 0 0 0 0
946 66 14496 0 0 1 1
947 65 14421 0 0 1 0
948 65 14470 0 0 1 0
949 64 14257 0 0 1 0
950 65 14427 0 0 1 0
951 65 14357 0 0 1 0
952 65 14403 0 0 1 1
953 66 14574 0 0 1 0
954 65 14292 0 0 1 0
955 66 14384 0 0 0 0
956 67 14471 0 0 0 0
957 67 14359 0 0 0 0
958 68 14411 0 0 0 0
959 68 14338 0 0 0 0
960 68 14339 0 0 0 0
961 69 14522 0 0 0 0
962 69 14434 0 0 0 0
963 70 14606 0 0 0 0
964 69 14334 0 0 0 0
965 69 14298 0 0 0 0
966 70 14496 0 0 0 0
967 69 14345 0 0 0 0
968 69 14429 0 0 0 0
969 68 14301 0 0 0 0
970 68 14412 0 0 0 0
971 68 14444 0 0 0 0
972 68 14425 0 0 0 0
973 67 14209 0 0 0 0
974 68 14432 0 0 0 0
975 68 14373 0 0 0 0
976 68 14389 0 0 0 0
977 68 14419 0 0 0 0
978 67 14220 0 0 0 0
979 68 14364 0 0 0 0
980 68 14364 0 0 0 0
981 69 14519 0 0 0 0
982 68 14236 0 0 0 0
983 70 14522 0 0 0 0
984 70 14449 0 0 0 0
985 71 14580 0 0 0 0
986 70 14407 0 0 0 0
987 70 14410 0 0 0 0
988 70 14373 0 0 0 0
989 70 14344 0 0 0 0
990 71 14500 0 0 0 0
991 71 14425 0 0 0 0
992 72 14452 0 0 0 0
993 72 14353 0 0 0 0
994 73 14511 0 0 0 0
995 72 14362 0 0 0 0
996 71 14278 0 0 0 0
997 71 14425 0 0 0 0
998 70 14317 0 0 0 0
999 69 14269 0 0 0 0
1000 70 14578 0 0 0 0
1001 69 14481 0 0 0 0
1002 69 14487 0 0 0 0
1003 68 14464 0 0 0 0
1004 67 14417 0 0 0 0
1005 66 14386 0 0 0 0
1006 65 14292 0 0 1 1
1007 65 14378 0 0 1 0
1008 66 14521 0 0 1 0
1009 65 14249 0 0 1 0
1010 66 14340 0 0 0 0
1011 67 14416 0 0 0 0
1012 67 14310 0 0 0 0
1013 68 14394 0 0 0 0
1014 68 14367 0 0 0 0
1015 69 14458 0 0 0 0
1016 69 14331 0 0 0 0
1017 70 14423 0 0 0 0
1018 71 14569 0 0 0 0
1019 70 14303 0 0 0 0
1020 70 14311 0 0 0 0
1021 70 14389 0 0 0 0
1022 70 14463 0 0 0 0
1023 69 14317 0 0 0 0
1024 69 14355 0 0 0 0
1025 69 14316 0 0 0 0
1026 69 14335 0 0 0 0
1027 69 14381 0 0 0 0
1028 69 14458 0 0 0 0
1029 68 14340 0 0 0 0
1030 68 14369 0 0 0 0
1031 68 14450 0 0 0 0
1032 68 14463 0 0 0 0
1033 68 14397 0 0 0 0
1034 68 14390 0 0 0 0
1035 69 14591 0 0 0 0
1036 69 14520 0 0 0 0
1037 69 14445 0 0 0 0
1038 69 14389 0 0 0 0
1039 69 14373 0 0 0 0
1040 68 14217 0 0 0 0
1041 70 14508 0 0 0 0
1042 69 14243 0 0 0 0
1043 70 14362 0 0 0 0
1044 70 14307 0 0 0 0
1045 71 14573 0 0 0 0
1046 70 14386 0 0 0 0
1047 70 14373 0 0 0 0
1048 69 14297 0 0 0 0
1049 69 14432 0 0 0 0
1050 68 14344 0 0 0 0
1051 68 14467 0 0 0 0
1052 68 14502 0 0 0 0
1053 66 14244 0 0 0 0
1054 67 14550 0 0 0 0
1055 66 14435 0 0 0 0
1056 66 14518 0 0 1 1
1057 65 14248 0 0 1 0
1058 66 14398 0 0 0 0
1059 66 14429 0 0 0 0
1060 66 14368 0 0 0 0
1061 65 14289 0 0 1 0
1062 66 14519 0 0 1 1
1063 65 14226 0 0 0 0
1064 66 14355 0 0 0 0
1065 67 14492 0 0 0 0
1066 66 14288 0 0 0 0
1067 67 14452 0 0 0 0
1068 66 14204 0 0 0 0
1069 67 14383 0 0 0 0
1070 68 14480 0 0 0 0
1071 68 14390 0 0 0 0
1072 69 14544 0 0 0 0
1073 69 14459 0 0 0 0
1074 69 14332 0 0 0 0
1075 70 14556 0 0 0 0
1076 70 14517 0 0 0 0
1077 69 14327 0 0 0 0
1078 70 14544 0 0 0 0
1079 69 14380 0 0 0 0
1080 69 14468 0 0 0 0
1081 69 14502 0 0 0 0
1082 67 14317 0 0 0 0
1083 67 14380 0 0 0 0
1084 66 14241 0 0 0 0
1085 68 14474 0 0 0 0
1086 68 14463 0 0 0 0
1087 68 14368 0 0 0 0
1088 68 14392 0 0 0 0
1089 69 14518 0 0 0 0
1090 68 14219 0 0 0 0
1091 69 14384 0 0 0 0
1092 70 14549 0 0 0 0
1093 69 14379 0 0 0 0
1094 69 14337 0 0 0 0
1095 69 14336 0 0 0 0
1096 70 14542 0 0 0 0
1097 68 14314 0 0 0 0
1098 68 14445 0 0 0 0
1099 67 14311 0 0 0 0
1100 67 14344 0 0 0 0
1101 67 14363 0 0 0 0
1102 68 14575 0 0 0 0
1103 68 14470 0 0 0 0
1104 68 14277 0 0 0 0
1105 69 14340 0 0 0 0
1106 71 14579 0 0 0 0
1107 71 14442 0 0 0 0
1108 71 14300 0 0 0 0
1109 73 14420 0 0 0 0
1110 73 14248 0 0 0 0
1111 75 14484 0 0 0 0
1112 75 14359 0 0 0 0
1113 76 14418 0 0 0 0
1114 76 14323 0 0 0 0
1115 77 14440 0 0 0 0
1116 77 14460 0 0 0 0
1117 77 14444 0 0 0 0
1118 76 14246 0 0 0 0
1119 76 14298 0 0 0 0
1120 76 14361 0 0 0 0
1121 75 14391 0 0 0 0
1122 75 14525 0 0 0 0
1123 73 14298 0 0 0 0
1124 73 14475 0 0 0 0
1125 71 14286 0 0 0 0
1126 71 14451 0 0 0 0
1127 69 14249 0 0 0 0
1128 69 14455 0 0 0 0
1129 68 14436 0 0 0 0
1130 67 14401 0 0 0 0
1131 67 14497 0 0 0 0
1132 66 14386 0 0 0 0
1133 66 14372 0 0 0 0
1134 66 14381 0 0 0 0
1135 67 14496 0 0 0 0
1136 67 14451 0 0 0 0
1137 67 14422 0 0 0 0
1138 67 14410 0 0 0 0
1139 67 14348 0 0 0 0
1140 67 14281 0 0 0 0
1141 68 14390 0 0 0 0
1142 69 14478 0 0 0 0
1143 69 14411 0 0 0 0
1144 70 14546 0 0 0 0
1145 70 14521 0 0 0 0
1146 70 14352 0 0 0 0
1147 71 14456 0 0 0 0
1148 71 14266 0 0 0 0
1149 72 14380 0 0 0 0
1150 72 14325 0 0 0 0
1151 73 14554 0 0 0 0
1152 72 14405 0 0 0 0
1153 72 14374 0 0 0 0
1154 71 14269 0 0 0 0
1155 71 14358 0 0 0 0
1156 71 14320 0 0 0 0
1157 71 14319 0 0 0 0
1158 71 14393 0 0 0 0
1159 70 14323 0 0 0 0
1160 70 14500 0 0 0 0
1161 70 14541 0 0 0 0
1162 70 14523 0 0 0 0
1163 69 14276 0 0 0 0
1164 70 14401 0 0 0 0
1165 70 14445 0 0 0 0
1166 70 14405 0 0 0 0
1167 70 14419 0 0 0 0
1168 70 14503 0 0 0 0
1169 69 14322 0 0 0 0
1170 69 14352 0 0 0 0
1171 69 14352 0 0 0 0
1172 69 14387 0 0 0 0
1173 69 14415 0 0 0 0
1174 68 14192 0 0 0 0
1175 69 14475 0 0 0 0
1176 69 14437 0 0 0 0
1177 69 14440 0 0 0 0
1178 69 14458 0 0 0 0
1179 68 14278 0 0 0 0
1180 68 14342 0 0 0 0
1181 68 14398 0 0 0 0
1182 68 14499 0 0 0 0
1183 68 14508 0 0 0 0
1184 67 14325 0 0 0 0
1185 67 14381 0 0 0 0
1186 67 14432 0 0 0 0
1187 67 14426 0 0 0 0
1188 66 14302 0 0 0 0
1189 66 14355 0 0 0 0
1190 66 14385 0 0 0 0
1191 67 14540 0 0 0 0
1192 66 14296 0 0 0 0
1193 67 14543 0 0 0 0
1194 66 14308 0 0 0 0
1195 66 14327 0 0 0 0
1196 67 14530 0 0 0 0
1197 66 14249 0 0 0 0
1198 67 14518 0 0 0 0
1199 66 14357 0 0 0 0
1200 66 14356 0 0 0 0
1201 66 14382 0 0 0 0
1202 67 14528 0 0 0 0
1203 66 14264 0 0 0 0
1204 67 14434 0 0 0 0
1205 66 14251 0 0 0 0
1206 67 14448 0 0 0 0
1207 66 14308 0 0 0 0
1208 66 14296 0 0 0 0
1209 66 14389 0 0 0 0
1210 66 14353 0 0 0 0
1211 66 14298 0 0 0 0
1212 67 14603 0 0 0 0
1213 66 14464 0 0 1 1
1214 65 14309 0 0 1 0
1215 65 14397 0 0 1 0
1216 65 14430 0 0 1 0
1217 66 14524 0 0 1 0
1218 66 14501 0 0 1 0
1219 66 14497 0 0 1 1
1220 66 14494 0 0 1 0
1221 66 14466 0 0 1 0
1222 66 14419 0 0 0 0
1223 67 14557 0 0 0 0
1224 67 14370 0 0 0 0
1225 68 14368 0 0 0 0
1226 68 14327 0 0 0 0
1227 69 14466 0 0 0 0
1228 69 14412 0 0 0 0
1229 69 14441 0 0 0 0
1230 68 14235 0 0 0 0
1231 69 14422 0 0 0 0
1232 69 14326 0 0 0 0
1233 70 14470 0 0 0 0
1234 70 14406 0 0 0 0
1235 70 14403 0 0 0 0
1236 69 14260 0 0 0 0
1237 69 14268 0 0 0 0
1238 70 14512 0 0 0 0
1239 70 14517 0 0 0 0
1240 70 14412 0 0 0 0
1241 70 14426 0 0 0 0
1242 71 14546 0 0 0 0
1243 71 14436 0 0 0 0
1244 70 14307 0 0 0 0
1245 70 14379 0 0 0 0
1246 70 14408 0 0 0 0
1247 69 14267 0 0 0 0
1248 70 14441 0 0 0 0
1249 70 14409 0 0 0 0
1250 70 14422 0 0 0 0
1251 69 14218 0 0 0 0
1252 69 14376 0 0 0 0
1253 69 14379 0 0 0 0
1254 69 14408 0 0 0 0
1255 69 14422 0 0 0 0
1256 70 14512 0 0 0 0
1257 70 14457 0 0 0 0
1258 70 14471 0 0 0 0
1259 70 14474 0 0 0 0
1260 70 14528 0 0 0 0
1261 69 14457 0 0 0 0
1262 69 14428 0 0 0 0
1263 70 14514 0 0 0 0
1264 69 14292 0 0 0 0
1265 69 14329 0 0 0 0
1266 68 14212 0 0 0 0
1267 68 14402 0 0 0 0
1268 67 14405 0 0 0 0
1269 66 14321 0 0 0 0
1270 65 14220 0 0 0 0
1271 66 14431 0 0 0 0
1272 66 14411 0 0 0 0
1273 66 14327 0 0 0 0
1274 66 14247 0 0 0 0
1275 66 14308 0 0 0 0
1276 67 14444 0 0 0 0
1277 67 14373 0 0 0 0
1278 68 14552 0 0 0 0
1279 67 14235 0 0 0 0
1280 68 14461 0 0 0 0
1281 68 14470 0 0 0 0
1282 68 14471 0 0 0 0
1283 67 14278 0 0 0 0
1284 66 14244 0 0 0 0
1285 67 14579 0 0 0 0
1286 66 14554 0 0 1 1
1287 65 14538 0 0 1 0
1288 64 14493 0 0 1 0
1289 63 14393 0 0 1 0
1290 63 14441 0 0 1 0
1291 63 14429 0 0 1 0
1292 63 14291 0 0 1 1
1293 64 14324 0 0 1 0
1294 65 14386 0 0 1 0
1295 66 14461 0 0 1 0
1296 67 14419 0 0 0 0
1297 68 14402 0 0 0 0
1298 69 14404 0 0 0 0
1299 70 14441 0 0 0 0
1300 71 14473 0 0 0 0
1301 71 14329 0 0 0 0
1302 71 14248 0 0 0 0
1303 72 14439 0 0 0 0
1304 72 14403 0 0 0 0
1305 71 14299 0 0 0 0
1306 71 14491 0 0 0 0
1307 70 14441 0 0 0 0
1308 69 14433 0 0 0 0
1309 67 14215 0 0 0 0
1310 67 14351 0 0 0 0
1311 66 14200 0 0 0 0
1312 66 14293 0 0 0 0
1313 67 14569 0 0 0 0
1314 66 14405 0 0 0 0
1315 66 14472 0 0 1 1
1316 65 14331 0 0 1 0
1317 66 14488 0 0 1 0
1318 66 14388 0 0 0 0
1319 66 14385 0 0 0 0
1320 67 14465 0 0 0 0
1321 67 14408 0 0 0 0
1322 68 14439 0 0 0 0
1323 68 14401 0 0 0 0
1324 68 14376 0 0 0 0
1325 68 14280 0 0 0 0
1326 69 14428 0 0 0 0
1327 70 14448 0 0 0 0
1328 71 14537 0 0 0 0
1329 70 14317 0 0 0 0
1330 70 14303 0 0 0 0
1331 71 14415 0 0 0 0
1332 70 14267 0 0 0 0
1333 71 14412 0 0 0 0
1334 70 14267 0 0 0 0
1335 71 14427 0 0 0 0
1336 71 14347 0 0 0 0
1337 71 14393 0 0 0 0
1338 71 14425 0 0 0 0
1339 70 14370 0 0 0 0
1340 70 14422 0 0 0 0
1341 70 14420 0 0 0 0
1342 70 14470 0 0 0 0
1343 70 14475 0 0 0 0
1344 70 14460 0 0 0 0
1345 70 14505 0 0 0 0
1346 69 14373 0 0 0 0
1347 69 14448 0 0 0 0
1348 69 14568 0 0 0 0
1349 68 14420 0 0 0 0
1350 68 14341 0 0 0 0
1351 68 14409 0 0 0 0
1352 68 14403 0 0 0 0
1353 68 14522 0 0 0 0
1354 67 14379 0 0 0 0
1355 66 14290 0 0 0 0
1356 67 14514 0 0 0 0
1357 66 14299 0 0 0 0
1358 67 14482 0 0 0 0
1359 67 14438 0 0 0 0
1360 67 14393 0 0 0 0
1361 68 14526 0 0 0 0
1362 67 14361 0 0 0 0
1363 68 14368 0 0 0 0
1364 68 14276 0 0 0 0
1365 69 14308 0 0 0 0
1366 70 14351 0 0 0 0
1367 71 14427 0 0 0 0
1368 71 14311 0 0 0 0
1369 71 14355 0 0 0 0
1370 71 14366 0 0 0 0
1371 71 14447 0 0 0 0
1372 71 14382 0 0 0 0
1373 71 14401 0 0 0 0
1374 71 14449 0 0 0 0
1375 70 14327 0 0 0 0
1376 70 14365 0 0 0 0
1377 70 14391 0 0 0 0
1378 70 14362 0 0 0 0
1379 69 14298 0 0 0 0
1380 69 14400 0 0 0 0
1381 69 14497 0 0 0 0
1382 69 14517 0 0 0 0
1383 68 14257 0 0 0 0
1384 68 14386 0 0 0 0
1385 67 14311 0 0 0 0
1386 67 14350 0 0 0 0
1387 67 14468 0 0 0 0
1388 67 14542 0 0 0 0
1389 66 14403 0 0 0 0
1390 66 14513 0 0 1 1
1391 67 14589 0 0 0 0
1392 67 14502 0 0 0 0
1393 67 14323 0 0 0 0
1394 67 14273 0 0 0 0
1395 68 14518 0 0 0 0
1396 68 14417 0 0 0 0
1397 68 14325 0 0 0 0
1398 69 14488 0 0 0 0
1399 69 14333 0 0 0 0
1400 69 14360 0 0 0 0
1401 69 14394 0 0 0 0
1402 69 14325 0 0 0 0
1403 70 14423 0 0 0 0
1404 70 14399 0 0 0 0
1405 70 14402 0 0 0 0
1406 70 14420 0 0 0 0
1407 70 14450 0 0 0 0
1408 69 14266 0 0 0 0
1409 70 14485 0 0 0 0
1410 70 14393 0 0 0 0
1411 70 14519 0 0 0 0
1412 70 14467 0 0 0 0
1413 70 14523 0 0 0 0
1414 70 14525 0 0 0 0
1415 67 14158 0 0 0 0
1416 67 14342 0 0 0 0
1417 67 14473 0 0 0 0
1418 66 14369 0 0 0 0
1419 66 14361 0 0 0 0
1420 67 14563 0 0 0 0
1421 66 14374 0 0 0 0
1422 66 14512 0 0 1 1
1423 65 14332 0 0 1 0
1424 65 14377 0 0 1 0
1425 65 14287 0 0 1 0
1426 65 14304 0 0 1 0
1427 67 14605 0 0 0 0
1428 66 14346 0 0 0 0
1429 67 14442 0 0 0 0
1430 68 14502 0 0 0 0
1431 68 14432 0 0 0 0
1432 67 14240 0 0 0 0
1433 67 14299 0 0 0 0
1434 67 14389 0 0 0 0
1435 67 14370 0 0 0 0
1436 66 14233 0 0 0 0
1437 67 14473 0 0 0 0
1438 66 14335 0 0 0 0
1439 66 14392 0 0 0 0
1440 66 14386 0 0 0 0
1441 66 14467 0 0 1 1
1442 65 14270 0 0 1 0
1443 65 14348 0 0 1 0
1444 65 14408 0 0 1 0
1445 66 14552 0 0 1 0
1446 66 14384 0 0 0 0
1447 66 14344 0 0 0 0
1448 67 14487 0 0 0 0
1449 67 14395 0 0 0 0
1450 68 14565 0 0 0 0
1451 67 14269 0 0 0 0
1452 68 14421 0 0 0 0
1453 68 14321 0 0 0 0
1454 69 14480 0 0 0 0
1455 69 14303 0 0 0 0
1456 70 14398 0 0 0 0
1457 70 14466 0 0 0 0
1458 69 14424 0 0 0 0
1459 68 14413 0 0 0 0
1460 67 14385 0 0 0 0
1461 66 14460 0 0 1 1
1462 64 14201 0 0 1 0
1463 64 14459 0 0 1 0
1464 63 14496 0 0 1 0
1465 61 14265 0 0 1 0
1466 60 14326 0 0 1 0
1467 59 14407 0 0 1 1
1468 58 14465 0 0 1 0
1469 57 14388 0 0 1 0
1470 56 14200 0 0 1 0
1471 57 14336 0 0 1 0
1472 57 14304 0 0 1 0
1473 58 14414 0 0 1 1
1474 59 14557 0 0 1 0
1475 59 14446 0 0 1 0
1476 59 14366 0 0 1 0
1477 60 14566 0 0 1 0
1478 60 14486 0 0 1 0
1479 61 14563 0 0 1 1
1480 61 14357 0 0 1 0
1481 62 14317 0 0 1 0
1482 63 14402 0 0 1 0
1483 64 14517 0 0 1 0
1484 64 14460 0 0 1 0
1485 63 14196 0 0 1 1
1486 64 14410 0 0 1 0
1487 64 14403 0 0 1 0
1488 64 14361 0 0 1 0
1489 64 14408 0 0 1 0
1490 63 14260 0 0 1 0
1491 62 14172 0 0 1 1
1492 63 14531 0 0 1 0
1493 62 14490 0 0 1 0
1494 61 14410 0 0 1 0
1495 60 14332 0 0 1 0
1496 60 14409 0 0 1 0
1497 60 14543 0 0 1 1
1498 59 14429 0 0 1 0
1499 58 14288 0 0 1 0
