block n60 sum_rr60 hold drowsy
0 4 748 1 0
1 10 1951 1 0
2 16 3131 1 0
3 23 4457 1 0
4 29 5591 1 0
5 35 6704 1 0
6 42 8000 1 0
7 48 9121 1 0
8 55 10431 1 0
9 61 11584 1 0
10 67 12738 1 0
11 73 13890 1 0
12 75 14341 1 0
13 76 14521 1 0
14 76 14513 1 0
15 75 14386 1 0
16 75 14413 1 0
17 75 14454 1 0
18 74 14388 1 0
19 74 14542 1 0
20 72 14308 1 0
21 72 14466 1 0
22 71 14378 1 0
23 71 14430 1 0
24 71 14430 1 0
25 70 14254 1 0
26 70 14315 1 0
27 70 14326 1 0
28 70 14345 1 0
29 70 14391 1 0
30 70 14400 1 0
31 70 14310 1 0
32 71 14451 1 0
33 71 14361 1 0
34 72 14472 1 0
35 72 14482 1 0
36 72 14496 0 0
37 72 14475 0 0
38 72 14417 0 0
39 72 14352 0 0
40 73 14503 0 0
41 73 14471 0 0
42 73 14387 0 0
43 73 14348 0 0
44 73 14317 0 0
45 73 14298 0 0
46 73 14326 0 0
47 74 14418 0 0
48 74 14324 0 0
49 75 14441 0 0
50 75 14450 0 0
51 75 14546 0 0
52 74 14416 0 0
53 73 14274 0 0
54 73 14340 0 0
55 73 14436 0 0
56 73 14435 0 0
57 73 14385 0 0
58 74 14556 0 0
59 73 14458 0 0
60 72 14360 0 0
61 71 14280 0 0
62 71 14334 0 0
63 71 14334 0 0
64 71 14376 0 0
65 71 14384 0 0
66 71 14384 0 0
67 71 14364 0 0
68 71 14404 0 0
69 71 14445 0 0
70 70 14271 0 0
71 71 14398 0 0
72 72 14498 0 0
73 72 14428 0 0
74 72 14376 0 0
75 73 14460 0 0
76 73 14371 0 0
77 74 14525 0 0
78 74 14463 0 0
79 74 14411 0 0
80 74 14379 0 0
81 74 14370 0 0
82 74 14370 0 0
83 73 14208 0 0
84 74 14479 0 0
85 73 14332 0 0
86 73 14390 0 0
87 72 14269 0 0
88 72 14280 0 0
89 73 14456 0 0
90 73 14435 0 0
91 73 14372 0 0
92 74 14460 0 0
93 74 14461 0 0
94 74 14482 0 0
95 74 14531 0 0
96 73 14353 0 0
97 74 14540 0 0
98 74 14438 0 0
99 74 14404 0 0
100 75 14508 0 0
101 74 14255 0 0
102 74 14306 0 0
103 75 14559 0 0
104 74 14465 0 0
105 74 14496 0 0
106 73 14274 0 0
107 73 14309 0 0
108 73 14305 0 0
109 73 14315 0 0
110 73 14397 0 0
111 73 14391 0 0
112 72 14302 0 0
113 73 14516 0 0
114 73 14501 0 0
115 72 14371 0 0
116 72 14373 0 0
117 72 14359 0 0
118 73 14556 0 0
119 73 14494 0 0
120 73 14442 0 0
121 73 14424 0 0
122 73 14428 0 0
123 73 14518 0 0
124 72 14367 0 0
125 71 14265 0 0
126 71 14287 0 0
127 71 14279 0 0
128 71 14290 0 0
129 71 14291 0 0
130 71 14305 0 0
131 71 14328 0 0
132 71 14395 0 0
133 71 14408 0 0
134 71 14405 0 0
135 71 14353 0 0
136 72 14579 0 0
137 72 14554 0 0
138 72 14577 0 0
139 72 14540 0 0
140 72 14548 0 0
141 71 14385 0 0
142 71 14365 0 0
143 71 14371 0 0
144 71 14391 0 0
145 71 14347 0 0
146 71 14337 0 0
147 71 14382 0 0
148 71 14364 0 0
149 71 14389 0 0
150 71 14383 0 0
151 71 14397 0 0
152 71 14410 0 0
153 72 14548 0 0
154 70 14135 0 0
155 70 14058 0 0
156 70 13982 0 0
157 70 13992 0 0
158 71 14117 0 0
159 71 14077 0 0
160 71 14008 0 0
161 71 13971 0 0
162 71 13905 0 0
163 71 13925 0 0
164 71 13837 0 0
165 71 13871 0 0
166 73 14353 0 0
167 73 14469 0 0
168 73 14543 0 0
169 72 14425 0 0
170 71 14364 0 0
171 71 14410 0 0
172 70 14322 0 0
173 70 14412 0 0
174 70 14540 0 0
175 69 14367 0 0
176 69 14481 0 0
177 69 14555 0 1
178 68 14351 0 1
179 68 14359 0 1
180 68 14369 0 1
181 69 14492 0 0
182 69 14462 0 0
183 69 14410 0 0
184 70 14505 0 0
185 70 14431 0 0
186 70 14381 0 0
187 71 14533 0 0
188 71 14466 0 0
189 71 14363 0 0
190 72 14506 0 0
191 72 14434 0 0
192 72 14323 0 0
193 72 14302 0 0
194 72 14233 0 0
195 72 14247 0 0
196 72 14339 0 0
197 72 14386 0 0
198 72 14386 0 0
199 71 14216 0 0
200 71 14276 0 0
201 71 14312 0 0
202 71 14308 0 0
203 71 14346 0 0
204 71 14405 0 0
205 71 14466 0 0
206 71 14481 0 0
207 71 14434 0 0
208 71 14356 0 0
209 71 14325 0 0
210 71 14303 0 0
211 72 14467 0 0
212 72 14445 0 0
213 72 14462 0 0
214 72 14506 0 0
215 72 14480 0 0
216 72 14476 0 0
217 72 14451 0 0
218 72 14467 0 0
219 72 14519 0 0
220 72 14537 0 0
221 71 14369 0 0
222 71 14392 0 0
223 71 14412 0 0
224 71 14406 0 0
225 71 14325 0 0
226 71 14251 0 0
227 72 14420 0 0
228 72 14423 0 0
229 71 14286 0 0
230 71 14329 0 0
231 71 14318 0 0
232 71 14324 0 0
233 72 14488 0 0
234 72 14448 0 0
235 72 14443 0 0
236 72 14426 0 0
237 72 14435 0 0
238 72 14420 0 0
239 71 14221 0 0
240 71 14215 0 0
241 72 14394 0 0
242 72 14397 0 0
243 72 14421 0 0
244 72 14485 0 0
245 71 14296 0 0
246 71 14362 0 0
247 71 14329 0 0
248 71 14345 0 0
249 71 14423 0 0
250 71 14432 0 0
251 71 14445 0 0
252 71 14525 0 0
253 71 14536 0 0
254 70 14334 0 0
255 70 14352 0 0
256 70 14281 0 0
257 71 14470 0 0
258 71 14422 0 0
259 71 14477 0 0
260 70 14343 0 0
261 70 14380 0 0
262 70 14470 0 0
263 70 14540 0 0
264 69 14360 0 0
265 69 14372 0 0
266 70 14576 0 0
267 69 14361 0 0
268 69 14394 0 0
269 69 14452 0 0
270 69 14460 0 0
271 68 14290 0 0
272 69 14467 0 0
273 69 14401 0 0
274 69 14358 0 0
275 69 14237 0 0
276 71 14433 0 0
277 72 14452 0 0
278 72 14296 0 0
279 74 14541 0 0
280 74 14384 0 0
281 75 14398 0 0
282 75 14287 0 0
283 77 14492 0 0
284 78 14520 0 0
285 78 14421 0 0
286 78 14344 0 0
287 79 14548 0 0
288 78 14393 0 0
289 77 14272 0 0
290 77 14336 0 0
291 77 14401 0 0
292 77 14471 0 0
293 76 14306 0 0
294 77 14468 0 0
295 76 14337 0 0
296 75 14283 0 0
297 75 14444 0 0
298 74 14377 0 0
299 73 14306 0 0
300 73 14407 0 0
301 73 14489 0 0
302 73 14550 0 0
303 71 14236 0 0
304 71 14353 0 0
305 71 14477 0 0
306 69 14282 0 0
307 69 14435 0 0
308 69 14492 0 0
309 68 14260 0 0
310 69 14418 0 0
311 69 14326 0 0
312 69 14286 0 0
313 69 14311 0 0
314 69 14244 0 0
315 70 14400 0 0
316 70 14397 0 0
317 70 14414 0 0
318 70 14428 0 0
319 70 14362 0 0
320 70 14287 0 0
321 71 14505 0 0
322 71 14528 0 0
323 71 14562 0 0
324 69 14157 0 0
325 69 14135 0 0
326 69 14169 0 0
327 69 14202 0 0
328 69 14137 0 0
329 68 13907 0 0
330 69 14057 0 0
331 69 14066 0 0
332 69 14089 0 0
333 69 14080 0 0
334 68 13872 0 0
335 68 13879 0 0
336 70 14284 0 0
337 70 14272 0 0
338 70 14292 0 0
339 70 14247 0 0
340 70 14238 0 0
341 72 14569 0 0
342 72 14512 0 0
343 72 14436 0 0
344 72 14392 0 0
345 72 14331 0 0
346 73 14570 0 0
347 72 14441 0 0
348 72 14485 0 0
349 72 14515 0 0
350 72 14537 0 0
351 71 14406 0 0
352 71 14452 0 0
353 70 14391 0 0
354 69 14274 0 0
355 69 14397 0 0
356 69 14495 0 0
357 68 14335 0 1
358 68 14316 0 1
359 69 14450 0 0
360 69 14472 0 0
361 68 14271 0 0
362 68 14241 0 0
363 69 14435 0 0
364 69 14370 0 0
365 69 14246 0 0
366 70 14395 0 0
367 71 14488 0 0
368 71 14406 0 0
369 71 14383 0 0
370 71 14375 0 0
371 71 14387 0 0
372 71 14382 0 0
373 71 14393 0 0
374 71 14466 0 0
375 71 14523 0 0
376 70 14417 0 0
377 70 14488 0 0
378 70 14530 0 0
379 69 14353 0 0
380 69 14336 0 0
381 70 14525 0 0
382 70 14475 0 0
383 70 14446 0 0
384 70 14422 0 0
385 71 14520 0 0
386 71 14448 0 0
387 71 14387 0 0
388 71 14373 0 0
389 71 14363 0 0
390 71 14322 0 0
391 70 14235 0 0
392 70 14323 0 0
393 70 14396 0 0
394 69 14273 0 0
395 69 14349 0 0
396 69 14375 0 0
397 69 14391 0 0
398 69 14339 0 0
399 69 14290 0 0
400 70 14526 0 0
401 69 14332 0 0
402 70 14512 0 0
403 70 14441 0 0
404 70 14466 0 0
405 69 14281 0 0
406 70 14506 0 0
407 70 14507 0 0
408 69 14325 0 0
409 69 14427 0 0
410 69 14500 0 0
411 68 14346 0 1
412 68 14253 0 0
413 70 14587 0 0
414 69 14400 0 0
415 70 14562 0 0
416 69 14278 0 0
417 70 14396 0 0
418 70 14293 0 0
419 70 14233 0 0
420 71 14360 0 0
421 71 14363 0 0
422 71 14377 0 0
423 72 14500 0 0
424 72 14468 0 0
425 71 14250 0 0
426 71 14219 0 0
427 71 14215 0 0
428 72 14407 0 0
429 73 14588 0 0
430 73 14569 0 0
431 73 14543 0 0
432 73 14528 0 0
433 73 14438 0 0
434 73 14373 0 0
435 73 14431 0 0
436 73 14473 0 0
437 73 14514 0 0
438 73 14575 0 0
439 73 14562 0 0
440 73 14522 0 0
441 72 14341 0 0
442 72 14348 0 0
443 72 14343 0 0
444 72 14379 0 0
445 72 14408 0 0
446 72 14441 0 0
447 72 14413 0 0
448 72 14421 0 0
449 71 14241 0 0
450 72 14409 0 0
451 71 14277 0 0
452 71 14316 0 0
453 71 14288 0 0
454 71 14307 0 0
455 71 14289 0 0
456 72 14433 0 0
457 71 14257 0 0
458 71 14284 0 0
459 71 14346 0 0
460 71 14376 0 0
461 72 14595 0 0
462 70 14251 0 0
463 71 14493 0 0
464 71 14526 0 0
465 70 14399 0 0
466 70 14478 0 0
467 70 14542 0 0
468 68 14249 0 0
469 69 14486 0 0
470 69 14473 0 0
471 69 14484 0 0
472 68 14300 0 1
473 68 14349 0 1
474 68 14357 0 1
475 68 14339 0 1
476 68 14327 0 1
477 69 14453 0 0
478 69 14375 0 0
479 69 14349 0 0
480 70 14478 0 0
481 70 14410 0 0
482 70 14373 0 0
483 70 14297 0 0
484 71 14409 0 0
485 71 14272 0 0
486 73 14536 0 0
487 73 14420 0 0
488 73 14344 0 0
489 74 14509 0 0
490 74 14459 0 0
491 74 14355 0 0
492 75 14475 0 0
493 75 14395 0 0
494 75 14321 0 0
495 76 14458 0 0
496 76 14447 0 0
497 76 14432 0 0
498 75 14304 0 0
499 75 14441 0 0
500 75 14552 0 0
501 73 14270 0 0
502 73 14304 0 0
503 73 14460 0 0
504 72 14404 0 0
505 71 14323 0 0
506 71 14482 0 0
507 70 14397 0 0
508 70 14443 0 0
509 70 14511 0 0
510 70 14486 0 0
511 70 14358 0 0
512 70 14266 0 0
513 71 14405 0 0
514 71 14411 0 0
515 71 14326 0 0
516 71 14300 0 0
517 72 14445 0 0
518 72 14353 0 0
519 72 14312 0 0
520 72 14323 0 0
521 72 14376 0 0
522 71 14276 0 0
523 71 14370 0 0
524 71 14489 0 0
525 70 14346 0 0
526 70 14384 0 0
527 70 14426 0 0
528 70 14372 0 0
529 70 14419 0 0
530 70 14495 0 0
531 69 14396 0 0
532 69 14473 0 0
533 69 14469 0 0
534 69 14434 0 0
535 69 14451 0 0
536 69 14391 0 0
537 70 14578 0 0
538 69 14366 0 0
539 69 14357 0 0
540 69 14359 0 0
541 69 14348 0 0
542 69 14346 0 0
543 69 14344 0 0
544 69 14358 0 0
545 69 14347 0 0
546 69 14363 0 0
547 69 14334 0 0
548 69 14361 0 0
549 69 14355 0 0
550 70 14581 0 0
551 69 14431 0 0
552 69 14482 0 0
553 69 14526 0 1
554 68 14310 0 1
555 69 14513 0 1
556 69 14444 0 0
557 68 14260 0 0
558 69 14448 0 0
559 69 14453 0 0
560 69 14417 0 0
561 68 14262 0 0
562 68 14303 0 1
563 69 14439 0 0
564 69 14496 0 0
565 68 14264 0 0
566 69 14469 0 0
567 69 14476 0 0
568 68 14304 0 1
569 69 14524 0 1
570 69 14540 0 1
571 68 14363 0 1
572 68 14400 0 1
573 69 14595 0 1
574 68 14415 0 1
575 68 14493 0 1
576 67 14252 0 1
577 68 14459 0 1
578 68 14429 0 1
579 68 14371 0 1
580 69 14544 0 1
581 68 14335 0 1
582 67 14205 0 1
583 68 14452 0 1
584 67 14287 0 1
585 67 14302 0 1
586 68 14481 0 1
587 67 14267 0 1
588 68 14443 0 1
589 68 14367 0 1
590 68 14380 0 1
591 68 14359 0 1
592 68 14391 0 1
593 68 14402 0 1
594 69 14556 0 1
595 68 14319 0 1
596 69 14512 0 1
597 69 14490 0 0
598 69 14404 0 0
599 70 14525 0 0
600 70 14479 0 0
601 70 14539 0 0
602 69 14364 0 0
603 69 14357 0 0
604 69 14315 0 0
605 70 14504 0 0
606 69 14277 0 0
607 70 14497 0 0
608 69 14284 0 0
609 70 14369 0 0
610 70 14403 0 0
611 69 14270 0 0
612 69 14350 0 0
613 69 14386 0 0
614 69 14363 0 0
615 69 14367 0 0
616 69 14337 0 0
617 69 14287 0 0
618 70 14485 0 0
619 70 14461 0 0
620 70 14451 0 0
621 69 14370 0 0
622 69 14373 0 0
623 70 14528 0 0
624 69 14376 0 0
625 69 14386 0 0
626 69 14395 0 0
627 69 14493 0 0
628 68 14414 0 1
629 68 14498 0 1
630 67 14343 0 1
631 67 14354 0 1
632 67 14351 0 1
633 67 14358 0 1
634 67 14434 0 1
635 66 14303 0 1
636 67 14479 0 1
637 66 14274 0 1
638 67 14478 0 1
639 67 14381 0 1
640 68 14499 0 1
641 68 14428 0 1
642 68 14351 0 1
643 68 14301 0 1
644 69 14449 0 0
645 69 14377 0 0
646 69 14314 0 0
647 70 14501 0 0
648 69 14264 0 0
649 70 14500 0 0
650 69 14360 0 0
651 69 14415 0 0
652 69 14383 0 0
653 69 14340 0 0
654 70 14506 0 0
655 70 14533 0 0
656 69 14428 0 0
657 68 14326 0 1
658 68 14415 0 1
659 67 14269 0 1
660 67 14353 0 1
661 67 14400 0 1
662 67 14404 0 1
663 67 14461 0 1
664 66 14367 0 1
665 65 14284 0 1
666 65 14396 0 1
667 65 14399 0 1
668 65 14326 0 1
669 66 14434 0 1
670 66 14335 0 1
671 67 14442 0 1
672 68 14550 0 1
673 68 14427 0 1
674 69 14527 0 1
675 69 14402 0 0
676 69 14350 0 0
677 70 14554 0 0
678 69 14348 0 0
679 69 14393 0 0
680 69 14446 0 0
681 69 14492 0 0
682 69 14459 0 0
683 69 14449 0 0
684 68 14291 0 1
685 68 14298 0 1
686 68 14286 0 0
687 68 14325 0 1
688 69 14536 0 1
689 68 14346 0 1
690 68 14353 0 1
691 68 14383 0 1
692 68 14397 0 1
693 68 14456 0 1
694 67 14351 0 1
695 67 14448 0 1
696 67 14451 0 1
697 67 14473 0 1
698 67 14477 0 1
699 67 14486 0 1
700 66 14269 0 1
701 67 14485 0 1
702 67 14494 0 1
703 66 14233 0 1
704 67 14447 0 1
705 67 14415 0 1
706 67 14403 0 1
707 67 14394 0 1
708 67 14361 0 1
709 67 14411 0 1
710 66 14285 0 1
711 66 14341 0 1
712 66 14364 0 1
713 66 14321 0 1
714 67 14442 0 1
715 68 14605 0 1
716 67 14308 0 1
717 67 14226 0 1
718 68 14432 0 1
719 68 14392 0 1
720 68 14371 0 1
721 68 14359 0 1
722 68 14372 0 1
723 68 14321 0 1
724 69 14543 0 1
725 68 14312 0 1
726 68 14377 0 1
727 67 14209 0 1
728 68 14510 0 1
729 67 14382 0 1
730 67 14338 0 1
731 67 14311 0 1
732 68 14557 0 1
733 68 14471 0 1
734 68 14462 0 1
735 68 14490 0 1
736 67 14345 0 1
737 67 14417 0 1
738 67 14424 0 1
739 67 14428 0 1
740 67 14391 0 1
741 68 14608 0 1
742 67 14435 0 1
743 67 14463 0 1
744 66 14251 0 1
745 66 14299 0 1
746 67 14480 0 1
747 67 14450 0 1
748 67 14324 0 1
749 68 14428 0 1
750 68 14337 0 1
751 69 14484 0 0
752 69 14416 0 0
753 69 14393 0 0
754 69 14359 0 0
755 69 14348 0 0
756 70 14563 0 0
757 69 14372 0 0
758 69 14378 0 0
759 69 14370 0 0
760 69 14377 0 0
761 69 14449 0 0
762 68 14306 0 1
763 68 14339 0 1
764 68 14369 0 1
765 68 14293 0 1
766 69 14475 0 0
767 69 14463 0 0
768 68 14218 0 0
769 69 14445 0 0
770 68 14271 0 0
771 68 14295 0 1
772 69 14552 0 1
773 68 14334 0 1
774 69 14597 0 1
775 68 14436 0 1
776 67 14312 0 1
777 67 14454 0 1
778 66 14327 0 1
779 66 14313 0 1
780 66 14382 0 1
781 66 14429 0 1
782 66 14438 0 1
783 66 14488 0 1
784 65 14265 0 1
785 66 14453 0 1
786 66 14384 0 1
787 66 14371 0 1
788 67 14551 0 1
789 66 14303 0 1
790 67 14500 0 1
791 67 14469 0 1
792 68 14590 0 1
793 67 14310 0 1
794 68 14530 0 1
795 67 14336 0 1
796 68 14571 0 1
797 67 14377 0 1
798 66 14238 0 1
799 67 14504 0 1
800 66 14317 0 1
801 67 14552 0 1
802 66 14352 0 1
803 65 14248 0 1
804 65 14289 0 1
805 66 14505 0 1
806 65 14305 0 1
807 66 14413 0 1
808 66 14340 0 1
809 66 14329 0 1
810 67 14474 0 1
811 67 14394 0 1
812 67 14383 0 1
813 67 14352 0 1
814 67 14367 0 1
815 68 14574 0 1
816 67 14377 0 1
817 67 14411 0 1
818 67 14407 0 1
819 67 14493 0 1
820 66 14401 0 1
821 66 14427 0 1
822 66 14471 0 1
823 65 14256 0 1
824 66 14501 0 1
825 66 14426 0 1
826 66 14389 0 1
827 66 14385 0 1
828 66 14382 0 1
829 66 14351 0 1
830 67 14501 0 1
831 66 14235 0 1
832 67 14295 0 1
833 68 14398 0 1
834 68 14290 0 0
835 70 14571 0 0
836 70 14388 0 0
837 70 14316 0 0
838 72 14524 0 0
839 72 14329 0 0
840 74 14556 0 0
841 74 14448 0 0
842 74 14376 0 0
843 74 14381 0 0
844 74 14413 0 0
845 74 14447 0 0
846 74 14478 0 0
847 73 14357 0 0
848 73 14450 0 0
849 72 14319 0 0
850 71 14229 0 0
851 71 14398 0 0
852 70 14374 0 0
853 69 14277 0 0
854 69 14309 0 0
855 70 14461 0 0
856 70 14424 0 0
857 70 14427 0 0
858 70 14404 0 0
859 70 14397 0 0
860 70 14385 0 0
861 71 14578 0 0
862 71 14555 0 0
863 71 14477 0 0
864 71 14353 0 0
865 72 14431 0 0
866 72 14385 0 0
867 73 14484 0 0
868 73 14429 0 0
869 73 14382 0 0
870 73 14392 0 0
871 73 14392 0 0
872 72 14247 0 0
873 72 14331 0 0
874 71 14255 0 0
875 71 14408 0 0
876 70 14368 0 0
877 70 14534 0 0
878 69 14453 0 0
879 68 14423 0 1
880 68 14464 0 1
881 68 14496 0 1
882 67 14317 0 1
883 67 14402 0 1
884 67 14343 0 1
885 67 14371 0 1
886 68 14521 0 1
887 68 14367 0 1
888 69 14492 0 0
889 68 14205 0 0
890 69 14434 0 0
891 68 14279 0 0
892 68 14425 0 1
893 67 14278 0 1
894 68 14538 0 1
895 68 14445 0 1
896 68 14521 0 1
897 68 14459 0 1
898 67 14326 0 1
899 66 14269 0 1
900 66 14372 0 1
901 66 14455 0 1
902 65 14270 0 1
903 66 14467 0 1
904 66 14323 0 1
905 67 14503 0 1
906 66 14327 0 1
907 65 14231 0 1
908 66 14382 0 1
909 66 14318 0 1
910 67 14469 0 1
911 67 14404 0 1
912 67 14380 0 1
913 68 14522 0 1
914 68 14490 0 1
915 68 14453 0 1
916 67 14390 0 1
917 66 14243 0 1
918 67 14437 0 1
919 67 14429 0 1
920 67 14440 0 1
921 67 14511 0 1
922 66 14286 0 1
923 67 14438 0 1
924 67 14341 0 1
925 67 14343 0 1
926 68 14477 0 1
927 67 14217 0 1
928 69 14496 0 0
929 69 14379 0 0
930 69 14340 0 0
931 70 14506 0 0
932 70 14483 0 0
933 69 14263 0 0
934 70 14495 0 0
935 70 14545 0 0
936 69 14349 0 0
937 69 14364 0 0
938 68 14226 0 0
939 69 14460 0 0
940 68 14337 0 1
941 68 14414 0 1
942 68 14419 0 1
943 68 14447 0 1
944 67 14270 0 1
945 68 14447 0 1
946 68 14368 0 1
947 68 14288 0 0
948 69 14501 0 1
949 68 14303 0 1
950 69 14540 0 1
951 68 14366 0 1
952 68 14378 0 1
953 68 14406 0 1
954 68 14405 0 1
955 67 14227 0 1
956 68 14479 0 1
957 67 14354 0 1
958 67 14459 0 1
959 66 14352 0 1
960 66 14421 0 1
961 66 14446 0 1
962 66 14363 0 1
963 67 14495 0 1
964 67 14401 0 1
965 68 14503 0 1
966 68 14420 0 1
967 69 14533 0 1
968 69 14453 0 0
969 69 14363 0 0
970 69 14275 0 0
971 71 14557 0 0
972 71 14413 0 0
973 72 14504 0 0
974 71 14335 0 0
975 71 14414 0 0
976 70 14309 0 0
977 70 14410 0 0
978 69 14281 0 0
979 69 14341 0 0
980 68 14202 0 0
981 69 14494 0 0
982 69 14563 0 1
983 67 14235 0 1
984 67 14280 0 1
985 67 14350 0 1
986 68 14560 0 1
987 67 14347 0 1
988 67 14372 0 1
989 67 14396 0 1
990 68 14583 0 1
991 67 14368 0 1
992 68 14420 0 1
993 69 14433 0 0
994 69 14425 0 0
995 69 14493 0 0
996 68 14418 0 1
997 68 14504 0 1
998 67 14345 0 1
999 67 14383 0 1
1000 68 14536 0 1
1001 67 14323 0 1
1002 66 14199 0 1
1003 67 14460 0 1
1004 66 14377 0 1
1005 65 14330 0 1
1006 65 14353 0 1
1007 65 14293 0 1
1008 66 14423 0 1
1009 66 14260 0 1
1010 67 14394 0 1
1011 68 14527 0 1
1012 67 14333 0 1
1013 68 14502 0 1
1014 68 14404 0 1
1015 68 14343 0 1
1016 69 14508 0 1
1017 68 14330 0 1
1018 68 14326 0 1
1019 69 14576 0 1
1020 68 14368 0 1
1021 68 14475 0 1
1022 67 14293 0 1
1023 67 14270 0 1
1024 68 14394 0 1
1025 68 14431 0 1
1026 68 14512 0 1
1027 67 14361 0 1
1028 67 14477 0 1
1029 67 14476 0 1
1030 67 14456 0 1
1031 67 14346 0 1
1032 68 14519 0 1
1033 67 14272 0 1
1034 68 14436 0 1
1035 68 14526 0 1
1036 67 14439 0 1
1037 67 14411 0 1
1038 67 14358 0 1
1039 68 14476 0 1
1040 68 14345 0 1
1041 68 14354 0 1
1042 68 14384 0 1
1043 67 14308 0 1
1044 67 14375 0 1
1045 67 14417 0 1
1046 67 14482 0 1
1047 66 14242 0 1
1048 67 14360 0 1
1049 67 14256 0 1
1050 68 14411 0 1
1051 68 14450 0 1
1052 67 14290 0 1
1053 68 14498 0 1
1054 67 14270 0 1
1055 68 14486 0 1
1056 67 14304 0 1
1057 68 14526 0 1
1058 67 14297 0 1
1059 68 14537 0 1
1060 67 14431 0 1
1061 67 14551 0 1
1062 66 14442 0 1
1063 65 14233 0 1
1064 66 14439 0 1
1065 66 14388 0 1
1066 67 14592 0 1
1067 66 14300 0 1
1068 67 14455 0 1
1069 67 14338 0 1
1070 68 14459 0 1
1071 68 14377 0 1
1072 69 14473 0 0
1073 69 14404 0 0
1074 69 14366 0 0
1075 70 14607 0 0
1076 69 14482 0 0
1077 68 14353 0 1
1078 68 14368 0 1
1079 68 14394 0 1
1080 68 14339 0 1
1081 68 14372 0 1
1082 68 14376 0 1
1083 68 14345 0 1
1084 68 14356 0 1
1085 68 14336 0 1
1086 69 14473 0 0
1087 69 14411 0 0
1088 69 14284 0 0
1089 70 14420 0 0
1090 70 14388 0 0
1091 71 14589 0 0
1092 70 14403 0 0
1093 70 14428 0 0
1094 70 14477 0 0
1095 70 14477 0 0
1096 70 14448 0 0
1097 70 14438 0 0
1098 70 14410 0 0
1099 70 14355 0 0
1100 71 14537 0 0
1101 71 14424 0 0
1102 71 14407 0 0
1103 71 14393 0 0
1104 71 14373 0 0
1105 71 14403 0 0
1106 71 14425 0 0
1107 70 14330 0 0
1108 69 14229 0 0
1109 69 14304 0 0
1110 69 14392 0 0
1111 68 14262 0 0
1112 68 14282 0 0
1113 68 14375 0 1
1114 67 14237 0 1
1115 67 14282 0 1
1116 68 14538 0 1
1117 68 14502 0 1
1118 68 14418 0 1
1119 69 14508 0 1
1120 69 14423 0 0
1121 69 14370 0 0
1122 69 14346 0 0
1123 70 14548 0 0
1124 69 14394 0 0
1125 69 14453 0 0
1126 70 14604 0 0
1127 69 14418 0 0
1128 69 14397 0 0
1129 69 14328 0 0
1130 68 14191 0 0
1131 68 14333 0 1
1132 68 14447 0 1
1133 67 14337 0 1
1134 67 14390 0 1
1135 67 14380 0 1
1136 67 14363 0 1
1137 67 14339 0 1
1138 67 14362 0 1
1139 67 14356 0 1
1140 67 14428 0 1
1141 66 14330 0 1
1142 67 14557 0 1
1143 67 14451 0 1
1144 67 14441 0 1
1145 67 14456 0 1
1146 67 14462 0 1
1147 66 14290 0 1
1148 67 14565 0 1
1149 66 14435 0 1
1150 66 14441 0 1
1151 66 14408 0 1
1152 66 14351 0 1
1153 67 14553 0 1
1154 66 14333 0 1
1155 65 14216 0 1
1156 66 14421 0 1
1157 66 14371 0 1
1158 66 14353 0 1
1159 67 14534 0 1
1160 66 14270 0 1
1161 67 14399 0 1
1162 66 14224 0 1
1163 67 14475 0 1
1164 66 14287 0 1
1165 66 14284 0 1
1166 66 14355 0 1
1167 66 14378 0 1
1168 66 14435 0 1
1169 66 14493 0 1
1170 65 14308 0 1
1171 65 14383 0 1
1172 65 14428 0 1
1173 65 14470 0 1
1174 65 14453 0 1
1175 65 14440 0 1
1176 65 14440 0 1
1177 65 14384 0 1
1178 66 14454 0 1
1179 67 14530 0 1
1180 67 14375 0 1
1181 68 14436 0 1
1182 69 14482 0 0
1183 69 14287 0 0
1184 70 14365 0 0
1185 70 14235 0 0
1186 71 14384 0 0
1187 71 14270 0 0
1188 73 14549 0 0
1189 73 14491 0 0
1190 73 14498 0 0
1191 73 14434 0 0
1192 73 14444 0 0
1193 72 14263 0 0
1194 72 14410 0 0
1195 72 14496 0 0
1196 72 14531 0 0
1197 72 14586 0 0
1198 72 14545 0 0
1199 72 14554 0 0
1200 71 14380 0 0
1201 71 14360 0 0
1202 71 14326 0 0
1203 71 14358 0 0
1204 71 14322 0 0
1205 72 14470 0 0
1206 72 14317 0 0
1207 73 14445 0 0
1208 73 14406 0 0
1209 73 14373 0 0
1210 73 14359 0 0
1211 73 14328 0 0
1212 73 14283 0 0
1213 74 14475 0 0
1214 74 14462 0 0
1215 74 14457 0 0
1216 74 14466 0 0
1217 73 14357 0 0
1218 73 14498 0 0
1219 72 14388 0 0
1220 72 14384 0 0
1221 72 14371 0 0
1222 72 14376 0 0
1223 72 14441 0 0
1224 71 14365 0 0
1225 70 14300 0 0
1226 70 14339 0 0
1227 70 14351 0 0
1228 70 14325 0 0
1229 71 14443 0 0
1230 71 14300 0 0
1231 72 14389 0 0
1232 72 14370 0 0
1233 72 14335 0 0
1234 72 14310 0 0
1235 73 14404 0 0
1236 74 14461 0 0
1237 75 14477 0 0
1238 75 14396 0 0
1239 76 14462 0 0
1240 76 14382 0 0
1241 76 14356 0 0
1242 76 14406 0 0
1243 76 14397 0 0
1244 76 14437 0 0
1245 75 14344 0 0
1246 75 14425 0 0
1247 74 14307 0 0
1248 74 14409 0 0
1249 73 14341 0 0
1250 73 14404 0 0
1251 72 14324 0 0
1252 72 14384 0 0
1253 73 14515 0 0
1254 73 14515 0 0
1255 72 14434 0 0
1256 71 14280 0 0
1257 72 14492 0 0
1258 72 14508 0 0
1259 71 14345 0 0
1260 71 14360 0 0
1261 71 14392 0 0
1262 71 14434 0 0
1263 71 14474 0 0
1264 71 14530 0 0
1265 70 14443 0 0
1266 70 14423 0 0
1267 70 14324 0 0
1268 71 14467 0 0
1269 71 14378 0 0
1270 71 14325 0 0
1271 72 14499 0 0
1272 72 14535 0 0
1273 71 14342 0 0
1274 71 14396 0 0
1275 71 14432 0 0
1276 70 14251 0 0
1277 70 14246 0 0
1278 70 14245 0 0
1279 70 14324 0 0
1280 70 14379 0 0
1281 70 14472 0 0
1282 69 14297 0 0
1283 69 14303 0 0
1284 69 14290 0 0
1285 70 14499 0 0
1286 70 14445 0 0
1287 69 14199 0 0
1288 70 14391 0 0
1289 70 14369 0 0
1290 70 14450 0 0
1291 70 14443 0 0
1292 70 14442 0 0
1293 70 14430 0 0
1294 70 14436 0 0
1295 70 14487 0 0
1296 70 14471 0 0
1297 70 14440 0 0
1298 70 14419 0 0
1299 71 14589 0 0
1300 71 14552 0 0
1301 71 14573 0 0
1302 71 14485 0 0
1303 71 14444 0 0
1304 71 14454 0 0
1305 70 14267 0 0
1306 71 14547 0 0
1307 70 14341 0 0
1308 70 14431 0 0
1309 69 14294 0 0
1310 69 14346 0 0
1311 69 14396 0 0
1312 69 14419 0 0
1313 68 14290 0 0
1314 68 14337 0 1
1315 68 14324 0 1
1316 68 14267 0 0
1317 69 14377 0 0
1318 69 14278 0 0
1319 70 14439 0 0
1320 70 14326 0 0
1321 71 14410 0 0
1322 71 14321 0 0
1323 71 14270 0 0
1324 71 14217 0 0
1325 72 14351 0 0
1326 72 14355 0 0
1327 72 14376 0 0
1328 73 14523 0 0
1329 73 14550 0 0
1330 73 14537 0 0
1331 73 14484 0 0
1332 73 14464 0 0
1333 72 14323 0 0
1334 72 14347 0 0
1335 73 14530 0 0
1336 72 14425 0 0
1337 72 14503 0 0
1338 72 14532 0 0
1339 71 14387 0 0
1340 70 14269 0 0
1341 70 14284 0 0
1342 70 14322 0 0
1343 69 14219 0 0
1344 69 14333 0 0
1345 70 14571 0 0
1346 69 14449 0 0
1347 68 14360 0 1
1348 68 14393 0 1
1349 68 14410 0 1
1350 67 14248 0 1
1351 68 14410 0 1
1352 69 14554 0 1
1353 69 14496 0 0
1354 69 14465 0 0
1355 69 14430 0 0
1356 69 14371 0 0
1357 69 14323 0 0
1358 70 14439 0 0
1359 70 14398 0 0
1360 71 14517 0 0
1361 71 14393 0 0
1362 72 14519 0 0
1363 72 14535 0 0
1364 70 14253 0 0
1365 70 14315 0 0
1366 70 14345 0 0
1367 71 14559 0 0
1368 70 14436 0 0
1369 69 14318 0 0
1370 69 14473 0 0
1371 68 14380 0 1
1372 67 14303 0 1
1373 67 14450 0 1
1374 66 14267 0 1
1375 66 14351 0 1
1376 66 14413 0 1
1377 66 14516 0 1
1378 65 14382 0 1
1379 64 14227 0 1
1380 65 14428 0 1
1381 65 14423 0 1
1382 65 14389 0 1
1383 65 14264 0 1
1384 66 14459 0 1
1385 65 14255 0 1
1386 66 14499 0 1
1387 66 14404 0 1
1388 67 14508 0 1
1389 66 14203 0 1
1390 67 14328 0 1
1391 68 14425 0 1
1392 68 14340 0 1
1393 69 14419 0 0
1394 69 14321 0 0
1395 70 14545 0 0
1396 70 14436 0 0
1397 71 14491 0 0
1398 71 14439 0 0
1399 71 14439 0 0
1400 71 14405 0 0
1401 71 14406 0 0
1402 71 14383 0 0
1403 71 14408 0 0
1404 71 14478 0 0
1405 70 14369 0 0
1406 70 14454 0 0
1407 69 14271 0 0
1408 69 14299 0 0
1409 69 14365 0 0
1410 69 14451 0 0
1411 68 14314 0 1
1412 68 14350 0 1
1413 68 14398 0 1
1414 68 14488 0 1
1415 68 14448 0 1
1416 68 14414 0 1
1417 69 14568 0 1
1418 68 14345 0 1
1419 69 14571 0 1
1420 68 14367 0 1
1421 68 14364 0 1
1422 68 14290 0 0
1423 69 14421 0 0
1424 69 14410 0 0
1425 70 14544 0 0
1426 69 14281 0 0
1427 69 14369 0 0
1428 69 14380 0 0
1429 69 14378 0 0
1430 69 14313 0 0
1431 69 14282 0 0
1432 70 14498 0 0
1433 70 14514 0 0
1434 70 14505 0 0
1435 70 14495 0 0
1436 69 14304 0 0
1437 69 14313 0 0
1438 70 14486 0 0
1439 70 14420 0 0
1440 70 14364 0 0
1441 70 14365 0 0
1442 71 14603 0 0
1443 70 14436 0 0
1444 70 14379 0 0
1445 69 14218 0 0
1446 69 14284 0 0
1447 69 14263 0 0
1448 70 14416 0 0
1449 70 14381 0 0
1450 70 14407 0 0
1451 70 14410 0 0
1452 70 14456 0 0
1453 69 14261 0 0
1454 69 14229 0 0
1455 70 14412 0 0
1456 69 14310 0 0
1457 70 14562 0 0
1458 69 14371 0 0
1459 69 14487 0 0
1460 68 14378 0 1
1461 68 14496 0 1
1462 68 14499 0 1
1463 67 14313 0 1
1464 67 14325 0 1
1465 68 14538 0 1
1466 68 14558 0 1
1467 68 14480 0 1
1468 69 14569 0 1
1469 69 14429 0 0
1470 70 14497 0 0
1471 70 14401 0 0
1472 71 14534 0 0
1473 70 14294 0 0
1474 70 14299 0 0
1475 71 14531 0 0
1476 70 14333 0 0
1477 70 14367 0 0
1478 69 14237 0 0
1479 69 14354 0 0
1480 68 14240 0 0
1481 68 14260 0 0
1482 68 14361 0 1
1483 67 14263 0 1
1484 67 14369 0 1
1485 67 14422 0 1
1486 67 14495 0 1
1487 66 14328 0 1
1488 67 14555 0 1
1489 66 14361 0 1
1490 66 14365 0 1
1491 66 14390 0 1
1492 67 14541 0 1
1493 66 14413 0 1
1494 66 14500 0 1
1495 66 14526 0 1
1496 65 14312 0 1
1497 65 14324 0 1
1498 65 14349 0 1
1499 65 14384 0 1
1500 64 14212 0 1
1501 65 14463 0 1
1502 65 14460 0 1
1503 65 14409 0 1
1504 64 14304 0 1
1505 65 14500 0 1
1506 65 14328 0 1
1507 66 14448 0 1
1508 66 14385 0 1
1509 67 14562 0 1
1510 66 14324 0 1
1511 67 14490 0 1
1512 67 14449 0 1
1513 67 14426 0 1
1514 67 14395 0 1
1515 67 14440 0 1
1516 67 14432 0 1
1517 67 14445 0 1
1518 66 14367 0 1
1519 66 14405 0 1
1520 67 14554 0 1
1521 67 14423 0 1
1522 67 14357 0 1
1523 67 14337 0 1
1524 67 14369 0 1
1525 67 14387 0 1
1526 67 14378 0 1
1527 67 14316 0 1
1528 68 14441 0 1
1529 68 14382 0 1
1530 68 14305 0 1
1531 69 14415 0 0
1532 69 14365 0 0
1533 69 14426 0 0
1534 69 14452 0 0
1535 69 14475 0 0
1536 69 14418 0 0
1537 69 14395 0 0
1538 69 14435 0 0
1539 69 14471 0 0
1540 69 14455 0 0
1541 68 14287 0 0
1542 69 14587 0 1
1543 67 14307 0 1
1544 66 14264 0 1
1545 66 14355 0 1
1546 66 14381 0 1
1547 66 14394 0 1
1548 66 14383 0 1
1549 66 14298 0 1
1550 67 14380 0 1
1551 67 14323 0 1
1552 67 14396 0 1
1553 67 14432 0 1
1554 66 14197 0 1
1555 67 14393 0 1
1556 68 14568 0 1
1557 67 14294 0 1
1558 68 14485 0 1
1559 68 14450 0 1
