block n60 sum_rr60 bad60 hold drowsy
0 0 0 5 1 0
1 0 0 8 1 0
2 1 353 11 1 0
3 2 696 13 1 0
4 4 1381 14 1 0
5 8 2728 14 1 0
6 12 4015 14 1 0
7 16 5054 14 1 0
8 20 6218 14 1 0
9 22 6927 16 1 0
10 23 7261 18 1 0
11 26 8303 18 1 0
12 28 8991 15 1 0
13 30 9691 13 1 0
14 31 10015 11 1 0
15 33 10734 10 1 0
16 32 10393 11 1 0
17 31 10055 12 1 0
18 30 9812 12 1 0
19 28 9434 14 1 0
20 27 9312 14 1 0
21 29 9926 12 1 0
22 31 10568 10 1 0
23 31 10530 11 1 0
24 32 10836 9 1 0
25 32 10824 10 1 0
26 33 11174 9 1 0
27 34 11487 8 1 0
28 36 12134 6 1 0
29 38 12610 5 1 0
30 39 12653 5 1 0
31 41 13081 3 1 0
32 43 13429 3 1 0
33 43 13236 3 1 0
34 44 13349 3 1 0
35 46 13706 2 1 0
36 47 13808 2 1 0
37 49 14232 0 1 0
38 51 14634 0 1 0
39 51 14409 0 1 0
40 52 14576 0 1 0
41 51 14234 0 1 0
42 51 14291 0 1 0
43 52 14625 0 1 0
44 51 14345 0 1 0
45 51 14301 0 1 0
46 52 14585 0 1 0
47 51 14359 0 1 0
48 51 14372 0 1 0
49 51 14388 0 1 0
50 51 14404 0 1 0
51 51 14406 0 1 0
52 51 14379 0 1 0
53 51 14392 0 1 0
54 51 14465 0 1 0
55 50 14242 0 1 0
56 47 13489 2 1 0
57 46 13448 3 1 0
58 44 13124 3 1 0
59 44 13369 3 1 0
60 43 13231 3 0 0
61 43 13454 3 0 1
62 40 12689 4 0 1
63 41 12953 4 0 1
64 40 12682 4 0 1
65 38 12182 6 0 1
66 39 12251 6 0 1
67 39 12140 6 0 0
68 42 12931 4 0 0
69 44 13253 3 0 0
70 45 13348 3 0 0
71 45 13108 3 0 0
72 46 13316 3 0 0
73 46 13111 3 0 0
74 49 13899 2 0 0
75 48 13640 2 0 0
76 49 13977 2 0 0
77 51 14448 0 0 0
78 47 13508 2 0 0
79 45 13130 3 0 0
80 43 12686 5 0 0
81 41 12362 5 0 0
82 41 12604 5 0 0
83 40 12521 5 0 1
84 39 12390 5 0 1
85 39 12651 5 0 1
86 36 11878 6 0 1
87 36 12112 6 0 1
88 35 11948 6 0 1
89 35 12152 6 0 1
90 37 12801 4 0 1
91 39 13403 3 0 1
92 41 13985 1 0 1
93 41 13935 1 0 1
94 41 13873 1 0 1
95 42 14148 1 0 1
96 41 13784 2 0 1
97 41 13633 2 0 1
98 43 14112 1 0 1
99 41 13375 3 0 1
100 41 13332 3 0 1
101 41 13351 3 0 1
102 41 13366 3 0 1
103 41 13333 3 0 1
104 41 13377 3 0 1
105 41 13365 3 0 1
106 41 13346 3 0 1
107 41 13327 3 0 1
108 42 13648 2 0 1
109 42 13763 2 0 1
110 41 13579 2 0 1
111 43 14244 0 0 1
112 44 14557 0 0 1
113 43 14216 0 0 1
114 44 14510 0 0 1
115 43 14286 0 0 1
116 43 14312 0 0 1
117 42 14012 1 0 1
118 43 14140 1 0 1
119 40 13123 3 0 1
120 41 13479 3 0 1
121 40 13124 3 0 1
122 41 13444 3 0 1
123 41 13422 3 0 1
124 40 13127 3 0 1
125 41 13473 3 0 1
126 40 13195 3 0 1
127 41 13558 3 0 1
128 40 13229 3 0 1
129 41 13546 3 0 1
130 39 13124 3 0 1
131 42 14207 1 0 1
132 41 13863 1 0 1
133 42 14216 1 0 1
134 40 13573 2 0 1
135 40 13657 2 0 1
136 40 13663 2 0 1
137 40 13663 2 0 1
138 40 13662 2 0 1
139 41 13658 2 0 1
140 42 13777 2 0 1
141 43 13914 1 0 1
142 44 14046 1 0 1
143 44 13798 1 0 1
144 46 14129 1 0 0
145 46 13849 1 0 0
146 49 14581 0 0 0
147 49 14346 0 0 0
148 50 14484 0 0 0
149 50 14302 0 0 0
150 49 13894 1 0 0
151 46 13167 3 0 0
152 45 13048 3 0 0
153 44 12929 4 0 0
154 43 12828 4 0 0
155 42 12735 5 0 0
156 39 12068 6 0 0
157 38 12025 7 0 1
158 36 11668 7 0 1
159 34 11221 8 0 1
160 35 11607 8 0 1
161 33 11111 9 0 1
162 34 11550 8 0 1
163 36 12259 6 0 1
164 35 11932 7 0 1
165 36 12300 6 0 1
166 36 12265 6 0 1
167 37 12568 5 0 1
168 38 12915 4 0 1
169 39 13183 3 0 1
170 40 13345 3 0 1
171 42 13779 2 0 1
172 41 13468 2 0 1
173 43 13977 1 0 1
174 43 13843 2 0 1
175 41 13139 3 0 1
176 43 13715 2 0 1
177 43 13506 3 0 1
178 42 13193 4 0 1
179 42 13196 4 0 1
180 41 12843 5 0 1
181 41 12934 5 0 1
182 40 12703 5 0 1
183 41 13008 5 0 1
184 41 12924 5 0 1
185 41 12864 5 0 1
186 41 12804 5 0 1
187 42 13164 4 0 1
188 42 13232 4 0 1
189 42 13391 3 0 1
190 42 13388 3 0 1
191 41 13068 3 0 1
192 43 13690 2 0 1
193 44 13656 2 0 0
194 45 13898 2 0 0
195 44 13642 2 0 0
196 44 13664 2 0 0
197 44 13724 2 0 1
198 44 13898 1 0 1
199 45 14236 1 0 1
200 44 13903 1 0 1
201 44 13933 1 0 1
202 44 13941 1 0 1
203 45 14269 1 0 1
204 44 13980 1 0 1
205 43 13955 1 0 1
206 43 14055 1 0 1
207 42 13908 1 0 1
208 42 14094 1 0 1
209 41 13926 1 0 1
210 41 13861 2 0 1
211 38 12818 4 0 1
212 37 12477 5 0 1
213 33 11113 9 0 1
214 32 10770 10 0 1
215 29 9767 12 1 0
216 27 9109 14 1 0
217 26 8813 15 1 0
218 24 8188 16 1 0
219 25 8496 16 1 0
220 24 8157 16 1 0
221 25 8454 16 1 0
222 26 8649 15 1 0
223 30 9730 13 1 0
224 32 10193 12 1 0
225 36 11328 8 0 1
226 39 12102 6 0 0
227 42 12943 4 0 0
228 45 13728 2 0 0
229 47 14113 1 0 0
230 46 13783 2 0 0
231 46 13773 2 0 0
232 47 13834 2 0 0
233 47 13678 2 0 0
234 47 13697 2 0 0
235 46 13433 2 0 0
236 46 13445 2 0 0
237 42 12310 5 0 0
238 39 11530 8 0 0
239 36 10678 10 0 0
240 34 10254 11 0 0
241 32 9860 12 1 0
242 34 10464 10 0 0
243 34 10355 10 0 0
244 35 10704 10 0 0
245 35 10711 10 0 0
246 33 10105 11 0 0
247 32 9920 12 1 0
248 33 10164 12 1 0
249 37 11336 9 0 0
250 40 12182 6 0 0
251 43 12980 4 0 0
252 45 13436 3 0 0
253 46 13501 2 0 0
254 48 13944 2 0 0
255 48 13870 2 0 0
256 47 13639 2 0 0
257 47 13595 2 0 0
258 49 14146 1 0 0
259 51 14534 0 0 0
260 50 14226 0 0 0
261 51 14426 0 0 0
262 51 14377 0 0 0
263 51 14377 0 0 0
264 51 14337 0 0 0
265 52 14629 0 0 0
266 51 14348 0 0 0
267 51 14350 0 0 0
268 51 14323 0 0 0
269 51 14329 0 0 0
270 52 14573 0 0 0
271 51 14314 0 0 0
272 51 14339 0 0 0
273 51 14381 0 0 0
274 51 14353 0 0 0
275 51 14372 0 0 0
276 51 14392 0 0 0
277 51 14366 0 0 0
278 51 14378 0 0 0
279 51 14380 0 0 0
280 51 14446 0 0 0
281 51 14551 0 0 0
282 50 14325 0 0 0
283 50 14400 0 0 0
284 49 14237 1 0 0
285 47 13853 1 0 0
286 47 13922 1 0 0
287 47 13931 1 0 0
288 47 13995 1 0 0
289 46 13787 1 0 0
290 47 14041 1 0 0
291 47 13977 1 0 0
292 48 14095 1 0 0
293 47 13831 1 0 0
294 46 13725 2 0 0
295 45 13578 2 0 0
296 45 13624 3 0 0
297 43 12952 6 0 0
298 40 12109 8 0 0
299 39 11965 9 0 0
300 39 11935 9 0 0
301 36 11120 11 0 0
302 34 10770 11 0 1
303 33 10750 12 1 0
304 31 10415 12 1 0
305 32 10779 12 1 0
306 32 10725 11 1 0
307 33 10915 11 0 1
308 34 11125 9 0 1
309 38 12240 6 0 1
310 41 13029 4 0 1
311 42 13136 3 0 1
312 42 13087 3 0 0
313 45 13909 1 0 0
314 47 14233 1 0 0
315 48 14372 0 0 0
316 49 14611 0 0 0
317 46 13627 2 0 0
318 46 13680 2 0 0
319 44 13141 4 0 0
320 41 12302 6 0 0
321 37 11180 8 0 0
322 35 10744 10 0 0
323 33 10313 11 0 1
324 32 10236 11 1 0
325 32 10463 11 1 0
326 30 10128 11 1 0
327 30 10260 11 1 0
328 30 10347 11 1 0
329 32 10984 9 0 1
330 33 11086 9 0 1
331 36 11831 7 0 1
332 38 12376 7 0 1
333 40 12875 6 0 1
334 42 13283 4 0 1
335 44 13723 3 0 1
336 46 14089 3 0 0
337 46 13817 3 0 0
338 47 13930 3 0 0
339 47 13730 3 0 0
340 46 13279 4 0 0
341 46 13274 5 0 0
342 45 12983 5 0 0
343 41 11888 8 0 0
344 40 11671 7 0 0
345 41 12197 6 0 0
346 40 12158 6 0 0
347 37 11374 8 0 0
348 35 10995 9 0 1
349 32 10218 11 1 0
350 31 10095 12 1 0
351 30 9972 12 1 0
352 30 10134 12 1 0
353 30 10198 11 1 0
354 29 10062 12 1 0
355 31 10758 10 0 1
356 32 11110 9 0 1
357 32 11099 9 0 1
358 32 11078 9 0 1
359 35 12109 7 0 1
360 35 12046 6 0 1
361 38 12921 4 0 1
362 40 13225 3 0 1
363 41 13393 3 0 1
364 42 13487 2 0 1
365 44 13832 2 0 1
366 46 14238 1 0 0
367 47 14392 0 0 0
368 48 14517 0 0 0
369 46 13759 1 0 0
370 44 13067 4 0 0
371 43 12730 4 0 0
372 44 13109 4 0 0
373 41 12236 7 0 0
374 40 12300 7 0 0
375 39 12089 7 0 0
376 38 11782 8 0 0
377 35 11040 10 0 1
378 35 11081 10 0 1
379 33 10529 11 0 1
380 29 9364 14 1 0
381 29 9470 15 1 0
382 29 9473 14 1 0
383 27 8784 16 1 0
384 24 7768 18 1 0
385 24 7771 18 1 0
386 22 7086 19 1 0
387 19 6111 22 1 0
388 18 5983 23 1 0
389 18 6035 22 1 0
390 18 6209 22 1 0
391 20 6697 21 1 0
392 24 7869 18 1 0
393 26 8298 16 1 0
394 29 9086 14 1 0
395 33 10181 12 1 0
396 33 10194 12 1 0
397 35 10896 9 0 0
398 34 10550 10 0 0
399 36 11244 9 0 1
400 35 10866 9 0 0
401 36 11198 9 0 0
402 34 10565 10 0 0
403 32 10144 11 1 0
404 30 9656 13 1 0
405 28 9209 14 1 0
406 26 8712 16 1 0
407 25 8365 16 1 0
408 25 8304 16 1 0
409 26 8512 16 1 0
410 30 9501 14 1 0
411 32 9886 12 1 0
412 35 10715 10 0 0
413 37 11060 9 0 0
414 39 11381 8 0 0
415 42 11972 7 0 0
416 45 12560 5 0 0
417 47 12838 4 0 0
418 50 13476 2 0 0
419 51 13619 2 0 0
420 55 14524 1 0 0
421 55 14068 2 0 0
422 56 14058 2 0 0
423 57 14099 2 0 0
424 58 14125 2 0 0
425 58 13946 2 0 0
426 59 14165 2 0 0
427 58 13915 2 0 0
428 58 13936 2 0 0
429 59 14276 2 0 0
430 58 14075 2 0 0
431 58 14162 2 0 0
432 57 14027 1 0 0
433 58 14549 0 0 0
434 56 14268 0 0 0
435 56 14451 0 0 0
436 55 14374 0 0 0
437 54 14275 0 0 0
438 54 14377 0 0 0
439 54 14447 0 0 0
440 54 14534 0 0 0
441 53 14330 0 0 0
442 53 14400 0 0 0
443 52 14189 0 0 0
444 53 14529 0 0 0
445 52 14291 0 0 0
446 52 14305 0 0 0
447 52 14390 0 0 0
448 52 14393 0 0 0
449 53 14640 0 0 0
450 52 14455 0 0 0
451 52 14548 0 0 0
452 51 14382 0 0 0
453 51 14469 0 0 0
454 49 14000 1 0 0
455 49 14211 1 0 0
456 47 13807 1 0 0
457 47 13939 1 0 0
458 47 14029 1 0 0
459 46 13822 1 0 0
460 47 14165 1 0 0
461 46 13995 1 0 0
462 46 13988 1 0 0
463 46 13941 1 0 0
464 46 13895 1 0 0
465 46 13858 1 0 0
466 48 14316 0 0 0
467 49 14434 0 0 0
468 50 14593 0 0 0
469 50 14530 0 0 0
470 50 14498 0 0 0
471 50 14489 0 0 0
472 49 14217 0 0 0
473 49 14222 0 0 0
474 49 14281 0 0 0
475 49 14293 0 0 0
476 50 14530 0 0 0
477 50 14480 0 0 0
478 50 14473 0 0 0
479 50 14421 0 0 0
480 50 14396 0 0 0
481 50 14454 0 0 0
482 50 14523 0 0 0
483 50 14404 0 0 0
484 51 14545 0 0 0
485 51 14563 0 0 0
486 51 14561 0 0 0
487 49 14083 1 0 0
488 46 13382 2 0 0
489 46 13673 2 0 0
490 46 13873 2 0 0
491 44 13403 2 0 0
492 45 13721 2 0 0
493 45 13668 2 0 0
494 45 13668 2 0 0
495 45 13787 2 0 0
496 44 13687 2 0 0
497 44 13701 2 0 0
498 44 13677 2 0 0
499 46 14128 1 0 0
500 48 14575 0 0 0
501 48 14324 0 0 0
502 49 14398 0 0 0
503 49 14349 0 0 0
504 48 14244 0 0 0
505 48 14220 0 0 0
506 48 14239 0 0 0
507 48 14263 0 0 0
508 49 14461 0 0 0
509 49 14387 0 0 0
510 49 14384 0 0 0
511 49 14476 0 0 0
512 49 14549 0 0 0
513 45 13400 3 0 0
514 43 13026 3 0 0
515 44 13523 3 0 0
516 42 12887 4 0 0
517 38 11745 7 0 0
518 38 11936 7 0 1
519 37 11775 7 0 1
520 36 11707 7 0 1
521 36 11640 7 0 1
522 36 11643 7 0 1
523 33 10760 9 0 1
524 33 10758 9 0 1
525 37 11969 6 0 1
526 38 12166 6 0 1
527 35 11123 8 0 1
528 35 11131 9 0 1
529 39 12387 6 0 1
530 35 10980 9 0 1
531 32 9945 12 1 0
532 28 8591 15 1 0
533 25 7878 17 1 0
534 23 7407 19 1 0
535 23 7402 19 1 0
536 22 7221 19 1 0
537 22 7333 19 1 0
538 22 7444 19 1 0
539 24 8140 17 1 0
540 26 8788 15 1 0
541 26 8770 15 1 0
542 29 9681 12 1 0
543 32 10693 10 0 1
544 36 11942 7 0 1
545 39 12719 5 0 1
546 39 12616 4 0 1
547 41 13331 3 0 1
548 41 13325 3 0 1
549 40 13070 4 0 1
550 36 11725 7 0 1
551 33 10693 10 0 1
552 31 10044 11 1 0
553 29 9517 13 1 0
554 28 9320 14 1 0
555 29 9670 13 1 0
556 29 9600 13 1 0
557 29 9686 13 1 0
558 31 10247 12 1 0
559 32 10361 11 1 0
560 32 10264 11 1 0
561 33 10455 10 0 1
562 37 11677 7 0 1
563 41 12963 4 0 1
564 43 13539 3 0 1
565 45 14012 1 0 0
566 46 14293 0 0 0
567 42 12931 3 0 0
568 38 11752 7 0 0
569 34 10530 10 0 0
570 30 9356 13 1 0
571 26 8178 16 1 0
572 23 7240 19 1 0
573 19 5981 22 1 0
574 15 4759 25 1 0
575 11 3473 29 1 0
576 8 2537 31 1 0
577 7 2412 31 1 0
578 8 2817 31 1 0
579 11 3875 28 1 0
580 13 4571 25 1 0
581 16 5620 23 1 0
582 20 6920 20 1 0
583 24 8074 17 1 0
584 28 9287 14 1 0
585 32 10488 11 1 0
586 36 11731 8 0 1
587 40 12956 4 0 1
588 42 13518 2 0 1
589 43 13706 2 0 1
590 43 13501 2 0 1
591 44 13633 2 0 0
592 44 13529 4 0 0
593 46 13888 3 0 0
594 46 13663 4 0 0
595 42 12509 10 0 0
596 42 12429 11 0 0
597 42 12368 11 0 0
598 42 12297 11 0 0
599 42 12268 11 0 0
600 43 12512 11 0 0
601 43 12446 11 0 0
602 44 12626 11 0 0
603 44 12536 11 0 0
604 46 13203 8 0 0
605 44 12786 8 0 0
606 43 12750 8 0 0
607 45 13451 3 0 0
608 43 13031 3 0 0
609 43 13282 3 0 0
610 42 13094 3 0 1
611 38 11898 7 0 1
612 35 11090 9 0 1
613 31 9909 12 1 0
614 26 8534 15 1 0
615 22 7434 18 1 0
616 19 6525 21 1 0
617 18 6248 22 1 0
618 19 6566 21 1 0
619 21 7063 20 1 0
620 23 7556 19 1 0
621 22 7146 19 1 0
622 19 6162 22 1 0
623 20 6510 21 1 0
624 23 7278 19 1 0
625 27 8550 16 1 0
626 31 9769 13 1 0
627 32 10106 12 1 0
628 33 10467 10 0 1
629 34 10772 10 0 1
630 30 9415 13 1 0
631 26 8217 16 1 0
632 22 7011 19 1 0
633 19 6030 22 1 0
634 20 6387 22 1 0
635 19 6039 22 1 0
636 15 4915 25 1 0
637 11 3643 28 1 0
638 11 3750 28 1 0
639 14 4652 26 1 0
640 16 5142 25 1 0
641 17 5319 24 1 0
642 21 6468 21 1 0
643 25 7705 18 1 0
644 26 8043 17 1 0
645 26 8043 17 1 0
646 25 7686 17 1 0
647 26 8041 17 1 0
648 27 8397 16 1 0
649 28 8757 15 1 0
650 25 7777 18 1 0
651 24 7593 18 1 0
652 23 7442 18 1 0
653 23 7660 18 1 0
654 22 7557 18 1 0
655 23 7765 18 1 0
656 25 8327 16 1 0
657 27 8983 15 1 0
658 27 8983 15 1 0
659 26 8628 15 1 0
660 25 8272 16 1 0
661 25 8271 17 1 0
662 27 8997 14 1 0
663 24 7942 17 1 0
664 21 6892 21 1 0
665 17 5478 24 1 0
666 14 4432 27 1 0
667 9 2987 30 1 0
668 9 3098 31 1 0
669 11 3602 29 1 0
670 15 4884 26 1 0
671 19 6083 23 1 0
672 23 7222 20 1 0
673 26 8052 17 1 0
674 27 8164 17 1 0
675 31 9379 14 1 0
676 35 10601 10 0 0
677 39 11802 7 0 0
678 43 12984 4 0 0
679 47 14150 1 0 0
680 48 14344 0 0 0
681 48 14419 0 0 0
682 48 14399 0 0 0
683 48 14394 0 0 0
684 48 14461 0 0 0
685 48 14452 0 0 0
686 47 14191 1 0 0
687 46 13998 1 0 0
688 46 14016 1 0 0
689 46 14067 1 0 0
690 44 13585 2 0 0
691 42 13106 4 0 1
692 41 12841 4 0 1
693 42 13059 4 0 0
694 39 12140 6 0 0
695 38 11958 6 0 1
696 38 11978 6 0 1
697 38 12003 6 0 1
698 37 11717 7 0 1
699 35 11049 9 0 1
700 31 9809 12 1 0
701 27 8557 15 1 0
702 25 7857 18 1 0
703 26 8185 16 1 0
704 27 8606 16 1 0
705 25 8132 16 1 0
706 28 8997 14 1 0
707 29 9175 14 1 0
708 29 9157 14 1 0
709 27 8604 16 1 0
710 28 9011 14 1 0
711 31 10041 12 1 0
712 34 11088 9 0 1
713 38 12271 6 0 1
714 43 13668 2 0 1
715 44 13758 2 0 1
716 44 13565 2 0 0
717 45 13730 2 0 0
718 45 13669 2 0 0
719 45 13617 2 0 0
720 45 13628 2 0 0
721 48 14404 0 0 0
722 49 14448 0 0 0
723 49 14207 0 0 0
724 50 14315 0 0 0
725 51 14562 0 0 0
726 50 14293 1 0 0
727 48 13785 3 0 0
728 48 13781 3 0 0
729 48 13780 3 0 0
730 48 13791 3 0 0
731 49 14075 3 0 0
732 49 13961 3 0 0
733 48 13674 3 0 0
734 48 13799 3 0 0
735 48 13824 3 0 0
736 48 13809 3 0 0
737 48 13779 3 0 0
738 48 13773 2 0 0
739 50 14293 0 0 0
740 50 14284 0 0 0
741 51 14544 0 0 0
742 51 14549 0 0 0
743 50 14277 0 0 0
744 50 14320 0 0 0
745 50 14358 0 0 0
746 50 14332 0 0 0
747 50 14301 0 0 0
748 50 14369 0 0 0
749 50 14425 0 0 0
750 50 14444 0 0 0
751 50 14554 0 0 0
752 50 14626 0 0 0
753 48 14162 0 0 0
754 48 14258 0 0 0
755 48 14284 0 0 0
756 48 14333 0 0 0
757 48 14362 0 0 0
758 48 14338 0 0 0
759 48 14396 0 0 0
760 48 14413 0 0 0
761 47 14141 0 0 0
762 47 14198 0 0 0
763 47 14174 0 0 0
764 47 14141 0 0 0
765 48 14476 0 0 0
766 48 14431 0 0 0
767 48 14422 0 0 0
768 48 14414 0 0 0
769 48 14354 0 0 0
770 49 14652 0 0 0
771 49 14638 0 0 0
772 49 14562 0 0 0
773 49 14534 0 0 0
774 49 14477 0 0 0
775 49 14410 0 0 0
776 49 14466 0 0 0
777 49 14410 0 0 0
778 49 14402 0 0 0
779 49 14434 0 0 0
780 49 14481 0 0 0
781 49 14522 0 0 0
782 48 14297 0 0 0
783 48 14293 0 0 0
784 48 14340 0 0 0
785 48 14432 0 0 0
786 48 14466 0 0 0
787 48 14528 0 0 0
788 48 14497 0 0 0
789 45 13637 2 0 0
790 44 13478 2 0 0
791 44 13662 2 0 0
792 42 13137 3 0 1
793 42 13149 3 0 1
794 42 13085 3 0 0
795 38 11908 6 0 1
796 38 11929 6 0 1
797 35 11001 8 0 1
798 32 10182 11 1 0
799 31 9999 11 1 0
800 28 9140 13 1 0
801 27 8782 15 1 0
802 24 7735 18 1 0
803 20 6352 21 1 0
804 22 6958 20 1 0
805 22 6878 20 1 0
806 21 6681 20 1 0
807 23 7315 19 1 0
808 23 7218 19 1 0
809 27 8307 17 1 0
810 30 9144 14 1 0
811 31 9343 14 1 0
812 34 10179 12 1 0
813 38 11361 8 0 0
814 42 12560 5 0 0
815 45 13491 2 0 0
816 45 13504 2 0 0
817 45 13594 2 0 0
818 46 13843 2 0 0
819 48 14429 0 0 0
820 48 14535 0 0 0
821 44 13398 3 0 0
822 41 12543 6 0 0
823 39 11932 9 0 0
824 39 11873 9 0 0
825 36 11004 11 0 0
826 35 10757 12 1 0
827 36 10987 12 0 0
828 36 10843 12 0 0
829 34 10245 13 1 0
830 31 9379 16 1 0
831 30 9140 16 1 0
832 30 9143 16 1 0
833 29 8871 16 1 0
834 29 8887 15 1 0
835 30 9349 13 1 0
836 29 9281 13 1 0
837 31 10020 11 1 0
838 29 9421 13 1 0
839 27 8966 14 1 0
840 25 8485 15 1 0
841 27 9262 14 1 0
842 30 10033 11 1 0
843 32 10454 11 1 0
844 32 10372 11 1 0
845 36 11554 8 0 1
846 39 12433 6 0 1
847 40 12565 5 0 1
848 41 12703 5 0 0
849 41 12479 7 0 0
850 44 13359 4 0 0
851 46 13846 3 0 0
852 48 14332 2 0 0
853 48 14084 2 0 0
854 48 14185 2 0 0
855 47 13992 2 0 0
856 46 13793 2 0 0
857 42 12611 5 0 0
858 39 11726 8 0 0
859 35 10529 11 0 0
860 31 9322 14 1 0
861 30 9188 14 1 0
862 30 9186 14 1 0
863 27 8348 16 1 0
864 25 7857 17 1 0
865 25 7882 17 1 0
866 26 8108 17 1 0
867 24 7544 18 1 0
868 23 7288 19 1 0
869 27 8499 16 1 0
870 29 9110 14 1 0
871 31 9821 12 1 0
872 34 10848 10 0 1
873 34 10871 9 0 1
874 30 9640 12 1 0
875 29 9285 13 1 0
876 28 8935 15 1 0
877 26 8481 16 1 0
878 21 7025 19 1 0
879 19 6380 21 1 0
880 19 6382 22 1 0
881 19 6374 22 1 0
882 17 5721 23 1 0
883 16 5367 24 1 0
884 17 5573 23 1 0
885 16 5188 24 1 0
886 16 5188 25 1 0
887 17 5541 24 1 0
888 19 6230 21 1 0
889 21 6811 20 1 0
890 25 8042 17 1 0
891 29 9300 14 1 0
892 31 9755 12 1 0
893 31 9730 12 1 0
894 34 10685 10 0 1
895 35 10957 9 0 1
896 31 9724 12 1 0
897 34 10816 10 0 1
898 37 11854 6 0 1
899 40 12885 4 0 1
900 41 13022 4 0 1
901 41 12907 4 0 1
902 41 12841 4 0 1
903 41 12735 4 0 0
904 42 12973 4 0 0
905 42 12929 4 0 0
906 42 12762 4 0 0
907 44 13283 3 0 0
908 45 13597 4 0 0
909 45 13405 4 0 0
910 46 13533 4 0 0
911 46 13301 4 0 0
912 46 13300 4 0 0
913 47 13564 4 0 0
914 47 13551 4 0 0
915 47 13561 4 0 0
916 46 13337 4 0 0
917 46 13325 4 0 0
918 46 13415 4 0 0
919 46 13468 4 0 0
920 49 14345 0 0 0
921 49 14329 0 0 0
922 49 14392 0 0 0
923 49 14526 0 0 0
924 49 14584 0 0 0
925 48 14341 0 0 0
926 48 14408 0 0 0
927 48 14419 0 0 0
928 48 14477 0 0 0
929 48 14555 0 0 0
930 48 14579 0 0 0
931 48 14494 0 0 0
932 48 14516 0 0 0
933 48 14553 0 0 0
934 48 14558 0 0 0
935 48 14505 0 0 0
936 47 14229 0 0 0
937 47 14250 0 0 0
938 47 14188 0 0 0
939 48 14456 0 0 0
940 48 14394 0 0 0
941 48 14271 0 0 0
942 48 14171 0 0 0
943 49 14494 0 0 0
944 49 14435 0 0 0
945 49 14352 0 0 0
946 49 14300 0 0 0
947 49 14284 0 0 0
948 50 14492 0 0 0
949 50 14421 0 0 0
950 50 14406 0 0 0
951 49 14159 0 0 0
952 49 14192 0 0 0
953 49 14294 0 0 0
954 49 14418 0 0 0
955 49 14443 0 0 0
956 49 14463 0 0 0
957 49 14473 0 0 0
958 48 14234 0 0 0
959 48 14251 0 0 0
960 49 14553 0 0 0
961 49 14601 0 0 0
962 49 14620 0 0 0
963 46 13765 2 0 0
964 46 13798 2 0 0
965 46 13799 2 0 0
966 46 13787 2 0 0
967 45 13505 2 0 0
968 45 13530 2 0 0
969 45 13571 2 0 0
970 46 13876 2 0 0
971 46 13836 2 0 0
972 45 13589 2 0 0
973 45 13570 2 0 0
974 45 13553 2 0 0
975 48 14350 0 0 0
976 48 14288 0 0 0
977 48 14254 0 0 0
978 49 14504 0 0 0
979 48 14229 0 0 0
980 48 14255 0 0 0
981 48 14246 0 0 0
982 48 14215 0 0 0
983 48 14166 0 0 0
984 48 14132 0 0 0
985 49 14445 0 0 0
986 49 14467 0 0 0
987 49 14491 0 0 0
988 48 14187 1 0 0
989 44 13041 4 0 0
990 43 12775 4 0 0
991 44 13089 4 0 0
992 44 13048 4 0 0
993 44 13010 4 0 0
994 44 13001 4 0 0
995 44 13107 4 0 0
996 44 13106 4 0 0
997 43 12788 4 0 0
998 43 12762 4 0 0
999 43 12787 4 0 0
1000 44 13084 3 0 0
1001 49 14507 0 0 0
1002 49 14364 0 0 0
1003 49 14286 0 0 0
1004 49 14272 0 0 0
1005 49 14286 0 0 0
1006 49 14315 0 0 0
1007 49 14264 0 0 0
1008 49 14318 0 0 0
1009 49 14326 0 0 0
1010 49 14366 0 0 0
1011 49 14362 0 0 0
1012 49 14370 0 0 0
1013 48 14110 0 0 0
1014 48 14253 0 0 0
1015 49 14595 0 0 0
1016 48 14320 0 0 0
1017 48 14345 0 0 0
1018 49 14600 0 0 0
1019 49 14560 0 0 0
1020 49 14495 0 0 0
1021 49 14473 0 0 0
1022 49 14466 0 0 0
1023 49 14498 0 0 0
1024 49 14480 0 0 0
1025 49 14457 0 0 0
1026 49 14446 0 0 0
1027 48 14255 0 0 0
1028 49 14575 0 0 0
1029 49 14523 0 0 0
1030 48 14230 0 0 0
1031 48 14259 0 0 0
1032 48 14258 0 0 0
1033 46 13690 1 0 0
1034 42 12517 4 0 0
1035 39 11655 7 0 0
1036 35 10509 10 0 0
1037 35 10617 10 0 0
1038 35 10552 10 0 0
1039 35 10430 10 0 0
1040 36 10631 10 0 0
1041 36 10560 10 0 0
1042 36 10517 10 0 0
1043 36 10498 10 0 0
1044 36 10516 10 0 0
1045 38 11122 9 0 0
1046 42 12287 6 0 0
1047 46 13365 3 0 0
1048 50 14540 0 0 0
1049 50 14437 0 0 0
1050 50 14481 0 0 0
1051 50 14537 0 0 0
1052 49 14317 0 0 0
1053 49 14424 0 0 0
1054 49 14431 0 0 0
1055 49 14478 0 0 0
1056 49 14436 0 0 0
1057 49 14354 0 0 0
1058 49 14363 0 0 0
1059 49 14397 0 0 0
1060 48 14184 0 0 0
1061 47 14025 1 0 0
1062 47 14034 1 0 0
1063 44 13160 3 0 0
1064 43 13018 3 0 0
1065 40 12170 6 0 0
1066 36 11007 9 0 0
1067 33 10150 11 0 0
1068 29 9001 14 1 0
1069 25 7885 17 1 0
1070 21 6711 21 1 0
1071 16 5248 24 1 0
1072 13 4286 27 1 0
1073 12 4008 27 1 0
1074 12 4232 27 1 0
1075 11 3876 28 1 0
1076 11 3860 28 1 0
1077 13 4568 26 1 0
1078 15 5284 24 1 0
1079 17 5974 23 1 0
1080 19 6684 21 1 0
1081 22 7741 18 1 0
1082 24 8447 16 1 0
1083 28 9603 13 1 0
1084 32 10731 10 0 1
1085 34 11175 9 0 1
1086 35 11173 9 0 1
1087 39 12322 6 0 1
1088 40 12460 6 0 0
1089 39 12013 6 0 0
1090 37 11297 8 0 0
1091 35 10607 10 0 0
1092 35 10590 10 0 0
1093 36 10903 10 0 0
1094 35 10548 10 0 0
1095 31 9392 13 1 0
1096 28 8624 15 1 0
1097 24 7472 18 1 0
1098 20 6429 21 1 0
1099 18 5975 22 1 0
1100 14 4799 25 1 0
1101 16 5568 24 1 0
1102 20 6733 21 1 0
1103 21 7006 19 1 0
1104 22 7241 19 1 0
1105 22 7088 19 1 0
1106 22 7097 19 1 0
1107 22 7097 19 1 0
1108 23 7396 18 1 0
1109 23 7396 18 1 0
1110 22 7036 19 1 0
1111 20 6341 21 1 0
1112 20 6341 21 1 0
1113 16 4962 24 1 0
1114 12 3797 27 1 0
1115 13 4205 27 1 0
1116 14 4438 26 1 0
1117 14 4310 26 1 0
1118 18 5331 24 1 0
1119 22 6503 21 1 0
1120 24 7005 20 1 0
1121 28 8199 17 1 0
1122 32 9378 13 1 0
1123 36 10547 10 0 0
1124 40 11699 7 0 0
1125 41 12016 6 0 0
1126 42 12364 6 0 0
1127 43 12491 5 0 0
1128 40 11632 9 0 0
1129 36 10543 13 1 0
1130 33 9736 15 1 0
1131 31 9149 17 1 0
1132 28 8340 19 1 0
1133 26 7713 22 1 0
1134 26 7760 22 1 0
1135 26 7793 22 1 0
1136 26 7760 22 1 0
1137 29 8655 20 1 0
1138 32 9483 17 1 0
1139 32 9502 17 1 0
1140 35 10421 13 1 0
1141 39 11666 9 0 0
1142 39 11720 8 0 0
1143 39 11793 8 0 0
1144 42 12612 6 0 0
1145 41 12394 5 0 0
1146 39 11883 6 0 0
1147 39 11941 6 0 0
1148 36 11144 8 0 0
1149 32 9932 11 1 0
1150 29 9113 14 1 0
1151 25 7926 17 1 0
1152 21 6705 20 1 0
1153 17 5460 23 1 0
1154 15 4832 25 1 0
1155 13 4174 27 1 0
1156 10 3362 29 1 0
1157 11 3730 28 1 0
1158 13 4258 27 1 0
1159 13 4116 27 1 0
1160 17 5197 25 1 0
1161 21 6301 22 1 0
1162 25 7313 19 1 0
1163 29 8409 16 1 0
1164 33 9537 13 1 0
1165 36 10169 12 0 0
1166 41 11609 9 0 0
1167 45 12796 5 0 0
1168 46 13099 4 0 0
1169 44 12382 6 0 0
1170 40 11139 9 0 0
1171 36 10021 12 0 0
1172 31 8618 16 1 0
1173 29 8223 17 1 0
1174 28 8108 17 1 0
1175 28 8174 17 1 0
1176 28 8201 17 1 0
1177 29 8739 15 1 0
1178 28 8500 15 1 0
1179 25 7615 17 1 0
1180 26 7932 17 1 0
1181 30 9162 14 1 0
1182 31 9518 13 1 0
1183 35 10773 10 0 0
1184 39 11965 6 0 0
1185 41 12535 5 0 0
1186 41 12414 5 0 0
1187 41 12419 5 0 0
1188 41 12453 5 0 0
1189 41 12470 5 0 0
1190 41 12463 5 0 0
1191 44 13326 3 0 0
1192 45 13452 2 0 0
1193 46 13659 2 0 0
1194 49 14527 0 0 0
1195 48 14192 0 0 0
1196 49 14453 0 0 0
1197 49 14367 0 0 0
1198 49 14371 0 0 0
1199 46 13530 2 0 0
1200 43 12698 4 0 0
1201 43 12783 4 0 0
1202 43 12704 4 0 0
1203 44 12943 4 0 0
1204 44 12991 4 0 0
1205 43 12716 4 0 0
1206 43 12656 4 0 0
1207 44 12923 4 0 0
1208 43 12648 4 0 0
1209 43 12615 4 0 0
1210 44 12858 4 0 0
1211 47 13710 2 0 0
1212 50 14486 0 0 0
1213 50 14349 0 0 0
1214 50 14402 0 0 0
1215 49 14169 0 0 0
1216 50 14447 0 0 0
1217 50 14458 0 0 0
1218 50 14499 0 0 0
1219 50 14487 0 0 0
1220 50 14433 0 0 0
1221 50 14382 0 0 0
1222 50 14316 0 0 0
1223 50 14225 0 0 0
1224 48 13694 2 0 0
1225 47 13444 3 0 0
1226 47 13374 3 0 0
1227 47 13380 3 0 0
1228 42 11949 6 0 0
1229 41 11791 7 0 0
1230 40 11492 7 0 0
1231 39 11311 9 0 0
1232 35 10187 12 1 0
1233 32 9433 14 1 0
1234 27 8119 17 1 0
1235 24 7388 20 1 0
1236 25 7815 18 1 0
1237 23 7270 19 1 0
1238 21 6840 21 1 0
1239 21 6813 21 1 0
1240 25 8014 18 1 0
1241 26 8219 17 1 0
1242 27 8424 17 1 0
1243 26 8078 17 1 0
1244 27 8430 16 1 0
1245 26 8075 17 1 0
1246 29 9057 15 1 0
1247 32 9846 12 1 0
1248 33 10005 12 1 0
1249 36 10859 10 0 0
1250 38 11460 8 0 0
1251 38 11584 8 0 0
1252 35 10727 10 0 0
1253 31 9507 13 1 0
1254 27 8396 16 1 0
1255 26 8104 16 1 0
1256 25 7752 17 1 0
1257 25 7752 18 1 0
1258 26 7986 17 1 0
1259 26 7951 17 1 0
1260 24 7374 20 1 0
1261 24 7324 20 1 0
1262 24 7205 20 1 0
1263 24 7050 20 1 0
1264 28 8135 18 1 0
1265 32 9276 15 1 0
1266 36 10431 12 0 0
1267 39 11255 10 0 0
1268 43 12417 7 0 0
1269 47 13602 3 0 0
1270 47 13599 3 0 0
1271 47 13704 3 0 0
1272 49 14311 0 0 0
1273 49 14383 0 0 0
1274 49 14512 0 0 0
1275 49 14590 0 0 0
1276 48 14391 0 0 0
1277 48 14461 0 0 0
1278 47 14218 0 0 0
1279 47 14249 0 0 0
1280 48 14560 0 0 0
1281 47 14276 0 0 0
1282 45 13675 2 0 0
1283 41 12460 5 0 0
1284 38 11593 7 0 0
1285 34 10377 10 0 0
1286 30 9098 14 1 0
1287 26 7901 17 1 0
1288 23 7029 19 1 0
1289 19 5818 22 1 0
1290 18 5604 24 1 0
1291 18 5585 24 1 0
1292 14 4437 26 1 0
1293 15 4760 26 1 0
1294 17 5326 24 1 0
1295 21 6591 21 1 0
1296 23 7182 19 1 0
1297 23 7182 19 1 0
1298 23 7182 19 1 0
1299 25 7893 17 1 0
1300 24 7535 20 1 0
1301 24 7535 21 1 0
1302 23 7193 21 1 0
1303 21 6710 23 1 0
1304 24 7601 21 1 0
1305 23 7301 21 1 0
1306 19 6123 24 1 0
1307 20 6352 24 1 0
1308 20 6344 24 1 0
1309 21 6690 23 1 0
1310 21 6690 22 1 0
1311 19 5979 24 1 0
1312 19 5979 23 1 0
1313 19 5979 22 1 0
1314 18 5623 23 1 0
1315 18 5612 22 1 0
1316 18 5548 22 1 0
1317 18 5545 24 1 0
1318 20 6169 23 1 0
1319 15 4675 26 1 0
1320 16 4993 26 1 0
1321 18 5605 24 1 0
1322 23 7076 21 1 0
1323 27 8229 18 1 0
1324 31 9466 14 1 0
1325 35 10685 11 0 0
1326 38 11595 8 0 0
1327 40 12133 7 0 0
1328 40 12163 7 0 0
1329 42 12715 5 0 0
1330 44 13286 3 0 0
1331 47 14233 0 0 0
1332 45 13680 1 0 0
1333 43 13035 4 0 0
1334 42 12859 4 0 0
1335 40 12317 5 0 0
1336 40 12180 5 0 0
1337 40 12168 5 0 0
1338 41 12433 5 0 0
1339 41 12419 5 0 0
1340 41 12441 5 0 0
1341 41 12437 5 0 0
1342 39 11785 8 0 0
1343 40 12070 8 0 0
1344 41 12266 7 0 0
1345 44 13225 4 0 0
1346 44 13170 4 0 0
1347 43 12907 5 0 0
1348 40 12163 7 0 0
1349 38 11633 9 0 0
1350 36 11099 10 0 0
1351 35 10860 11 0 0
1352 35 10752 11 0 0
1353 34 10422 11 0 0
1354 36 11022 8 0 0
1355 36 10972 8 0 0
1356 37 11235 8 0 0
1357 38 11451 8 0 0
1358 38 11319 8 0 0
1359 39 11567 7 0 0
1360 39 11543 8 0 0
1361 37 10866 9 0 0
1362 36 10567 10 0 0
1363 35 10232 11 0 0
1364 33 9807 12 1 0
1365 31 9354 13 1 0
1366 31 9408 13 1 0
1367 32 9688 13 1 0
1368 31 9452 13 1 0
1369 30 9181 13 1 0
1370 30 9269 14 1 0
1371 31 9599 14 1 0
1372 34 10503 11 0 0
1373 38 11660 8 0 0
1374 41 12499 6 0 0
1375 42 12794 5 0 0
1376 40 12123 7 0 0
1377 39 11773 8 0 0
1378 35 10576 11 0 0
1379 31 9432 13 1 0
1380 33 10004 13 1 0
1381 31 9404 14 1 0
1382 29 8844 15 1 0
1383 28 8559 15 1 0
1384 28 8534 15 1 0
1385 24 7377 18 1 0
1386 20 6196 21 1 0
1387 19 5953 21 1 0
1388 23 7197 18 1 0
1389 26 8068 16 1 0
1390 30 9260 13 1 0
1391 33 10114 11 0 0
1392 31 9582 12 1 0
1393 31 9557 12 1 0
1394 32 9796 11 1 0
1395 35 10612 10 0 0
1396 34 10282 10 0 0
1397 38 11557 7 0 0
1398 42 12776 4 0 0
1399 44 13321 3 0 0
1400 44 13220 3 0 0
1401 45 13425 3 0 0
1402 45 13339 3 0 0
1403 45 13300 3 0 0
1404 46 13451 2 0 0
1405 49 14254 1 0 0
1406 50 14503 0 0 0
1407 49 14202 0 0 0
1408 51 14720 0 0 0
1409 51 14577 0 0 0
1410 51 14522 0 0 0
1411 51 14411 0 0 0
1412 51 14383 0 0 0
1413 50 14151 0 0 0
1414 51 14493 0 0 0
1415 51 14503 0 0 0
1416 51 14541 0 0 0
1417 50 14309 0 0 0
1418 50 14364 0 0 0
1419 50 14410 0 0 0
1420 49 14132 0 0 0
1421 50 14433 0 0 0
1422 50 14413 0 0 0
1423 50 14437 0 0 0
1424 50 14504 0 0 0
1425 48 13946 1 0 0
1426 43 12498 4 0 0
1427 41 12064 6 0 0
1428 37 10913 9 0 0
1429 34 10108 11 0 0
1430 30 8929 14 1 0
1431 28 8388 15 1 0
1432 26 7932 17 1 0
1433 25 7630 17 1 0
1434 25 7674 17 1 0
1435 25 7728 17 1 0
1436 25 7710 17 1 0
1437 25 7678 17 1 0
1438 26 7985 17 1 0
1439 26 7967 16 1 0
1440 27 8318 15 1 0
1441 30 9224 13 1 0
1442 34 10384 10 0 0
1443 36 10896 9 0 0
1444 38 11418 7 0 0
1445 37 11173 8 0 0
1446 33 9985 11 0 0
1447 29 8773 14 1 0
1448 25 7609 17 1 0
1449 25 7637 18 1 0
1450 27 8175 15 1 0
1451 25 7484 17 1 0
1452 24 7133 18 1 0
1453 20 5869 22 1 0
1454 16 4709 25 1 0
1455 12 3536 28 1 0
1456 8 2349 31 1 0
1457 5 1463 33 1 0
1458 6 1810 32 1 0
1459 7 2168 31 1 0
1460 7 2168 31 1 0
1461 7 2203 31 1 0
1462 4 1358 34 1 0
1463 4 1358 34 1 0
1464 6 2031 32 1 0
1465 9 2967 29 1 0
1466 9 2967 29 1 0
1467 10 3301 28 1 0
1468 11 3654 27 1 0
1469 12 4006 26 1 0
1470 13 4304 26 1 0
1471 12 3946 27 1 0
1472 12 3946 27 1 0
1473 10 3293 28 1 0
1474 10 3293 28 1 0
1475 11 3648 27 1 0
1476 10 3325 28 1 0
1477 8 2744 29 1 0
1478 8 2744 29 1 0
1479 8 2756 29 1 0
1480 8 2762 30 1 0
1481 8 2770 30 1 0
1482 6 2125 31 1 0
1483 6 2125 31 1 0
1484 6 2125 31 1 0
1485 6 2125 31 1 0
1486 6 2125 31 1 0
1487 5 1770 32 1 0
1488 4 1420 33 1 0
1489 3 1065 34 1 0
1490 3 1065 34 1 0
1491 2 719 35 1 0
1492 1 360 35 1 0
1493 0 0 36 1 0
1494 0 0 36 1 0
1495 0 0 37 1 0
1496 0 0 37 1 0
1497 0 0 37 1 0
1498 0 0 37 1 0
1499 0 0 37 1 0
