block n60 sum_rr60 bad60 hold drowsy alert
0 5 882 1 1 0 0
1 12 2093 1 1 0 0
2 19 3257 1 1 0 0
3 26 4520 1 1 0 0
4 32 5708 1 1 0 0
5 38 6911 1 1 0 0
6 44 8126 1 1 0 0
7 50 9318 1 1 0 0
8 55 10342 1 1 0 0
9 61 11561 1 1 0 0
10 67 12811 1 1 0 0
11 73 14054 1 1 0 0
12 74 14392 0 1 0 0
13 73 14305 0 1 0 0
14 73 14437 0 1 0 0
15 72 14265 0 1 0 0
16 72 14353 0 1 0 0
17 71 14339 0 1 0 0
18 70 14244 0 1 0 0
19 70 14368 0 1 0 0
20 70 14404 0 1 0 0
21 70 14509 0 1 0 0
22 69 14381 0 1 0 0
23 69 14463 0 1 0 0
24 68 14307 0 1 0 0
25 68 14413 0 1 0 0
26 67 14406 0 1 0 0
27 67 14531 0 1 0 0
28 66 14316 0 1 0 0
29 67 14449 0 1 0 0
30 67 14383 0 1 0 0
31 67 14416 0 1 0 0
32 67 14442 0 1 0 0
33 66 14330 0 1 0 0
34 67 14534 0 1 0 0
35 66 14349 0 1 0 0
36 66 14536 0 0 1 1
37 65 14497 0 0 1 0
38 64 14372 0 0 1 0
39 63 14288 0 0 1 0
40 64 14513 0 0 1 0
41 63 14279 0 0 1 0
42 64 14552 0 0 1 1
43 63 14287 0 0 1 0
44 64 14494 0 0 1 0
45 65 14501 0 0 1 0
46 64 14220 0 0 1 0
47 65 14319 0 0 1 0
48 66 14268 0 0 0 0
49 67 14324 0 0 0 0
50 68 14294 0 0 0 0
51 69 14413 0 0 0 0
52 69 14409 0 0 0 0
53 69 14380 0 0 0 0
54 69 14253 0 0 0 0
55 70 14493 0 0 0 0
56 69 14350 0 0 0 0
57 68 14278 0 0 0 0
58 69 14575 0 0 0 0
59 68 14399 0 0 0 0
60 68 14514 0 0 0 0
61 67 14356 0 0 0 0
62 67 14482 0 0 0 0
63 66 14318 0 0 0 0
64 66 14371 0 0 0 0
65 66 14430 0 0 1 1
66 65 14364 0 0 1 0
67 65 14380 0 0 1 0
68 65 14391 0 0 1 0
69 66 14541 0 0 1 0
70 65 14268 0 0 1 0
71 66 14449 0 0 1 1
72 66 14421 0 0 0 0
73 67 14510 0 0 0 0
74 66 14328 0 0 0 0
75 67 14509 0 0 0 0
76 67 14464 0 0 0 0
77 67 14408 0 0 0 0
78 68 14575 0 0 0 0
79 67 14341 0 0 0 0
80 67 14310 0 0 0 0
81 67 14340 0 0 0 0
82 67 14453 0 0 0 0
83 66 14306 0 0 0 0
84 66 14384 0 0 0 0
85 65 14362 0 0 1 1
86 66 14513 0 0 1 0
87 65 14354 0 0 1 0
88 65 14330 0 0 1 0
89 65 14329 0 0 1 0
90 65 14309 0 0 1 0
91 66 14495 0 0 1 1
92 66 14441 0 0 1 0
93 66 14452 0 0 1 0
94 66 14413 0 0 0 0
95 66 14371 0 0 0 0
96 66 14398 0 0 0 0
97 66 14392 0 0 0 0
98 65 14261 0 0 1 1
99 66 14444 0 0 1 0
100 66 14399 0 0 0 0
101 66 14479 0 0 1 0
102 65 14337 0 0 1 0
103 65 14397 0 0 1 0
104 65 14477 0 0 1 1
105 64 14266 0 0 1 0
106 65 14468 0 0 1 0
107 65 14509 0 0 1 0
108 64 14247 0 0 1 0
109 65 14461 0 0 1 0
110 65 14405 0 0 1 1
111 65 14391 0 0 1 0
112 65 14463 0 0 1 0
113 65 14381 0 0 1 0
114 66 14570 0 0 1 0
115 65 14286 0 0 1 0
116 66 14454 0 0 1 1
117 66 14387 0 0 0 0
118 66 14341 0 0 0 0
119 66 14324 0 0 0 0
120 67 14533 0 0 0 0
121 66 14250 0 0 0 0
122 67 14475 0 0 0 0
123 67 14376 0 0 0 0
124 67 14355 0 0 0 0
125 67 14406 0 0 0 0
126 67 14397 0 0 0 0
127 67 14458 0 0 0 0
128 67 14413 0 0 0 0
129 67 14396 0 0 0 0
130 67 14422 0 0 0 0
131 67 14431 0 0 0 0
132 67 14438 0 0 0 0
133 67 14430 0 0 0 0
134 67 14495 0 0 0 0
135 66 14371 0 0 0 0
136 66 14391 0 0 0 0
137 66 14363 0 0 0 0
138 66 14361 0 0 0 0
139 66 14382 0 0 0 0
140 66 14350 0 0 0 0
141 66 14366 0 0 0 0
142 66 14350 0 0 0 0
143 66 14360 0 0 0 0
144 66 14342 0 0 0 0
145 66 14372 0 0 0 0
146 66 14343 0 0 0 0
147 66 14352 0 0 0 0
148 66 14358 0 0 0 0
149 66 14393 0 0 0 0
150 66 14400 0 0 0 0
151 66 14320 0 0 0 0
152 66 14428 0 0 1 1
153 66 14455 0 0 1 0
154 66 14494 0 0 1 0
155 66 14516 0 0 1 0
156 66 14462 0 0 1 0
157 66 14427 0 0 1 0
158 66 14359 0 0 0 0
159 67 14520 0 0 0 0
160 66 14297 0 0 0 0
161 67 14464 0 0 0 0
162 66 14278 0 0 0 0
163 67 14569 0 0 0 0
164 66 14346 0 0 0 0
165 67 14543 0 0 0 0
166 66 14266 0 0 0 0
167 67 14440 0 0 0 0
168 66 14216 0 0 0 0
169 67 14422 0 0 0 0
170 66 14341 0 0 0 0
171 66 14418 0 0 0 0
172 67 14609 0 0 0 0
173 66 14364 0 0 0 0
174 67 14478 0 0 0 0
175 66 14226 0 0 0 0
176 67 14331 0 0 0 0
177 67 14313 0 0 0 0
178 68 14492 0 0 0 0
179 67 14271 0 0 0 0
180 69 14595 0 0 0 0
181 68 14326 0 0 0 0
182 69 14382 0 0 0 0
183 69 14275 0 0 0 0
184 69 14247 0 0 0 0
185 70 14479 0 0 0 0
186 69 14342 0 0 0 0
187 70 14540 0 0 0 0
188 69 14384 0 0 0 0
189 69 14411 0 0 0 0
190 68 14283 0 0 0 0
191 68 14369 0 0 0 0
192 67 14291 0 0 0 0
193 67 14397 0 0 0 0
194 67 14540 0 0 0 0
195 66 14446 0 0 1 1
196 66 14361 0 0 0 0
197 66 14419 0 0 0 0
198 66 14386 0 0 0 0
199 66 14426 0 0 1 0
200 66 14455 0 0 1 0
201 66 14445 0 0 1 1
202 66 14425 0 0 0 0
203 67 14606 0 0 0 0
204 66 14323 0 0 0 0
205 67 14437 0 0 0 0
206 67 14372 0 0 0 0
207 67 14334 0 0 0 0
208 67 14495 0 0 0 0
209 66 14265 0 0 0 0
210 67 14535 0 0 0 0
211 66 14264 0 0 0 0
212 66 14314 0 0 0 0
213 66 14358 0 0 0 0
214 66 14379 0 0 0 0
215 66 14356 0 0 0 0
216 66 14444 0 0 1 1
217 66 14438 0 0 1 0
218 66 14405 0 0 0 0
219 66 14404 0 0 0 0
220 66 14399 0 0 0 0
221 66 14440 0 0 1 0
222 66 14419 0 0 0 0
223 66 14450 0 0 1 1
224 66 14396 0 0 0 0
225 66 14445 0 0 1 0
226 66 14483 0 0 1 0
227 65 14301 0 0 1 0
228 65 14334 0 0 1 0
229 65 14485 0 0 1 1
230 64 14383 0 0 1 0
231 64 14411 0 0 1 0
232 64 14401 0 0 1 0
233 65 14508 0 0 1 0
234 65 14388 0 0 1 0
235 66 14470 0 0 1 1
236 66 14471 0 0 1 0
237 65 14208 0 0 1 0
238 66 14405 0 0 0 0
239 66 14420 0 0 0 0
240 66 14470 0 0 1 0
241 65 14242 0 0 1 1
242 66 14420 0 0 0 0
243 67 14556 0 0 0 0
244 67 14448 0 0 0 0
245 67 14415 0 0 0 0
246 67 14436 0 0 0 0
247 66 14345 0 0 0 0
248 66 14333 0 0 0 0
249 67 14530 0 0 0 0
250 66 14290 0 0 0 0
251 67 14394 0 0 0 0
252 68 14422 0 0 0 0
253 69 14462 0 0 0 0
254 69 14354 0 0 0 0
255 69 14330 0 0 0 0
256 69 14403 0 0 0 0
257 68 14241 0 0 0 0
258 68 14291 0 0 0 0
259 69 14478 0 0 0 0
260 69 14509 0 0 0 0
261 69 14483 0 0 0 0
262 69 14456 0 0 0 0
263 69 14479 0 0 0 0
264 68 14370 0 0 0 0
265 68 14504 0 0 0 0
266 67 14334 0 0 0 0
267 67 14451 0 0 0 0
268 66 14261 0 0 0 0
269 67 14581 0 0 0 0
270 66 14357 0 0 0 0
271 66 14320 0 0 0 0
272 67 14434 0 0 0 0
273 66 14253 0 0 0 0
274 66 14322 0 0 0 0
275 65 14237 0 0 1 1
276 66 14423 0 0 0 0
277 66 14397 0 0 0 0
278 66 14415 0 0 0 0
279 66 14353 0 0 0 0
280 67 14554 0 0 0 0
281 66 14247 0 0 0 0
282 67 14424 0 0 0 0
283 67 14418 0 0 0 0
284 67 14442 0 0 0 0
285 67 14406 0 0 0 0
286 68 14571 0 0 0 0
287 68 14464 0 0 0 0
288 68 14443 0 0 0 0
289 68 14365 0 0 0 0
290 69 14527 0 0 0 0
291 68 14352 0 0 0 0
292 68 14359 0 0 0 0
293 68 14415 0 0 0 0
294 68 14477 0 0 0 0
295 67 14270 0 0 0 0
296 67 14271 0 0 0 0
297 68 14478 0 0 0 0
298 68 14434 0 0 0 0
299 68 14398 0 0 0 0
300 68 14339 0 0 0 0
301 68 14456 0 0 0 0
302 67 14296 0 0 0 0
303 68 14544 0 0 0 0
304 67 14317 0 0 0 0
305 68 14457 0 0 0 0
306 65 13841 2 0 0 0
307 66 14101 2 0 0 0
308 65 14041 2 0 0 0
309 64 13884 2 0 0 0
310 63 13788 2 0 1 1
311 63 13910 2 0 1 0
312 63 14012 2 0 1 0
313 62 13791 2 0 1 0
314 63 13962 2 0 1 0
315 62 13799 2 0 1 0
316 63 14060 2 0 1 1
317 62 13886 2 0 1 0
318 65 14504 0 0 1 0
319 64 14306 0 0 1 0
320 65 14451 0 0 1 0
321 65 14453 0 0 1 0
322 65 14349 0 0 1 1
323 66 14540 0 0 1 0
324 65 14318 0 0 1 0
325 66 14504 0 0 1 0
326 66 14485 0 0 1 0
327 66 14380 0 0 0 0
328 66 14367 0 0 0 0
329 66 14423 0 0 0 0
330 66 14456 0 0 1 1
331 66 14533 0 0 1 0
332 65 14278 0 0 1 0
333 66 14480 0 0 1 0
334 66 14522 0 0 1 0
335 65 14268 0 0 1 0
336 66 14499 0 0 1 1
337 66 14461 0 0 1 0
338 65 14402 0 0 1 0
339 65 14435 0 0 1 0
340 65 14418 0 0 1 0
341 65 14345 0 0 1 0
342 65 14253 0 0 1 1
343 65 14235 0 0 1 0
344 66 14515 0 0 1 0
345 65 14384 0 0 1 0
346 65 14446 0 0 1 0
347 65 14478 0 0 1 0
348 64 14320 0 0 1 1
349 63 14202 0 0 1 0
350 64 14388 0 0 1 0
351 64 14422 0 0 1 0
352 64 14460 0 0 1 0
353 64 14514 0 0 1 0
354 63 14407 0 0 1 1
355 64 14557 0 0 1 0
356 63 14259 0 0 1 0
357 64 14386 0 0 1 0
358 64 14312 0 0 1 0
359 65 14459 0 0 1 0
360 65 14395 0 0 1 1
361 66 14561 0 0 1 0
362 65 14318 0 0 1 0
363 66 14451 0 0 1 0
364 65 14239 0 0 1 0
365 66 14428 0 0 1 0
366 66 14377 0 0 0 0
367 66 14442 0 0 1 1
368 66 14458 0 0 1 0
369 66 14345 0 0 0 0
370 67 14484 0 0 0 0
371 67 14424 0 0 0 0
372 67 14389 0 0 0 0
373 67 14445 0 0 0 0
374 67 14472 0 0 0 0
375 66 14326 0 0 0 0
376 67 14485 0 0 0 0
377 66 14270 0 0 0 0
378 67 14493 0 0 0 0
379 67 14404 0 0 0 0
380 67 14412 0 0 0 0
381 67 14420 0 0 0 0
382 66 14245 0 0 0 0
383 66 14404 0 0 0 0
384 66 14558 0 0 1 1
385 65 14358 0 0 1 0
386 65 14392 0 0 1 0
387 65 14409 0 0 1 0
388 65 14397 0 0 1 0
389 66 14562 0 0 1 0
390 65 14338 0 0 1 1
391 65 14313 0 0 1 0
392 66 14450 0 0 1 0
393 66 14457 0 0 1 0
394 66 14462 0 0 1 0
395 66 14390 0 0 0 0
396 66 14309 0 0 0 0
397 66 14249 0 0 0 0
398 67 14420 0 0 0 0
399 67 14385 0 0 0 0
400 67 14472 0 0 0 0
401 66 14291 0 0 0 0
402 66 14368 0 0 0 0
403 66 14341 0 0 0 0
404 65 14279 0 0 1 1
405 64 14248 0 0 1 0
406 64 14384 0 0 1 0
407 63 14226 0 0 1 0
408 64 14470 0 0 1 0
409 64 14494 0 0 1 0
410 63 14275 0 0 1 1
411 64 14507 0 0 1 0
412 63 14343 0 0 1 0
413 64 14504 0 0 1 0
414 64 14499 0 0 1 0
415 63 14480 0 0 1 0
416 63 14427 0 0 1 1
417 63 14413 0 0 1 0
418 63 14346 0 0 1 0
419 64 14591 0 0 1 0
420 63 14379 0 0 1 0
421 63 14401 0 0 1 0
422 64 14480 0 0 1 1
423 64 14341 0 0 1 0
424 64 14291 0 0 1 0
425 64 14363 0 0 1 0
426 64 14327 0 0 1 0
427 64 14257 0 0 1 0
428 65 14456 0 0 1 1
429 65 14400 0 0 1 0
430 66 14521 0 0 1 0
431 66 14417 0 0 0 0
432 66 14360 0 0 0 0
433 66 14306 0 0 0 0
434 66 14418 0 0 0 0
435 65 14324 0 0 1 1
436 66 14571 0 0 1 0
437 65 14389 0 0 1 0
438 65 14423 0 0 1 0
439 65 14413 0 0 1 0
440 65 14452 0 0 1 0
441 65 14502 0 0 1 1
442 64 14326 0 0 1 0
443 64 14314 0 0 1 0
444 65 14453 0 0 1 0
445 65 14443 0 0 1 0
446 65 14395 0 0 1 0
447 66 14554 0 0 1 1
448 65 14297 0 0 1 0
449 66 14411 0 0 0 0
450 66 14344 0 0 0 0
451 66 14363 0 0 0 0
452 66 14341 0 0 0 0
453 66 14278 0 0 0 0
454 67 14458 0 0 0 0
455 68 14461 0 0 0 0
456 67 14285 0 0 0 0
457 68 14541 0 0 0 0
458 67 14399 0 0 0 0
459 66 14229 0 0 0 0
460 67 14401 0 0 0 0
461 66 14267 0 0 0 0
462 67 14505 0 0 0 0
463 67 14497 0 0 0 0
464 66 14366 0 0 0 0
465 66 14421 0 0 0 0
466 65 14323 0 0 1 1
467 63 14213 0 0 1 0
468 64 14517 0 0 1 0
469 63 14326 0 0 1 0
470 63 14344 0 0 1 0
471 64 14599 0 0 1 0
472 63 14411 0 0 1 1
473 64 14571 0 0 1 0
474 63 14307 0 0 1 0
475 64 14504 0 0 1 0
476 64 14429 0 0 1 0
477 64 14433 0 0 1 0
478 64 14399 0 0 1 1
479 65 14566 0 0 1 0
480 64 14356 0 0 1 0
481 64 14420 0 0 1 0
482 64 14449 0 0 1 0
483 64 14393 0 0 1 0
484 64 14356 0 0 1 1
485 64 14402 0 0 1 0
486 64 14369 0 0 1 0
487 64 14268 0 0 1 0
488 65 14418 0 0 1 0
489 66 14507 0 0 1 0
490 66 14406 0 0 0 0
491 65 14275 0 0 1 1
492 65 14295 0 0 1 0
493 65 14313 0 0 1 0
494 65 14369 0 0 1 0
495 64 14223 0 0 1 0
496 65 14516 0 0 1 0
497 64 14274 0 0 1 1
498 65 14551 0 0 1 0
499 64 14406 0 0 1 0
500 64 14370 0 0 1 0
501 64 14410 0 0 1 0
502 64 14485 0 0 1 0
503 64 14495 0 0 1 1
504 64 14497 0 0 1 0
505 64 14447 0 0 1 0
506 64 14340 0 0 1 0
507 65 14554 0 0 1 0
508 64 14307 0 0 1 0
509 65 14526 0 0 1 1
510 64 14320 0 0 1 0
511 65 14533 0 0 1 0
512 64 14401 0 0 1 0
513 64 14417 0 0 1 0
514 64 14379 0 0 1 0
515 64 14277 0 0 1 1
516 65 14380 0 0 1 0
517 65 14343 0 0 1 0
518 65 14448 0 0 1 0
519 64 14289 0 0 1 0
520 65 14511 0 0 1 0
521 64 14320 0 0 1 1
522 64 14329 0 0 1 0
523 64 14316 0 0 1 0
524 65 14420 0 0 1 0
525 64 14213 0 0 1 0
526 65 14444 0 0 1 0
527 65 14444 0 0 1 1
528 65 14511 0 0 1 0
529 65 14482 0 0 1 0
530 65 14373 0 0 1 0
531 66 14525 0 0 1 0
532 65 14332 0 0 1 0
533 65 14368 0 0 1 1
534 66 14590 0 0 1 0
535 65 14381 0 0 1 0
536 65 14454 0 0 1 0
537 65 14453 0 0 1 0
538 65 14399 0 0 1 0
539 66 14501 0 0 1 1
540 65 14201 0 0 0 0
541 66 14402 0 0 0 0
542 66 14443 0 0 1 0
543 65 14256 0 0 1 0
544 66 14430 0 0 1 0
545 66 14371 0 0 0 0
546 66 14379 0 0 0 0
547 66 14446 0 0 1 1
548 65 14402 0 0 1 0
549 65 14409 0 0 1 0
550 64 14274 0 0 1 0
551 64 14319 0 0 1 0
552 65 14499 0 0 1 0
553 64 14322 0 0 1 1
554 64 14392 0 0 1 0
555 64 14374 0 0 1 0
556 64 14440 0 0 1 0
557 64 14494 0 0 1 0
558 63 14278 0 0 1 0
559 64 14466 0 0 1 1
560 65 14435 0 0 1 0
561 65 14374 0 0 1 0
562 66 14586 0 0 1 0
563 65 14407 0 0 1 0
564 64 14272 0 0 1 0
565 65 14478 0 0 1 1
566 65 14341 0 0 1 0
567 66 14518 0 0 1 0
568 65 14244 0 0 1 0
569 66 14446 0 0 1 0
570 66 14442 0 0 1 0
571 66 14388 0 0 0 0
572 65 14319 0 0 1 1
573 66 14548 0 0 1 0
574 65 14352 0 0 1 0
575 65 14423 0 0 1 0
576 65 14415 0 0 1 0
577 65 14410 0 0 1 0
578 66 14581 0 0 1 1
579 65 14364 0 0 1 0
580 66 14563 0 0 1 0
581 65 14287 0 0 1 0
582 66 14433 0 0 1 0
583 65 14283 0 0 1 0
584 65 14272 0 0 1 1
585 65 14324 0 0 1 0
586 65 14371 0 0 1 0
587 65 14352 0 0 1 0
588 65 14395 0 0 1 0
589 65 14372 0 0 1 0
590 64 14236 0 0 1 1
591 65 14438 0 0 1 0
592 64 14220 0 0 1 0
593 65 14402 0 0 1 0
594 65 14389 0 0 1 0
595 65 14340 0 0 1 0
596 66 14604 0 0 1 1
597 64 14283 0 0 1 0
598 65 14363 0 0 1 0
599 66 14518 0 0 1 0
600 66 14441 0 0 1 0
601 66 14378 0 0 0 0
602 66 14403 0 0 0 0
603 65 14271 0 0 1 1
604 66 14538 0 0 1 0
605 65 14456 0 0 1 0
606 65 14490 0 0 1 0
607 65 14551 0 0 1 0
608 64 14270 0 0 1 0
609 65 14430 0 0 1 1
610 65 14494 0 0 1 0
611 64 14375 0 0 1 0
612 64 14431 0 0 1 0
613 63 14314 0 0 1 0
614 64 14525 0 0 1 0
615 65 14504 0 0 1 1
616 65 14375 0 0 1 0
617 65 14438 0 0 1 0
618 64 14263 0 0 1 0
619 65 14438 0 0 1 0
620 65 14464 0 0 1 0
621 65 14368 0 0 1 1
622 65 14326 0 0 1 0
623 66 14399 0 0 0 0
624 66 14344 0 0 0 0
625 67 14466 0 0 0 0
626 67 14357 0 0 0 0
627 67 14490 0 0 0 0
628 66 14288 0 0 0 0
629 67 14410 0 0 0 0
630 67 14434 0 0 0 0
631 66 14233 0 0 0 0
632 67 14447 0 0 0 0
633 67 14479 0 0 0 0
634 66 14325 0 0 0 0
635 66 14401 0 0 0 0
636 66 14485 0 0 1 1
637 65 14329 0 0 1 0
638 65 14413 0 0 1 0
639 64 14236 0 0 1 0
640 65 14560 0 0 1 0
641 64 14310 0 0 1 0
642 65 14472 0 0 1 1
643 65 14389 0 0 1 0
644 65 14329 0 0 1 0
645 65 14304 0 0 1 0
646 66 14536 0 0 1 0
647 65 14361 0 0 1 0
648 65 14368 0 0 1 1
649 65 14405 0 0 1 0
650 65 14384 0 0 1 0
651 66 14484 0 0 1 0
652 66 14415 0 0 0 0
653 66 14430 0 0 1 0
654 65 14314 0 0 1 1
655 65 14439 0 0 1 0
656 64 14297 0 0 1 0
657 65 14604 0 0 1 0
658 64 14393 0 0 1 0
659 64 14345 0 0 1 0
660 65 14481 0 0 1 1
661 65 14539 0 0 1 0
662 64 14314 0 0 1 0
663 64 14433 0 0 1 0
664 64 14404 0 0 1 0
665 64 14340 0 0 1 0
666 65 14404 0 0 1 1
667 66 14509 0 0 1 0
668 66 14467 0 0 1 0
669 66 14384 0 0 0 0
670 66 14358 0 0 0 0
671 67 14529 0 0 0 0
672 66 14318 0 0 0 0
673 67 14434 0 0 0 0
674 67 14449 0 0 0 0
675 66 14251 0 0 0 0
676 66 14302 0 0 0 0
677 67 14463 0 0 0 0
678 66 14337 0 0 0 0
679 65 14223 0 0 1 1
680 66 14469 0 0 1 0
681 65 14316 0 0 1 0
682 66 14479 0 0 1 0
683 65 14232 0 0 1 0
684 66 14418 0 0 0 0
685 65 14222 0 0 1 1
686 66 14522 0 0 1 0
687 66 14504 0 0 1 0
688 65 14304 0 0 1 0
689 65 14423 0 0 1 0
690 66 14560 0 0 1 0
691 66 14505 0 0 1 1
692 66 14417 0 0 0 0
693 66 14350 0 0 0 0
694 66 14327 0 0 0 0
695 66 14409 0 0 0 0
696 66 14398 0 0 0 0
697 66 14419 0 0 0 0
698 66 14375 0 0 0 0
699 66 14390 0 0 0 0
700 66 14394 0 0 0 0
701 66 14379 0 0 0 0
702 66 14369 0 0 0 0
703 67 14488 0 0 0 0
704 66 14338 0 0 0 0
705 66 14404 0 0 0 0
706 65 14301 0 0 1 1
707 66 14581 0 0 1 0
708 65 14460 0 0 1 0
709 65 14425 0 0 1 0
710 65 14430 0 0 1 0
711 65 14431 0 0 1 0
712 65 14428 0 0 1 1
713 64 14287 0 0 1 0
714 64 14391 0 0 1 0
715 63 14268 0 0 1 0
716 63 14288 0 0 1 0
717 64 14459 0 0 1 0
718 64 14385 0 0 1 1
719 64 14312 0 0 1 0
720 64 14272 0 0 1 0
721 65 14468 0 0 1 0
722 65 14353 0 0 1 0
723 66 14458 0 0 1 0
724 66 14439 0 0 1 1
725 67 14554 0 0 0 0
726 66 14382 0 0 0 0
727 66 14390 0 0 0 0
728 67 14540 0 0 0 0
729 66 14308 0 0 0 0
730 67 14508 0 0 0 0
731 66 14297 0 0 0 0
732 67 14410 0 0 0 0
733 67 14441 0 0 0 0
734 66 14288 0 0 0 0
735 66 14350 0 0 0 0
736 66 14368 0 0 0 0
737 66 14408 0 0 0 0
738 66 14325 0 0 0 0
739 67 14543 0 0 0 0
740 66 14371 0 0 0 0
741 66 14463 0 0 1 1
742 65 14392 0 0 1 0
743 65 14530 0 0 1 0
744 64 14446 0 0 1 0
745 63 14263 0 0 1 0
746 64 14506 0 0 1 0
747 63 14278 0 0 1 1
748 64 14466 0 0 1 0
749 64 14392 0 0 1 0
750 64 14367 0 0 1 0
751 64 14391 0 0 1 0
752 64 14424 0 0 1 0
753 64 14371 0 0 1 1
754 64 14280 0 0 1 0
755 65 14425 0 0 1 0
756 65 14426 0 0 1 0
757 65 14389 0 0 1 0
758 65 14388 0 0 1 0
759 65 14439 0 0 1 1
760 65 14480 0 0 1 0
761 64 14369 0 0 1 0
762 64 14410 0 0 1 0
763 64 14406 0 0 1 0
764 64 14379 0 0 1 0
765 64 14430 0 0 1 1
766 64 14451 0 0 1 0
767 64 14430 0 0 1 0
768 64 14431 0 0 1 0
769 64 14404 0 0 1 0
770 64 14379 0 0 1 0
771 64 14361 0 0 1 1
772 64 14364 0 0 1 0
773 64 14356 0 0 1 0
774 64 14363 0 0 1 0
775 64 14318 0 0 1 0
776 65 14481 0 0 1 0
777 65 14427 0 0 1 1
778 66 14573 0 0 1 0
779 65 14273 0 0 1 0
780 66 14412 0 0 0 0
781 67 14546 0 0 0 0
782 66 14294 0 0 0 0
783 67 14480 0 0 0 0
784 66 14312 0 0 0 0
785 67 14456 0 0 0 0
786 67 14408 0 0 0 0
787 66 14303 0 0 0 0
788 65 14258 0 0 1 1
789 65 14306 0 0 1 0
790 65 14369 0 0 1 0
791 65 14467 0 0 1 0
792 64 14325 0 0 1 0
793 64 14442 0 0 1 0
794 64 14525 0 0 1 1
795 63 14360 0 0 1 0
796 64 14390 0 0 1 0
797 63 14261 0 0 1 0
798 64 14560 0 0 1 0
799 64 14551 0 0 1 0
800 64 14449 0 0 1 1
801 64 14435 0 0 1 0
802 64 14428 0 0 1 0
803 64 14360 0 0 1 0
804 64 14358 0 0 1 0
805 64 14350 0 0 1 0
806 64 14318 0 0 1 1
807 65 14515 0 0 1 0
808 64 14397 0 0 1 0
809 65 14544 0 0 1 0
810 64 14300 0 0 1 0
811 64 14279 0 0 1 0
812 65 14476 0 0 1 1
813 65 14437 0 0 1 0
814 65 14390 0 0 1 0
815 65 14367 0 0 1 0
816 66 14558 0 0 1 0
817 65 14321 0 0 1 0
818 66 14460 0 0 1 1
819 66 14356 0 0 0 0
820 66 14383 0 0 0 0
821 66 14415 0 0 0 0
822 66 14464 0 0 1 0
823 66 14448 0 0 1 0
824 66 14360 0 0 0 0
825 66 14362 0 0 0 0
826 65 14222 0 0 1 1
827 66 14518 0 0 1 0
828 65 14378 0 0 1 0
829 65 14364 0 0 1 0
830 65 14480 0 0 1 0
831 64 14416 0 0 1 0
832 64 14454 0 0 1 1
833 63 14292 0 0 1 0
834 63 14253 0 0 1 0
835 64 14446 0 0 1 0
836 63 14300 0 0 1 0
837 64 14491 0 0 1 0
838 64 14506 0 0 1 1
839 64 14411 0 0 1 0
840 64 14266 0 0 1 0
841 65 14482 0 0 1 0
842 65 14381 0 0 1 0
843 65 14339 0 0 1 0
844 66 14511 0 0 1 1
845 66 14420 0 0 0 0
846 67 14593 0 0 0 0
847 66 14355 0 0 0 0
848 67 14567 0 0 0 0
849 66 14330 0 0 0 0
850 67 14434 0 0 0 0
851 66 14217 0 0 0 0
852 67 14509 0 0 0 0
853 67 14498 0 0 0 0
854 66 14244 0 0 0 0
855 67 14373 0 0 0 0
856 67 14336 0 0 0 0
857 68 14481 0 0 0 0
858 67 14239 0 0 0 0
859 68 14466 0 0 0 0
860 68 14392 0 0 0 0
861 68 14396 0 0 0 0
862 68 14419 0 0 0 0
863 68 14449 0 0 0 0
864 68 14452 0 0 0 0
865 67 14242 0 0 0 0
866 68 14530 0 0 0 0
867 67 14371 0 0 0 0
868 67 14391 0 0 0 0
869 67 14454 0 0 0 0
870 67 14514 0 0 0 0
871 66 14333 0 0 0 0
872 65 14205 0 0 0 0
873 66 14479 0 0 1 1
874 66 14423 0 0 0 0
875 66 14363 0 0 0 0
876 66 14380 0 0 0 0
877 66 14457 0 0 1 0
878 65 14346 0 0 1 0
879 65 14473 0 0 1 1
880 64 14331 0 0 1 0
881 63 14206 0 0 1 0
882 63 14250 0 0 1 0
883 64 14484 0 0 1 0
884 64 14479 0 0 1 0
885 63 14306 0 0 1 1
886 62 14196 0 0 1 0
887 63 14562 0 0 1 0
888 62 14318 0 0 1 0
889 63 14471 0 0 1 0
890 63 14403 0 0 1 0
891 63 14329 0 0 1 1
892 63 14349 0 0 1 0
893 64 14477 0 0 1 0
894 65 14575 0 0 1 0
895 64 14298 0 0 1 0
896 64 14326 0 0 1 0
897 65 14542 0 0 1 1
898 65 14570 0 0 1 0
899 64 14308 0 0 1 0
900 64 14372 0 0 1 0
901 64 14428 0 0 1 0
902 62 13978 2 0 1 0
903 63 14107 2 0 1 1
904 63 14042 2 0 1 0
905 62 13957 2 0 1 0
906 61 13844 2 0 1 0
907 62 14094 2 0 1 0
908 62 14105 2 0 1 0
909 61 13871 2 0 1 1
910 61 13848 2 0 1 0
911 62 14083 2 0 1 0
912 62 13981 2 0 1 0
913 62 13969 2 0 1 0
914 64 14314 0 0 1 0
915 64 14362 0 0 1 1
916 64 14368 0 0 1 0
917 64 14348 0 0 1 0
918 65 14515 0 0 1 0
919 64 14304 0 0 1 0
920 64 14296 0 0 1 0
921 64 14301 0 0 1 1
922 65 14471 0 0 1 0
923 65 14373 0 0 1 0
924 65 14415 0 0 1 0
925 65 14302 0 0 1 0
926 65 14366 0 0 1 0
927 65 14429 0 0 1 1
928 65 14401 0 0 1 0
929 65 14444 0 0 1 0
930 64 14281 0 0 1 0
931 65 14500 0 0 1 0
932 65 14435 0 0 1 0
933 65 14410 0 0 1 1
934 65 14465 0 0 1 0
935 64 14322 0 0 1 0
936 64 14357 0 0 1 0
937 64 14460 0 0 1 0
938 64 14474 0 0 1 0
939 64 14454 0 0 1 1
940 64 14510 0 0 1 0
941 64 14449 0 0 1 0
942 64 14435 0 0 1 0
943 64 14407 0 0 1 0
944 64 14479 0 0 1 0
945 65 14552 0 0 1 1
946 64 14256 0 0 1 0
947 65 14432 0 0 1 0
948 65 14391 0 0 1 0
949 65 14412 0 0 1 0
950 65 14494 0 0 1 0
951 64 14333 0 0 1 1
952 64 14412 0 0 1 0
953 64 14484 0 0 1 0
954 64 14485 0 0 1 0
955 63 14310 0 0 1 0
956 63 14288 0 0 1 0
957 63 14406 0 0 1 1
958 63 14412 0 0 1 0
959 63 14426 0 0 1 0
960 63 14419 0 0 1 0
961 63 14355 0 0 1 0
962 63 14258 0 0 1 0
963 64 14362 0 0 1 1
964 65 14374 0 0 1 0
965 65 14260 0 0 1 0
966 66 14461 0 0 1 0
967 66 14366 0 0 0 0
968 68 14562 0 0 0 0
969 68 14387 0 0 0 0
970 69 14539 0 0 0 0
971 68 14317 0 0 0 0
972 68 14373 0 0 0 0
973 67 14270 0 0 0 0
974 68 14544 0 0 0 0
975 67 14379 0 0 0 0
976 66 14265 0 0 0 0
977 67 14491 0 0 0 0
978 66 14271 0 0 0 0
979 67 14511 0 0 0 0
980 65 14287 0 0 1 1
981 65 14421 0 0 1 0
982 64 14306 0 0 1 0
983 64 14371 0 0 1 0
984 64 14399 0 0 1 0
985 64 14420 0 0 1 0
986 63 14250 0 0 1 1
987 64 14521 0 0 1 0
988 64 14536 0 0 1 0
989 63 14327 0 0 1 0
990 63 14368 0 0 1 0
991 63 14407 0 0 1 0
992 63 14340 0 0 1 1
993 63 14422 0 0 1 0
994 63 14463 0 0 1 0
995 63 14449 0 0 1 0
996 63 14401 0 0 1 0
997 64 14502 0 0 1 0
998 64 14485 0 0 1 1
999 63 14241 0 0 1 0
1000 64 14427 0 0 1 0
1001 64 14352 0 0 1 0
1002 65 14558 0 0 1 0
1003 64 14316 0 0 1 0
1004 64 14391 0 0 1 1
1005 64 14368 0 0 1 0
1006 64 14393 0 0 1 0
1007 64 14517 0 0 1 0
1008 64 14584 0 0 1 0
1009 63 14425 0 0 1 0
1010 63 14391 0 0 1 1
1011 64 14540 0 0 1 0
1012 63 14376 0 0 1 0
1013 63 14474 0 0 1 0
1014 62 14259 0 0 1 0
1015 62 14296 0 0 1 0
1016 63 14494 0 0 1 1
1017 62 14246 0 0 1 0
1018 63 14396 0 0 1 0
1019 63 14225 0 0 1 0
1020 64 14363 0 0 1 0
1021 64 14293 0 0 1 0
1022 65 14467 0 0 1 1
1023 64 14282 0 0 1 0
1024 65 14462 0 0 1 0
1025 65 14393 0 0 1 0
1026 65 14358 0 0 1 0
1027 66 14515 0 0 1 0
1028 65 14353 0 0 1 1
1029 66 14569 0 0 1 0
1030 65 14315 0 0 1 0
1031 66 14500 0 0 1 0
1032 66 14443 0 0 1 0
1033 66 14432 0 0 1 0
1034 66 14404 0 0 0 0
1035 66 14356 0 0 0 0
1036 66 14266 0 0 0 0
1037 67 14513 0 0 0 0
1038 67 14511 0 0 0 0
1039 67 14489 0 0 0 0
1040 67 14375 0 0 0 0
1041 67 14328 0 0 0 0
1042 68 14466 0 0 0 0
1043 67 14273 0 0 0 0
1044 67 14330 0 0 0 0
1045 67 14377 0 0 0 0
1046 67 14400 0 0 0 0
1047 67 14401 0 0 0 0
1048 67 14404 0 0 0 0
1049 67 14312 0 0 0 0
1050 67 14301 0 0 0 0
1051 67 14351 0 0 0 0
1052 67 14398 0 0 0 0
1053 67 14422 0 0 0 0
1054 68 14454 0 0 0 0
1055 69 14436 0 0 0 0
1056 69 14308 0 0 0 0
1057 70 14394 0 0 0 0
1058 70 14379 0 0 0 0
1059 71 14531 0 0 0 0
1060 71 14503 0 0 0 0
1061 70 14317 0 0 0 0
1062 71 14523 0 0 0 0
1063 71 14429 0 0 0 0
1064 72 14578 0 0 0 0
1065 71 14384 0 0 0 0
1066 69 14291 0 0 0 0
1067 68 14362 0 0 0 0
1068 68 14529 0 0 0 0
1069 67 14388 0 0 0 0
1070 67 14447 0 0 0 0
1071 66 14387 0 0 0 0
1072 65 14385 0 0 1 1
1073 65 14565 0 0 1 0
1074 64 14374 0 0 1 0
1075 63 14230 0 0 1 0
1076 63 14264 0 0 1 0
1077 64 14492 0 0 1 0
1078 64 14445 0 0 1 1
1079 64 14421 0 0 1 0
1080 64 14421 0 0 1 0
1081 64 14458 0 0 1 0
1082 63 14243 0 0 1 0
1083 64 14455 0 0 1 0
1084 64 14318 0 0 1 1
1085 64 14231 0 0 1 0
1086 64 14281 0 0 1 0
1087 65 14557 0 0 1 0
1088 64 14423 0 0 1 0
1089 63 14194 0 0 1 0
1090 64 14372 0 0 1 1
1091 64 14415 0 0 1 0
1092 64 14381 0 0 1 0
1093 65 14523 0 0 1 0
1094 65 14477 0 0 1 0
1095 64 14267 0 0 1 0
1096 65 14474 0 0 1 1
1097 65 14385 0 0 1 0
1098 66 14513 0 0 1 0
1099 66 14428 0 0 1 0
1100 66 14395 0 0 0 0
1101 67 14615 0 0 0 0
1102 67 14525 0 0 0 0
1103 67 14418 0 0 0 0
1104 67 14335 0 0 0 0
1105 67 14378 0 0 0 0
1106 67 14381 0 0 0 0
1107 67 14345 0 0 0 0
1108 67 14420 0 0 0 0
1109 67 14447 0 0 0 0
1110 66 14310 0 0 0 0
1111 65 14209 0 0 1 1
1112 66 14452 0 0 1 0
1113 65 14279 0 0 1 0
1114 65 14385 0 0 1 0
1115 65 14418 0 0 1 0
1116 65 14469 0 0 1 0
1117 64 14289 0 0 1 1
1118 64 14332 0 0 1 0
1119 65 14532 0 0 1 0
1120 64 14266 0 0 1 0
1121 65 14487 0 0 1 0
1122 65 14430 0 0 1 0
1123 66 14575 0 0 1 1
1124 65 14322 0 0 1 0
1125 66 14488 0 0 1 0
1126 65 14278 0 0 1 0
1127 66 14505 0 0 1 0
1128 65 14258 0 0 1 0
1129 66 14429 0 0 1 1
1130 67 14491 0 0 0 0
1131 67 14435 0 0 0 0
1132 67 14468 0 0 0 0
1133 66 14238 0 0 0 0
1134 67 14481 0 0 0 0
1135 66 14231 0 0 0 0
1136 67 14533 0 0 0 0
1137 66 14415 0 0 0 0
1138 66 14483 0 0 1 1
1139 65 14407 0 0 1 0
1140 64 14330 0 0 1 0
1141 63 14274 0 0 1 0
1142 62 14284 0 0 1 0
1143 62 14440 0 0 1 0
1144 62 14487 0 0 1 1
1145 62 14567 0 0 1 0
1146 61 14345 0 0 1 0
1147 62 14598 0 0 1 0
1148 61 14236 0 0 1 0
1149 62 14333 0 0 1 0
1150 62 14281 0 0 1 1
1151 63 14338 0 0 1 0
1152 64 14565 0 0 1 0
1153 64 14624 0 0 1 0
1154 63 14434 0 0 1 0
1155 62 14265 0 0 1 0
1156 62 14282 0 0 1 1
1157 62 14313 0 0 1 0
1158 62 14319 0 0 1 0
1159 61 14226 0 0 1 0
1160 61 14413 0 0 1 0
1161 60 14286 0 0 1 0
1162 61 14520 0 0 1 1
1163 60 14379 0 0 1 0
1164 60 14395 0 0 1 0
1165 60 14341 0 0 1 0
1166 61 14516 0 0 1 0
1167 61 14403 0 0 1 0
1168 61 14358 0 0 1 1
1169 61 14326 0 0 1 0
1170 61 14382 0 0 1 0
1171 61 14401 0 0 1 0
1172 62 14502 0 0 1 0
1173 62 14475 0 0 1 0
1174 61 14324 0 0 1 1
1175 61 14382 0 0 1 0
1176 61 14349 0 0 1 0
1177 61 14291 0 0 1 0
1178 61 14272 0 0 1 0
1179 62 14501 0 0 1 0
1180 62 14523 0 0 1 1
1181 62 14413 0 0 1 0
1182 62 14440 0 0 1 0
1183 62 14445 0 0 1 0
1184 61 14255 0 0 1 0
1185 62 14511 0 0 1 0
1186 62 14457 0 0 1 1
1187 63 14478 0 0 1 0
1188 63 14474 0 0 1 0
1189 63 14484 0 0 1 0
1190 63 14451 0 0 1 0
1191 62 14368 0 0 1 0
1192 62 14327 0 0 1 1
1193 62 14389 0 0 1 0
1194 63 14501 0 0 1 0
1195 63 14429 0 0 1 0
1196 63 14494 0 0 1 0
1197 62 14283 0 0 1 0
1198 62 14346 0 0 1 1
1199 61 14230 0 0 1 0
1200 61 14251 0 0 1 0
1201 62 14473 0 0 1 0
1202 62 14406 0 0 1 0
1203 63 14360 0 0 1 0
1204 63 14377 0 0 1 1
1205 63 14434 0 0 1 0
1206 62 14288 0 0 1 0
1207 62 14310 0 0 1 0
1208 62 14313 0 0 1 0
1209 62 14299 0 0 1 0
1210 62 14336 0 0 1 1
1211 62 14428 0 0 1 0
1212 63 14480 0 0 1 0
1213 62 14189 0 0 1 0
1214 63 14504 0 0 1 0
1215 62 14423 0 0 1 0
1216 62 14423 0 0 1 1
1217 62 14374 0 0 1 0
1218 62 14417 0 0 1 0
1219 62 14369 0 0 1 0
1220 63 14566 0 0 1 0
1221 63 14600 0 0 1 0
1222 63 14540 0 0 1 1
1223 63 14504 0 0 1 0
1224 62 14446 0 0 1 0
1225 62 14578 0 0 1 0
1226 61 14398 0 0 1 0
1227 61 14425 0 0 1 0
1228 61 14452 0 0 1 1
1229 61 14423 0 0 1 0
1230 62 14581 0 0 1 0
1231 62 14586 0 0 1 0
1232 61 14315 0 0 1 0
1233 61 14310 0 0 1 0
1234 61 14381 0 0 1 1
1235 61 14405 0 0 1 0
1236 61 14417 0 0 1 0
1237 61 14354 0 0 1 0
1238 61 14319 0 0 1 0
1239 61 14275 0 0 1 0
1240 61 14281 0 0 1 1
1241 61 14443 0 0 1 0
1242 60 14240 0 0 1 0
1243 60 14271 0 0 1 0
1244 60 14310 0 0 1 0
1245 61 14475 0 0 1 0
1246 61 14350 0 0 1 1
1247 62 14477 0 0 1 0
1248 62 14386 0 0 1 0
1249 63 14476 0 0 1 0
1250 63 14490 0 0 1 0
1251 63 14540 0 0 1 0
1252 63 14535 0 0 1 1
1253 63 14468 0 0 1 0
1254 63 14459 0 0 1 0
1255 63 14458 0 0 1 0
1256 63 14435 0 0 1 0
1257 62 14237 0 0 1 0
1258 62 14412 0 0 1 1
1259 61 14187 0 0 1 0
1260 62 14436 0 0 1 0
1261 60 14197 0 0 1 0
1262 60 14256 0 0 1 0
1263 61 14429 0 0 1 0
1264 61 14418 0 0 1 1
1265 61 14375 0 0 1 0
1266 61 14339 0 0 1 0
1267 62 14406 0 0 1 0
1268 63 14569 0 0 1 0
1269 63 14527 0 0 1 0
1270 63 14306 0 0 1 1
1271 64 14490 0 0 1 0
1272 63 14322 0 0 1 0
1273 64 14438 0 0 1 0
1274 64 14348 0 0 1 0
1275 63 14188 0 0 1 0
1276 64 14416 0 0 1 1
1277 64 14387 0 0 1 0
1278 64 14417 0 0 1 0
1279 64 14484 0 0 1 0
1280 63 14347 0 0 1 0
1281 63 14374 0 0 1 0
1282 63 14486 0 0 1 1
1283 62 14371 0 0 1 0
1284 62 14333 0 0 1 0
1285 62 14396 0 0 1 0
1286 63 14622 0 0 1 0
1287 63 14606 0 0 1 0
1288 62 14398 0 0 1 1
1289 62 14452 0 0 1 0
1290 62 14446 0 0 1 0
1291 61 14270 0 0 1 0
1292 61 14271 0 0 1 0
1293 62 14485 0 0 1 0
1294 62 14450 0 0 1 1
1295 62 14391 0 0 1 0
1296 62 14403 0 0 1 0
1297 63 14590 0 0 1 0
1298 63 14397 0 0 1 0
1299 63 14393 0 0 1 0
1300 63 14364 0 0 1 1
1301 63 14264 0 0 1 0
1302 64 14453 0 0 1 0
1303 64 14447 0 0 1 0
1304 64 14411 0 0 1 0
1305 63 14206 0 0 1 0
1306 64 14333 0 0 1 1
1307 64 14371 0 0 1 0
1308 65 14583 0 0 1 0
1309 64 14283 0 0 1 0
1310 63 14222 0 0 1 0
1311 64 14332 0 0 1 0
1312 64 14318 0 0 1 1
1313 65 14579 0 0 1 0
1314 64 14385 0 0 1 0
1315 64 14394 0 0 1 0
1316 64 14395 0 0 1 0
1317 65 14567 0 0 1 0
1318 64 14395 0 0 1 1
1319 64 14407 0 0 1 0
1320 63 14206 0 0 1 0
1321 63 14288 0 0 1 0
1322 64 14456 0 0 1 0
1323 64 14469 0 0 1 0
1324 64 14508 0 0 1 1
1325 63 14377 0 0 1 0
1326 63 14419 0 0 1 0
1327 63 14503 0 0 1 0
1328 62 14364 0 0 1 0
1329 61 14216 0 0 1 0
1330 62 14502 0 0 1 1
1331 62 14523 0 0 1 0
1332 62 14490 0 0 1 0
1333 62 14472 0 0 1 0
1334 61 14400 0 0 1 0
1335 60 14258 0 0 1 0
1336 60 14326 0 0 1 1
1337 60 14354 0 0 1 0
1338 60 14286 0 0 1 0
1339 61 14387 0 0 1 0
1340 62 14542 0 0 1 0
1341 62 14474 0 0 1 0
1342 62 14415 0 0 1 1
1343 62 14353 0 0 1 0
1344 62 14411 0 0 1 0
1345 62 14424 0 0 1 0
1346 62 14327 0 0 1 0
1347 63 14515 0 0 1 0
1348 63 14401 0 0 1 1
1349 63 14325 0 0 1 0
1350 63 14428 0 0 1 0
1351 62 14305 0 0 1 0
1352 62 14356 0 0 1 0
1353 62 14415 0 0 1 0
1354 61 14284 0 0 1 1
1355 62 14508 0 0 1 0
1356 62 14457 0 0 1 0
1357 62 14391 0 0 1 0
1358 63 14519 0 0 1 0
1359 62 14283 0 0 1 0
1360 63 14471 0 0 1 1
1361 63 14493 0 0 1 0
1362 63 14411 0 0 1 0
1363 64 14448 0 0 1 0
1364 65 14417 0 0 1 0
1365 67 14505 0 0 0 0
1366 67 14336 0 0 0 0
1367 67 14274 0 0 0 0
1368 67 14326 0 0 0 0
1369 67 14375 0 0 0 0
1370 67 14439 0 0 0 0
1371 67 14386 0 0 0 0
1372 67 14374 0 0 0 0
1373 67 14264 0 0 0 0
1374 68 14479 0 0 0 0
1375 67 14369 0 0 0 0
1376 66 14323 0 0 0 0
1377 65 14405 0 0 1 1
1378 65 14498 0 0 1 0
1379 64 14355 0 0 1 0
1380 65 14453 0 0 1 0
1381 65 14374 0 0 1 0
1382 65 14404 0 0 1 0
1383 65 14430 0 0 1 1
1384 65 14418 0 0 1 0
1385 65 14513 0 0 1 0
1386 64 14230 0 0 1 0
1387 65 14395 0 0 1 0
1388 66 14566 0 0 1 0
1389 65 14381 0 0 1 1
1390 65 14404 0 0 1 0
1391 65 14370 0 0 1 0
1392 65 14367 0 0 1 0
1393 65 14417 0 0 1 0
1394 65 14425 0 0 1 0
1395 65 14375 0 0 1 1
1396 65 14406 0 0 1 0
1397 65 14425 0 0 1 0
1398 65 14551 0 0 1 0
1399 64 14351 0 0 1 0
1400 64 14404 0 0 1 0
1401 64 14301 0 0 1 1
1402 65 14328 0 0 1 0
1403 67 14527 0 0 0 0
1404 68 14464 0 0 0 0
1405 69 14441 0 0 0 0
1406 69 14302 0 0 0 0
1407 69 14369 0 0 0 0
1408 69 14338 0 0 0 0
1409 69 14275 0 0 0 0
1410 70 14368 0 0 0 0
1411 70 14371 0 0 0 0
1412 70 14390 0 0 0 0
1413 70 14355 0 0 0 0
1414 70 14539 0 0 0 0
1415 68 14376 0 0 0 0
1416 66 14244 0 0 0 0
1417 66 14529 0 0 1 1
1418 65 14516 0 0 1 0
1419 65 14603 0 0 1 0
1420 64 14418 0 0 1 0
1421 64 14413 0 0 1 0
1422 64 14426 0 0 1 0
1423 64 14426 0 0 1 1
1424 64 14413 0 0 1 0
1425 64 14489 0 0 1 0
1426 63 14312 0 0 1 0
1427 63 14346 0 0 1 0
1428 63 14424 0 0 1 0
1429 62 14234 0 0 1 1
1430 62 14224 0 0 1 0
1431 62 14212 0 0 1 0
1432 62 14286 0 0 1 0
1433 63 14497 0 0 1 0
1434 62 14260 0 0 1 0
1435 63 14426 0 0 1 1
1436 63 14343 0 0 1 0
1437 64 14506 0 0 1 0
1438 64 14413 0 0 1 0
1439 64 14394 0 0 1 0
1440 65 14485 0 0 1 0
1441 65 14373 0 0 1 1
1442 66 14469 0 0 1 0
1443 67 14582 0 0 0 0
1444 67 14561 0 0 0 0
1445 66 14324 0 0 0 0
1446 67 14558 0 0 0 0
1447 66 14459 0 0 1 1
1448 66 14460 0 0 1 0
1449 65 14322 0 0 1 0
1450 65 14397 0 0 1 0
1451 65 14368 0 0 1 0
1452 65 14431 0 0 1 0
1453 65 14508 0 0 1 1
1454 65 14503 0 0 1 0
1455 64 14338 0 0 1 0
1456 64 14342 0 0 1 0
1457 64 14433 0 0 1 0
1458 64 14440 0 0 1 0
1459 64 14359 0 0 1 1
1460 63 14222 0 0 1 0
1461 64 14449 0 0 1 0
1462 65 14495 0 0 1 0
1463 65 14528 0 0 1 0
1464 64 14252 0 0 1 0
1465 65 14430 0 0 1 1
1466 65 14406 0 0 1 0
1467 65 14365 0 0 1 0
1468 65 14297 0 0 1 0
1469 66 14496 0 0 1 0
1470 65 14265 0 0 1 0
1471 66 14445 0 0 1 1
1472 66 14417 0 0 0 0
1473 66 14425 0 0 0 0
1474 65 14339 0 0 1 0
1475 65 14312 0 0 1 0
1476 66 14504 0 0 1 0
1477 66 14419 0 0 0 0
1478 65 14275 0 0 1 1
1479 66 14334 0 0 0 0
1480 68 14596 0 0 0 0
1481 68 14366 0 0 0 0
1482 68 14344 0 0 0 0
1483 68 14463 0 0 0 0
1484 68 14559 0 0 0 0
1485 66 14193 0 0 0 0
1486 67 14438 0 0 0 0
1487 67 14467 0 0 0 0
1488 66 14369 0 0 0 0
1489 65 14267 0 0 1 1
1490 66 14517 0 0 1 0
1491 65 14482 0 0 1 0
1492 63 14282 0 0 1 0
1493 62 14257 0 0 1 0
1494 63 14552 0 0 1 0
1495 62 14302 0 0 1 1
1496 62 14264 0 0 1 0
1497 63 14433 0 0 1 0
1498 62 14230 0 0 1 0
1499 63 14477 0 0 1 0
1500 63 14462 0 0 1 0
1501 63 14502 0 0 1 1
1502 62 14263 0 0 1 0
1503 62 14284 0 0 1 0
1504 63 14458 0 0 1 0
1505 63 14507 0 0 1 0
1506 62 14313 0 0 1 0
1507 62 14363 0 0 1 1
1508 62 14369 0 0 1 0
1509 62 14374 0 0 1 0
1510 63 14527 0 0 1 0
1511 62 14291 0 0 1 0
1512 62 14323 0 0 1 0
1513 62 14292 0 0 1 1
1514 62 14355 0 0 1 0
1515 62 14407 0 0 1 0
1516 61 14240 0 0 1 0
1517 61 14286 0 0 1 0
1518 62 14523 0 0 1 0
1519 61 14317 0 0 1 1
1520 62 14573 0 0 1 0
1521 62 14534 0 0 1 0
1522 61 14317 0 0 1 0
1523 62 14501 0 0 1 0
