block n60 sum_rr60 hold drowsy
0 3 282 1 0
1 9 1500 1 0
2 15 2663 1 0
3 22 3992 1 0
4 28 5109 1 0
5 35 6366 1 0
6 41 7606 1 0
7 47 8751 1 0
8 52 9817 1 0
9 58 11056 1 0
10 64 12304 1 0
11 70 13546 1 0
12 73 14418 1 0
13 74 14516 1 0
14 74 14510 1 0
15 73 14427 1 0
16 72 14381 1 0
17 71 14333 1 0
18 71 14354 1 0
19 71 14450 1 0
20 71 14421 1 0
21 71 14392 1 0
22 71 14419 1 0
23 71 14387 1 0
24 70 14321 1 0
25 70 14399 1 0
26 69 14281 1 0
27 69 14255 1 0
28 70 14373 1 0
29 71 14500 1 0
30 72 14460 1 0
31 72 14265 1 0
32 74 14484 1 0
33 74 14458 1 0
34 74 14379 1 0
35 75 14462 1 0
36 76 14603 0 0
37 75 14345 0 0
38 77 14545 0 0
39 77 14421 0 0
40 77 14417 0 0
41 76 14288 0 0
42 75 14316 0 0
43 75 14439 0 0
44 74 14450 0 0
45 74 14492 0 0
46 73 14385 0 0
47 72 14238 0 0
48 72 14238 0 0
49 73 14467 0 0
50 71 14238 0 0
51 71 14364 0 0
52 71 14390 0 0
53 71 14407 0 0
54 71 14376 0 0
55 72 14487 0 0
56 72 14425 0 0
57 72 14421 0 0
58 72 14381 0 0
59 73 14553 0 0
60 72 14426 0 0
61 71 14274 0 0
62 72 14590 0 0
63 71 14413 0 0
64 71 14510 0 0
65 71 14456 0 0
66 71 14461 0 0
67 70 14337 0 0
68 70 14425 0 0
69 69 14263 0 0
70 70 14518 0 0
71 69 14404 0 0
72 70 14477 0 0
73 70 14371 0 0
74 71 14396 0 0
75 72 14535 0 0
76 72 14445 0 0
77 71 14315 0 0
78 71 14339 0 0
79 71 14412 0 0
80 71 14273 0 0
81 72 14478 0 0
82 72 14383 0 0
83 71 14293 0 0
84 71 14323 0 0
85 71 14444 0 0
86 70 14294 0 0
87 70 14285 0 0
88 70 14260 0 0
89 72 14554 0 0
90 71 14325 0 0
91 72 14469 0 0
92 71 14355 0 0
93 72 14424 0 0
94 72 14423 0 0
95 73 14480 0 0
96 73 14423 0 0
97 74 14481 0 0
98 74 14332 0 0
99 75 14408 0 0
100 76 14539 0 0
101 75 14357 0 0
102 76 14483 0 0
103 75 14297 0 0
104 76 14424 0 0
105 76 14415 0 0
106 76 14391 0 0
107 76 14368 0 0
108 76 14424 0 0
109 75 14303 0 0
110 75 14423 0 0
111 74 14363 0 0
112 74 14328 0 0
113 75 14404 0 0
114 75 14348 0 0
115 76 14430 0 0
116 77 14448 0 0
117 77 14425 0 0
118 77 14379 0 0
119 77 14415 0 0
120 77 14401 0 0
121 77 14397 0 0
122 77 14392 0 0
123 77 14396 0 0
124 76 14357 0 0
125 74 14255 0 0
126 74 14384 0 0
127 74 14459 0 0
128 73 14375 0 0
129 72 14218 0 0
130 72 14367 0 0
131 72 14356 0 0
132 72 14427 0 0
133 72 14465 0 0
134 72 14505 0 0
135 72 14457 0 0
136 72 14413 0 0
137 73 14486 0 0
138 73 14467 0 0
139 72 14365 0 0
140 72 14517 0 0
141 71 14446 0 0
142 71 14413 0 0
143 70 14344 0 0
144 71 14453 0 0
145 70 14311 0 0
146 71 14456 0 0
147 71 14427 0 0
148 72 14415 0 0
149 73 14459 0 0
150 74 14491 0 0
151 74 14315 0 0
152 75 14382 0 0
153 76 14456 0 0
154 76 14357 0 0
155 77 14432 0 0
156 77 14411 0 0
157 78 14543 0 0
158 77 14342 0 0
159 77 14384 0 0
160 76 14375 0 0
161 75 14309 0 0
162 74 14342 0 0
163 74 14508 0 0
164 72 14232 0 0
165 72 14314 0 0
166 72 14379 0 0
167 72 14441 0 0
168 71 14336 0 0
169 71 14364 0 0
170 71 14430 0 0
171 71 14478 0 0
172 71 14469 0 0
173 71 14434 0 0
174 71 14315 0 0
175 72 14425 0 0
176 73 14540 0 0
177 73 14511 0 0
178 73 14503 0 0
179 73 14420 0 0
180 73 14378 0 0
181 73 14314 0 0
182 73 14361 0 0
183 72 14239 0 0
184 72 14300 0 0
185 72 14435 0 0
186 72 14511 0 0
187 71 14361 0 0
188 71 14376 0 0
189 71 14281 0 0
190 72 14408 0 0
191 73 14462 0 0
192 73 14427 0 0
193 73 14449 0 0
194 73 14433 0 0
195 74 14557 0 0
196 74 14526 0 0
197 74 14408 0 0
198 74 14390 0 0
199 74 14339 0 0
200 74 14353 0 0
201 74 14471 0 0
202 73 14301 0 0
203 73 14365 0 0
204 73 14344 0 0
205 73 14355 0 0
206 73 14313 0 0
207 73 14305 0 0
208 73 14363 0 0
209 73 14435 0 0
210 73 14343 0 0
211 73 14381 0 0
212 73 14377 0 0
213 73 14377 0 0
214 73 14378 0 0
215 73 14429 0 0
216 73 14448 0 0
217 74 14445 0 0
218 74 14361 0 0
219 75 14496 0 0
220 75 14443 0 0
221 75 14405 0 0
222 75 14483 0 0
223 75 14532 0 0
224 74 14375 0 0
225 74 14368 0 0
226 74 14386 0 0
227 74 14421 0 0
228 74 14338 0 0
229 73 14315 0 0
230 74 14552 0 0
231 73 14425 0 0
232 73 14393 0 0
233 73 14418 0 0
234 72 14256 0 0
235 72 14265 0 0
236 73 14421 0 0
237 74 14531 0 0
238 74 14444 0 0
239 74 14366 0 0
240 74 14362 0 0
241 76 14516 0 0
242 76 14362 0 0
243 77 14366 0 0
244 78 14365 0 0
245 78 14349 0 0
246 79 14518 0 0
247 79 14500 0 0
248 79 14537 0 0
249 78 14413 0 0
250 78 14520 0 0
251 76 14241 0 0
252 77 14565 0 0
253 75 14432 0 0
254 74 14407 0 0
255 73 14333 0 0
256 72 14355 0 0
257 72 14313 0 0
258 73 14442 0 0
259 72 14248 0 0
260 72 14232 0 0
261 72 14263 0 0
262 72 14263 0 0
263 73 14478 0 0
264 72 14293 0 0
265 72 14309 0 0
266 72 14319 0 0
267 72 14340 0 0
268 73 14328 0 0
269 75 14492 0 0
270 74 14315 0 0
271 75 14521 0 0
272 74 14411 0 0
273 74 14520 0 0
274 73 14340 0 0
275 73 14396 0 0
276 74 14499 0 0
277 74 14485 0 0
278 74 14382 0 0
279 74 14453 0 0
280 73 14452 0 0
281 71 14352 0 0
282 72 14465 0 0
283 72 14372 0 0
284 74 14487 0 0
285 75 14355 0 0
286 76 14508 0 0
287 76 14364 0 0
288 75 14273 0 0
289 76 14421 0 0
290 76 14393 0 0
291 76 14438 0 0
292 76 14511 0 0
293 75 14358 0 0
294 74 14374 0 0
295 73 14298 0 0
296 72 14373 0 0
297 71 14428 0 0
298 70 14298 0 0
299 70 14409 0 0
300 70 14402 0 0
301 70 14376 0 0
302 69 14358 0 0
303 69 14318 0 0
304 69 14344 0 0
305 70 14506 0 0
306 69 14284 0 0
307 70 14411 0 0
308 70 14318 0 0
309 70 14316 0 0
310 71 14495 0 0
311 71 14498 0 0
312 70 14314 0 0
313 69 14262 0 0
314 70 14425 0 0
315 70 14430 0 0
316 70 14312 0 0
317 70 14270 0 0
318 71 14428 0 0
319 71 14502 0 0
320 71 14407 0 0
321 72 14489 0 0
322 72 14360 0 0
323 73 14443 0 0
324 74 14617 0 0
325 74 14551 0 0
326 74 14514 0 0
327 74 14423 0 0
328 74 14412 0 0
329 74 14412 0 0
330 75 14454 0 0
331 75 14419 0 0
332 75 14487 0 0
333 74 14390 0 0
334 74 14470 0 0
335 73 14318 0 0
336 73 14236 0 0
337 74 14251 0 0
338 75 14381 0 0
339 75 14391 0 0
340 75 14484 0 0
341 74 14362 0 0
342 73 14365 0 0
343 73 14407 0 0
344 73 14454 0 0
345 73 14399 0 0
346 73 14415 0 0
347 73 14419 0 0
348 74 14503 0 0
349 74 14536 0 0
350 73 14419 0 0
351 73 14476 0 0
352 72 14258 0 0
353 73 14423 0 0
354 73 14366 0 0
355 74 14357 0 0
356 74 14260 0 0
357 75 14374 0 0
358 75 14456 0 0
359 75 14465 0 0
360 74 14344 0 0
361 74 14296 0 0
362 75 14417 0 0
363 76 14391 0 0
364 77 14441 0 0
365 77 14425 0 0
366 78 14522 0 0
367 77 14474 0 0
368 78 14576 0 0
369 77 14328 0 0
370 78 14371 0 0
371 78 14389 0 0
372 77 14417 0 0
373 76 14473 0 0
374 74 14259 0 0
375 73 14368 0 0
376 73 14487 0 0
377 72 14333 0 0
378 71 14309 0 0
379 71 14247 0 0
380 70 14220 0 0
381 71 14552 0 0
382 69 14258 0 0
383 69 14278 0 0
384 70 14381 0 0
385 70 14294 0 0
386 72 14408 0 0
387 73 14307 0 0
388 74 14447 0 0
389 75 14427 0 0
390 75 14373 0 0
391 75 14470 0 0
392 75 14445 0 0
393 74 14202 0 0
394 75 14451 0 0
395 75 14475 0 0
396 75 14515 0 0
397 74 14372 0 0
398 73 14444 0 0
399 72 14521 0 0
400 70 14243 0 0
401 70 14425 0 0
402 70 14487 0 0
403 70 14505 0 0
404 69 14440 0 0
405 69 14447 0 0
406 71 14482 0 0
407 72 14454 0 0
408 73 14347 0 0
409 75 14521 0 0
410 75 14438 0 0
411 75 14350 0 0
412 76 14528 0 0
413 76 14550 0 0
414 75 14304 0 0
415 75 14288 0 0
416 76 14408 0 0
417 76 14378 0 0
418 74 14266 0 0
419 73 14274 0 0
420 72 14389 0 0
421 70 14259 0 0
422 71 14472 0 0
423 71 14427 0 0
424 72 14437 0 0
425 72 14278 0 0
426 74 14553 0 0
427 74 14453 0 0
428 74 14381 0 0
429 74 14457 0 0
430 74 14434 0 0
431 74 14415 0 0
432 74 14410 0 0
433 74 14410 0 0
434 74 14373 0 0
435 75 14415 0 0
436 74 14287 0 0
437 75 14463 0 0
438 75 14297 0 0
439 75 14288 0 0
440 76 14408 0 0
441 76 14450 0 0
442 76 14441 0 0
443 77 14491 0 0
444 77 14350 0 0
445 79 14589 0 0
446 78 14304 0 0
447 77 14412 0 0
448 76 14348 0 0
449 75 14409 0 0
450 74 14516 0 0
451 73 14459 0 0
452 72 14469 0 0
453 71 14289 0 0
454 71 14369 0 0
455 70 14419 0 0
456 70 14483 0 0
457 68 14224 0 0
458 68 14376 0 1
459 68 14332 0 1
460 68 14381 0 1
461 69 14384 0 0
462 69 14248 0 0
463 71 14445 0 0
464 71 14294 0 0
465 72 14511 0 0
466 72 14498 0 0
467 71 14221 0 0
468 71 14257 0 0
469 72 14467 0 0
470 72 14446 0 0
471 72 14471 0 0
472 72 14400 0 0
473 71 14332 0 0
474 71 14379 0 0
475 71 14461 0 0
476 70 14370 0 0
477 70 14282 0 0
478 70 14346 0 0
479 71 14511 0 0
480 71 14473 0 0
481 71 14389 0 0
482 71 14384 0 0
483 72 14359 0 0
484 73 14494 0 0
485 73 14463 0 0
486 72 14402 0 0
487 71 14377 0 0
488 71 14438 0 0
489 70 14387 0 0
490 70 14367 0 0
491 70 14439 0 0
492 69 14292 0 0
493 69 14386 0 0
494 69 14387 0 0
495 67 14300 0 1
496 67 14327 0 1
497 67 14375 0 1
498 68 14530 0 1
499 67 14265 0 1
500 70 14507 0 0
501 72 14576 0 0
502 72 14464 0 0
503 72 14439 0 0
504 72 14463 0 0
505 72 14475 0 0
506 71 14343 0 0
507 72 14436 0 0
508 72 14490 0 0
509 71 14316 0 0
510 72 14445 0 0
511 73 14551 0 0
512 71 14399 0 0
513 70 14402 0 0
514 70 14374 0 0
515 70 14376 0 0
516 71 14399 0 0
517 71 14306 0 0
518 74 14598 0 0
519 74 14474 0 0
520 74 14370 0 0
521 76 14585 0 0
522 74 14213 0 0
523 75 14410 0 0
524 74 14262 0 0
525 74 14274 0 0
526 74 14360 0 0
527 74 14396 0 0
528 73 14359 0 0
529 73 14391 0 0
530 71 14231 0 0
531 72 14446 0 0
532 72 14475 0 0
533 71 14274 0 0
534 72 14437 0 0
535 71 14253 0 0
536 72 14447 0 0
537 72 14493 0 0
538 72 14441 0 0
539 72 14227 0 0
540 73 14475 0 0
541 73 14469 0 0
542 73 14552 0 0
543 71 14279 0 0
544 71 14311 0 0
545 71 14324 0 0
546 72 14471 0 0
547 73 14507 0 0
548 74 14447 0 0
549 75 14316 0 0
550 77 14389 0 0
551 79 14557 0 0
552 80 14510 0 0
553 80 14496 0 0
554 80 14397 0 0
555 81 14543 0 0
556 81 14398 0 0
557 81 14577 0 0
558 79 14403 0 0
559 77 14314 0 0
560 76 14406 0 0
561 74 14377 0 0
562 72 14492 0 0
563 69 14404 0 0
564 67 14259 0 1
565 67 14357 0 1
566 66 14255 0 1
567 66 14298 0 1
568 66 14476 0 1
569 65 14244 0 1
570 66 14467 0 1
571 66 14495 0 1
572 65 14370 0 1
573 65 14348 0 1
574 65 14266 0 1
575 66 14412 0 1
576 66 14385 0 1
577 66 14367 0 1
578 67 14519 0 1
579 67 14460 0 1
580 66 14275 0 1
581 67 14450 0 1
582 67 14333 0 1
583 68 14395 0 1
584 69 14476 0 1
585 70 14469 0 0
586 70 14441 0 0
587 70 14395 0 0
588 72 14526 0 0
589 72 14438 0 0
590 72 14332 0 0
591 72 14443 0 0
592 72 14393 0 0
593 72 14351 0 0
594 72 14363 0 0
595 72 14417 0 0
596 71 14271 0 0
597 71 14497 0 0
598 70 14306 0 0
599 71 14441 0 0
600 69 14343 0 0
601 69 14373 0 0
602 69 14514 0 1
603 69 14352 0 0
604 70 14561 0 0
605 70 14508 0 0
606 70 14478 0 0
607 70 14379 0 0
608 72 14545 0 0
609 71 14307 0 0
610 72 14474 0 0
611 70 14224 0 0
612 71 14436 0 0
613 71 14477 0 0
614 70 14246 0 0
615 70 14390 0 0
616 70 14412 0 0
617 69 14271 0 0
618 70 14431 0 0
619 70 14329 0 0
620 69 14315 0 0
621 70 14465 0 0
622 70 14462 0 0
623 71 14533 0 0
624 71 14400 0 0
625 71 14301 0 0
626 72 14434 0 0
627 72 14293 0 0
628 72 14238 0 0
629 73 14414 0 0
630 73 14315 0 0
631 73 14353 0 0
632 74 14431 0 0
633 74 14335 0 0
634 75 14388 0 0
635 75 14292 0 0
636 75 14307 0 0
637 75 14423 0 0
638 75 14475 0 0
639 75 14485 0 0
640 76 14562 0 0
641 77 14544 0 0
642 77 14405 0 0
643 78 14541 0 0
644 77 14329 0 0
645 78 14464 0 0
646 76 14272 0 0
647 76 14429 0 0
648 76 14532 0 0
649 75 14316 0 0
650 75 14308 0 0
651 75 14390 0 0
652 73 14237 0 0
653 72 14395 0 0
654 70 14374 0 0
655 68 14211 0 0
656 68 14438 0 1
657 67 14368 0 1
658 68 14556 0 1
659 68 14485 0 1
660 69 14392 0 0
661 71 14536 0 0
662 71 14403 0 0
663 71 14343 0 0
664 72 14478 0 0
665 72 14374 0 0
666 73 14461 0 0
667 74 14605 0 0
668 74 14396 0 0
669 74 14454 0 0
670 74 14266 0 0
671 75 14287 0 0
672 75 14260 0 0
673 75 14407 0 0
674 75 14511 0 0
675 74 14434 0 0
676 74 14498 0 0
677 73 14362 0 0
678 73 14383 0 0
679 72 14360 0 0
680 71 14298 0 0
681 71 14349 0 0
682 71 14543 0 0
683 70 14471 0 0
684 69 14543 0 1
685 68 14387 0 1
686 67 14214 0 1
687 68 14342 0 1
688 68 14254 0 1
689 69 14380 0 0
690 68 14251 0 1
691 69 14287 0 0
692 70 14489 0 0
693 70 14427 0 0
694 70 14380 0 0
695 69 14352 0 0
696 69 14391 0 0
697 68 14306 0 1
698 69 14537 0 1
699 70 14563 0 0
700 70 14533 0 0
701 70 14443 0 0
702 71 14573 0 0
703 71 14523 0 0
704 71 14447 0 0
705 71 14390 0 0
706 71 14349 0 0
707 73 14499 0 0
708 72 14219 0 0
709 73 14396 0 0
710 73 14445 0 0
711 72 14369 0 0
712 71 14214 0 0
713 72 14449 0 0
714 72 14409 0 0
715 72 14388 0 0
716 72 14345 0 0
717 72 14321 0 0
718 73 14468 0 0
719 71 14272 0 0
720 72 14566 0 0
721 72 14514 0 0
722 71 14286 0 0
723 71 14268 0 0
724 73 14589 0 0
725 72 14371 0 0
726 72 14292 0 0
727 72 14314 0 0
728 73 14515 0 0
729 72 14386 0 0
730 72 14319 0 0
731 73 14390 0 0
732 73 14304 0 0
733 73 14265 0 0
734 74 14445 0 0
735 73 14360 0 0
736 72 14266 0 0
737 72 14419 0 0
738 71 14360 0 0
739 71 14416 0 0
740 70 14364 0 0
741 70 14411 0 0
742 69 14473 0 1
743 68 14372 0 1
744 68 14470 0 1
745 67 14353 0 1
746 67 14333 0 1
747 68 14435 0 1
748 69 14450 0 0
749 70 14347 0 0
750 72 14578 0 0
751 73 14482 0 0
752 73 14303 0 0
753 75 14464 0 0
754 75 14317 0 0
755 76 14475 0 0
756 76 14396 0 0
757 76 14438 0 0
758 76 14421 0 0
759 76 14568 0 0
760 74 14317 0 0
761 73 14379 0 0
762 72 14330 0 0
763 71 14409 0 0
764 70 14428 0 0
765 69 14458 0 1
766 68 14356 0 1
767 68 14448 0 1
768 67 14297 0 1
769 68 14464 0 1
770 68 14482 0 1
771 68 14356 0 1
772 69 14555 0 1
773 68 14357 0 1
774 69 14446 0 0
775 69 14387 0 0
776 70 14354 0 0
777 71 14331 0 0
778 73 14564 0 0
779 73 14468 0 0
780 74 14532 0 0
781 74 14448 0 0
782 73 14302 0 0
783 73 14347 0 0
784 73 14348 0 0
785 73 14376 0 0
786 72 14344 0 0
787 72 14328 0 0
788 72 14411 0 0
789 72 14518 0 0
790 70 14225 0 0
791 70 14383 0 0
792 69 14359 0 0
793 68 14247 0 1
794 69 14385 0 0
795 70 14491 0 0
796 70 14476 0 0
797 71 14570 0 0
798 71 14376 0 0
799 71 14401 0 0
800 71 14425 0 0
801 70 14266 0 0
802 72 14482 0 0
803 73 14387 0 0
804 74 14428 0 0
805 75 14577 0 0
806 74 14406 0 0
807 73 14286 0 0
808 73 14284 0 0
809 74 14417 0 0
810 73 14315 0 0
811 73 14352 0 0
812 73 14434 0 0
813 73 14487 0 0
814 71 14303 0 0
815 71 14406 0 0
816 71 14394 0 0
817 71 14360 0 0
818 72 14520 0 0
819 73 14498 0 0
820 74 14493 0 0
821 73 14307 0 0
822 74 14454 0 0
823 74 14415 0 0
824 74 14363 0 0
825 74 14278 0 0
826 76 14574 0 0
827 75 14305 0 0
828 75 14289 0 0
829 76 14432 0 0
830 76 14386 0 0
831 75 14420 0 0
832 73 14247 0 0
833 73 14358 0 0
834 73 14442 0 0
835 73 14427 0 0
836 73 14452 0 0
837 73 14505 0 0
838 71 14226 0 0
839 71 14370 0 0
840 71 14538 0 0
841 70 14284 0 0
842 71 14320 0 0
843 72 14407 0 0
844 73 14577 0 0
845 72 14384 0 0
846 72 14408 0 0
847 72 14336 0 0
848 73 14439 0 0
849 73 14421 0 0
850 74 14561 0 0
851 74 14377 0 0
852 74 14282 0 0
853 75 14395 0 0
854 75 14418 0 0
855 74 14252 0 0
856 75 14322 0 0
857 76 14491 0 0
858 76 14455 0 0
859 76 14584 0 0
860 75 14406 0 0
861 75 14303 0 0
862 76 14364 0 0
863 77 14522 0 0
864 77 14388 0 0
865 77 14486 0 0
866 76 14357 0 0
867 76 14419 0 0
868 75 14352 0 0
869 75 14323 0 0
870 75 14325 0 0
871 75 14239 0 0
872 75 14302 0 0
873 75 14498 0 0
874 74 14457 0 0
875 73 14431 0 0
876 73 14489 0 0
877 72 14382 0 0
878 72 14490 0 0
879 73 14499 0 0
880 72 14331 0 0
881 72 14379 0 0
882 72 14402 0 0
883 72 14505 0 0
884 71 14344 0 0
885 71 14356 0 0
886 70 14199 0 0
887 70 14336 0 0
888 69 14340 0 0
889 69 14341 0 0
890 69 14426 0 0
891 68 14339 0 1
892 69 14507 0 1
893 69 14460 0 1
894 70 14500 0 0
895 70 14348 0 0
896 71 14381 0 0
897 71 14405 0 0
898 73 14606 0 0
899 72 14324 0 0
900 73 14408 0 0
901 73 14540 0 0
902 72 14292 0 0
903 72 14445 0 0
904 72 14431 0 0
905 72 14467 0 0
906 71 14349 0 0
907 71 14480 0 0
908 70 14390 0 0
909 70 14361 0 0
910 69 14341 0 0
911 70 14516 0 0
912 69 14331 0 0
913 70 14403 0 0
914 71 14529 0 0
915 71 14401 0 0
916 71 14395 0 0
917 71 14404 0 0
918 71 14412 0 0
919 70 14289 0 0
920 71 14532 0 0
921 71 14413 0 0
922 71 14420 0 0
923 72 14392 0 0
924 74 14521 0 0
925 73 14222 0 0
926 74 14339 0 0
927 74 14317 0 0
928 73 14251 0 0
929 73 14280 0 0
930 73 14338 0 0
931 74 14451 0 0
932 73 14413 0 0
933 72 14330 0 0
934 71 14237 0 0
935 69 14262 0 0
936 68 14452 0 1
937 67 14497 0 1
938 65 14402 0 1
939 64 14511 0 1
940 64 14579 0 1
941 62 14301 0 1
942 61 14320 0 1
943 60 14277 0 1
944 61 14467 0 1
945 61 14451 0 1
946 61 14397 0 1
947 63 14593 0 1
948 63 14371 0 1
949 64 14433 0 1
950 66 14398 0 1
951 67 14276 0 1
952 69 14334 0 0
953 71 14550 0 0
954 71 14386 0 0
955 72 14571 0 0
956 71 14299 0 0
957 71 14389 0 0
958 71 14522 0 0
959 69 14287 0 0
960 69 14406 0 0
961 69 14297 0 0
962 69 14474 0 1
963 69 14428 0 0
964 68 14311 0 1
965 68 14387 0 1
966 69 14430 0 0
967 68 14209 0 0
968 69 14388 0 0
969 69 14453 0 0
970 69 14388 0 0
971 69 14312 0 0
972 69 14424 0 0
973 69 14507 0 1
974 67 14177 0 1
975 67 14480 0 1
976 66 14488 0 1
977 65 14353 0 1
978 65 14563 0 1
979 65 14609 0 1
980 64 14409 0 1
981 65 14308 0 1
982 66 14347 0 1
983 67 14587 0 1
984 66 14258 0 1
985 65 14164 0 1
986 64 14196 0 1
987 64 14081 0 1
988 64 14076 0 1
989 64 14119 0 1
990 64 14119 0 1
991 64 14075 0 1
992 65 14268 0 1
993 65 14267 0 1
994 65 14238 0 1
995 65 14175 0 1
996 66 14258 0 1
997 66 14260 0 1
998 68 14495 0 1
999 68 14411 0 1
1000 69 14508 0 1
1001 71 14613 0 0
1002 70 14417 0 0
1003 70 14396 0 0
1004 70 14264 0 0
1005 70 14457 0 0
1006 69 14342 0 0
1007 69 14280 0 0
1008 70 14404 0 0
1009 71 14461 0 0
1010 72 14470 0 0
1011 72 14346 0 0
1012 72 14343 0 0
1013 71 14284 0 0
1014 72 14387 0 0
1015 72 14363 0 0
1016 72 14435 0 0
1017 72 14364 0 0
1018 73 14463 0 0
1019 73 14479 0 0
1020 72 14389 0 0
1021 72 14379 0 0
1022 72 14424 0 0
1023 72 14554 0 0
1024 71 14372 0 0
1025 71 14386 0 0
1026 70 14226 0 0
1027 72 14505 0 0
1028 72 14478 0 0
1029 72 14443 0 0
1030 71 14314 0 0
1031 71 14341 0 0
1032 70 14316 0 0
1033 70 14425 0 0
1034 68 14199 0 0
1035 68 14247 0 1
1036 69 14556 0 1
1037 68 14362 0 1
1038 70 14626 0 0
1039 69 14366 0 0
1040 70 14414 0 0
1041 70 14399 0 0
1042 70 14434 0 0
1043 69 14313 0 0
1044 70 14535 0 0
1045 69 14316 0 0
1046 69 14462 0 1
1047 69 14540 0 1
1048 68 14366 0 1
1049 69 14534 0 1
1050 68 14338 0 1
1051 68 14423 0 1
1052 68 14356 0 1
1053 69 14411 0 0
1054 70 14409 0 0
1055 71 14535 0 0
1056 71 14390 0 0
1057 72 14595 0 0
1058 72 14369 0 0
1059 72 14288 0 0
1060 73 14399 0 0
1061 72 14288 0 0
1062 71 14274 0 0
1063 71 14395 0 0
1064 69 14286 0 0
1065 68 14382 0 1
1066 67 14399 0 1
1067 67 14466 0 1
1068 66 14374 0 1
1069 65 14270 0 1
1070 65 14369 0 1
1071 65 14427 0 1
1072 65 14380 0 1
1073 65 14363 0 1
1074 66 14430 0 1
1075 66 14352 0 1
1076 67 14532 0 1
1077 67 14253 0 1
1078 69 14505 0 1
1079 68 14244 0 0
1080 70 14431 0 0
1081 71 14459 0 0
1082 72 14519 0 0
1083 72 14432 0 0
1084 72 14435 0 0
1085 72 14445 0 0
1086 73 14493 0 0
1087 74 14447 0 0
1088 74 14371 0 0
1089 75 14575 0 0
1090 73 14376 0 0
1091 73 14383 0 0
1092 72 14406 0 0
1093 71 14421 0 0
1094 70 14445 0 0
1095 69 14412 0 0
1096 68 14329 0 1
1097 68 14378 0 1
1098 67 14445 0 1
1099 65 14308 0 1
1100 65 14412 0 1
1101 63 14223 0 1
1102 64 14382 0 1
1103 64 14382 0 1
1104 65 14367 0 1
1105 67 14402 0 1
1106 69 14354 0 0
1107 71 14447 0 0
1108 72 14484 0 0
1109 72 14385 0 0
1110 72 14327 0 0
1111 73 14502 0 0
1112 72 14308 0 0
1113 73 14474 0 0
1114 73 14318 0 0
1115 75 14454 0 0
1116 74 14303 0 0
1117 74 14369 0 0
1118 73 14451 0 0
1119 71 14253 0 0
1120 71 14366 0 0
1121 71 14510 0 0
1122 70 14355 0 0
1123 69 14289 0 0
1124 70 14521 0 0
1125 69 14479 0 1
1126 68 14478 0 1
1127 66 14352 0 1
1128 66 14484 0 1
1129 64 14326 0 1
1130 64 14293 0 1
1131 65 14392 0 1
1132 66 14392 0 1
1133 67 14314 0 1
1134 69 14518 0 1
1135 70 14503 0 0
1136 69 14249 0 0
1137 69 14224 0 0
1138 70 14377 0 0
1139 70 14411 0 0
1140 70 14447 0 0
1141 70 14389 0 0
1142 70 14496 0 0
1143 71 14523 0 0
1144 71 14348 0 0
1145 73 14472 0 0
1146 74 14366 0 0
1147 75 14430 0 0
1148 75 14484 0 0
1149 76 14543 0 0
1150 75 14341 0 0
1151 76 14467 0 0
1152 76 14403 0 0
1153 76 14454 0 0
1154 75 14267 0 0
1155 74 14384 0 0
1156 72 14315 0 0
1157 70 14310 0 0
1158 68 14386 0 1
1159 67 14420 0 1
1160 67 14374 0 1
1161 67 14342 0 1
1162 68 14501 0 1
1163 68 14412 0 1
1164 67 14292 0 1
1165 67 14311 0 1
1166 68 14582 0 1
1167 67 14273 0 1
1168 68 14512 0 1
1169 68 14541 0 1
1170 68 14475 0 1
1171 67 14244 0 1
1172 68 14509 0 1
1173 67 14446 0 1
1174 66 14334 0 1
1175 65 14298 0 1
1176 66 14459 0 1
1177 66 14473 0 1
1178 66 14380 0 1
1179 66 14553 0 1
1180 65 14334 0 1
1181 65 14293 0 1
1182 65 14329 0 1
1183 66 14406 0 1
1184 67 14373 0 1
1185 68 14318 0 1
1186 70 14428 0 0
1187 71 14458 0 0
1188 71 14306 0 0
1189 72 14491 0 0
1190 72 14314 0 0
1191 73 14300 0 0
1192 74 14382 0 0
1193 74 14385 0 0
1194 74 14292 0 0
1195 74 14398 0 0
1196 73 14309 0 0
1197 73 14533 0 0
1198 71 14339 0 0
1199 71 14438 0 0
1200 71 14544 0 0
1201 70 14300 0 0
1202 70 14502 0 0
1203 69 14341 0 0
1204 69 14382 0 0
1205 70 14503 0 0
1206 70 14470 0 0
1207 70 14509 0 0
1208 69 14326 0 0
1209 69 14298 0 0
1210 70 14503 0 0
1211 69 14383 0 0
1212 68 14270 0 1
1213 69 14537 0 1
1214 68 14346 0 1
1215 68 14419 0 1
1216 69 14556 0 1
1217 68 14303 0 1
1218 68 14373 0 1
1219 69 14378 0 0
1220 70 14592 0 0
1221 69 14332 0 0
1222 68 14227 0 0
1223 69 14458 0 1
1224 69 14446 0 0
1225 69 14355 0 0
1226 69 14320 0 0
1227 70 14534 0 0
1228 68 14279 0 1
1229 67 14340 0 1
1230 67 14386 0 1
1231 65 14279 0 1
1232 65 14257 0 1
1233 66 14440 0 1
1234 67 14525 0 1
1235 67 14379 0 1
1236 69 14508 0 1
1237 69 14380 0 0
1238 69 14376 0 0
1239 69 14356 0 0
1240 69 14373 0 0
1241 70 14523 0 0
1242 69 14451 0 0
1243 70 14527 0 0
1244 69 14343 0 0
1245 69 14429 0 0
1246 69 14485 0 1
1247 68 14351 0 1
1248 67 14343 0 1
1249 66 14357 0 1
1250 67 14542 0 1
1251 66 14398 0 1
1252 66 14403 0 1
1253 66 14447 0 1
1254 66 14324 0 1
1255 66 14418 0 1
1256 66 14441 0 1
1257 66 14403 0 1
1258 66 14404 0 1
1259 66 14366 0 1
1260 66 14315 0 1
1261 67 14399 0 1
1262 67 14263 0 1
1263 69 14500 0 1
1264 70 14463 0 0
1265 71 14427 0 0
1266 72 14450 0 0
1267 73 14379 0 0
1268 74 14422 0 0
1269 74 14392 0 0
1270 74 14375 0 0
1271 74 14491 0 0
1272 73 14361 0 0
1273 73 14374 0 0
1274 73 14460 0 0
1275 72 14258 0 0
1276 72 14438 0 0
1277 71 14270 0 0
1278 71 14338 0 0
1279 71 14356 0 0
1280 71 14412 0 0
1281 71 14478 0 0
1282 70 14263 0 0
1283 71 14424 0 0
1284 71 14472 0 0
1285 71 14474 0 0
1286 71 14484 0 0
1287 71 14488 0 0
1288 70 14317 0 0
1289 70 14437 0 0
1290 70 14565 0 0
1291 68 14506 0 1
1292 67 14396 0 1
1293 67 14361 0 1
1294 67 14368 0 1
1295 67 14356 0 1
1296 68 14515 0 1
1297 67 14384 0 1
1298 66 14301 0 1
1299 66 14347 0 1
1300 67 14490 0 1
1301 67 14466 0 1
1302 66 14255 0 1
1303 67 14375 0 1
1304 68 14547 0 1
1305 67 14379 0 1
1306 68 14559 0 1
1307 67 14358 0 1
1308 67 14345 0 1
1309 68 14447 0 1
1310 69 14436 0 0
1311 69 14429 0 0
1312 68 14295 0 1
1313 68 14346 0 1
1314 69 14561 0 1
1315 68 14306 0 1
1316 68 14350 0 1
1317 68 14370 0 1
1318 67 14253 0 1
1319 68 14337 0 1
1320 68 14374 0 1
1321 69 14369 0 0
1322 70 14399 0 0
1323 71 14388 0 0
1324 72 14403 0 0
1325 72 14289 0 0
1326 72 14263 0 0
1327 74 14425 0 0
1328 75 14429 0 0
1329 76 14519 0 0
1330 76 14487 0 0
1331 76 14587 0 0
1332 75 14394 0 0
1333 74 14332 0 0
1334 72 14372 0 0
1335 71 14449 0 0
1336 70 14434 0 0
1337 70 14448 0 0
1338 70 14480 0 0
1339 68 14359 0 1
1340 66 14221 0 1
1341 66 14320 0 1
1342 66 14389 0 1
1343 66 14393 0 1
1344 66 14486 0 1
1345 66 14485 0 1
1346 67 14475 0 1
1347 67 14338 0 1
1348 69 14526 0 1
1349 70 14508 0 0
1350 69 14275 0 0
1351 70 14512 0 0
1352 70 14519 0 0
1353 70 14421 0 0
1354 71 14459 0 0
1355 70 14284 0 0
1356 70 14225 0 0
1357 69 14271 0 0
1358 69 14325 0 0
1359 69 14445 0 0
1360 68 14373 0 1
1361 67 14383 0 1
1362 67 14426 0 1
1363 67 14349 0 1
1364 68 14397 0 1
1365 68 14340 0 1
1366 68 14406 0 1
1367 69 14530 0 1
1368 69 14541 0 1
1369 69 14459 0 1
1370 68 14367 0 1
1371 68 14340 0 1
1372 68 14270 0 1
1373 68 14442 0 1
1374 68 14522 0 1
1375 67 14443 0 1
1376 66 14419 0 1
1377 65 14405 0 1
1378 65 14304 0 1
1379 65 14342 0 1
1380 66 14327 0 1
1381 67 14353 0 1
1382 69 14457 0 1
1383 69 14453 0 0
1384 68 14447 0 1
1385 67 14290 0 1
1386 67 14283 0 1
1387 67 14274 0 1
1388 68 14322 0 1
1389 69 14529 0 1
1390 68 14381 0 1
1391 68 14424 0 1
1392 67 14374 0 1
1393 67 14478 0 1
1394 65 14402 0 1
1395 65 14410 0 1
1396 66 14407 0 1
1397 67 14529 0 1
1398 67 14407 0 1
1399 68 14531 0 1
1400 67 14451 0 1
1401 66 14341 0 1
1402 66 14400 0 1
1403 65 14285 0 1
1404 65 14346 0 1
1405 64 14302 0 1
1406 65 14470 0 1
1407 63 14217 0 1
1408 63 14423 0 1
1409 62 14223 0 1
1410 63 14501 0 1
1411 63 14451 0 1
1412 64 14493 0 1
1413 65 14313 0 1
1414 67 14439 0 1
1415 68 14345 0 1
1416 69 14481 0 1
1417 69 14378 0 0
1418 69 14359 0 0
1419 70 14467 0 0
1420 70 14445 0 0
1421 70 14399 0 0
1422 70 14399 0 0
1423 69 14318 0 0
1424 68 14275 0 1
1425 67 14372 0 1
1426 66 14518 0 1
1427 65 14520 0 1
1428 64 14314 0 1
1429 65 14477 0 1
1430 65 14367 0 1
1431 67 14507 0 1
1432 68 14425 0 1
1433 69 14492 0 1
1434 69 14411 0 0
1435 69 14280 0 0
1436 70 14430 0 0
1437 70 14374 0 0
1438 70 14270 0 0
1439 72 14452 0 0
1440 73 14522 0 0
1441 73 14367 0 0
1442 73 14373 0 0
1443 72 14339 0 0
1444 71 14301 0 0
1445 71 14429 0 0
1446 70 14275 0 0
1447 71 14471 0 0
1448 70 14307 0 0
1449 71 14473 0 0
1450 71 14526 0 0
1451 69 14368 0 0
1452 68 14355 0 1
1453 68 14569 0 1
1454 67 14395 0 1
1455 67 14459 0 1
1456 67 14488 0 1
1457 67 14302 0 1
1458 69 14539 0 1
1459 69 14494 0 1
1460 70 14538 0 0
1461 70 14428 0 0
1462 70 14326 0 0
1463 71 14347 0 0
1464 72 14354 0 0
1465 72 14257 0 0
1466 73 14520 0 0
1467 72 14440 0 0
1468 70 14194 0 0
1469 70 14538 0 0
1470 67 14196 0 1
1471 66 14203 0 1
1472 66 14448 0 1
1473 65 14453 0 1
1474 64 14397 0 1
1475 63 14376 0 1
1476 63 14553 0 1
1477 62 14474 0 1
1478 61 14295 0 1
1479 61 14191 0 1
1480 63 14602 0 1
1481 62 14304 0 1
1482 64 14598 0 1
1483 64 14537 0 1
1484 63 14211 0 1
1485 64 14362 0 1
1486 64 14289 0 1
1487 65 14531 0 1
1488 64 14304 0 1
1489 64 14416 0 1
1490 64 14389 0 1
1491 64 14465 0 1
1492 63 14270 0 1
1493 64 14412 0 1
1494 63 14208 0 1
1495 64 14435 0 1
1496 64 14451 0 1
1497 64 14466 0 1
1498 64 14548 0 1
1499 63 14231 0 1
