block n60 sum_rr60 hold drowsy
0 3 706 1 0
1 8 1842 1 0
2 13 2975 1 0
3 18 4236 1 0
4 23 5418 1 0
5 28 6646 1 0
6 33 7864 1 0
7 38 9091 1 0
8 43 10308 1 0
9 48 11527 1 0
10 53 12685 1 0
11 58 13830 1 0
12 60 14266 1 0
13 61 14501 1 0
14 61 14523 1 0
15 62 14541 1 0
16 61 14334 1 0
17 61 14338 1 0
18 61 14352 1 0
19 61 14388 1 0
20 61 14393 1 0
21 61 14407 1 0
22 61 14489 1 0
23 61 14514 1 0
24 61 14553 1 0
25 60 14360 1 0
26 60 14375 1 0
27 59 14317 1 0
28 60 14552 1 0
29 60 14514 1 0
30 60 14455 1 0
31 60 14414 1 0
32 60 14437 1 0
33 60 14384 1 0
34 60 14255 1 0
35 60 14233 1 0
36 60 14369 0 0
37 59 14283 0 0
38 59 14460 0 0
39 58 14265 0 0
40 59 14475 0 0
41 58 14276 0 0
42 58 14317 0 0
43 58 14356 0 0
44 58 14331 0 0
45 58 14366 0 0
46 58 14468 0 0
47 58 14469 0 0
48 58 14370 0 0
49 59 14505 0 0
50 59 14342 0 0
51 60 14554 0 0
52 59 14368 0 0
53 59 14383 0 0
54 59 14418 0 0
55 59 14385 0 0
56 59 14376 0 0
57 59 14338 0 0
58 59 14302 0 0
59 59 14345 0 0
60 59 14298 0 0
61 60 14353 0 0
62 60 14361 0 0
63 60 14383 0 0
64 59 14205 0 0
65 60 14489 0 0
66 60 14561 0 0
67 59 14356 0 0
68 59 14398 0 0
69 59 14518 0 0
70 59 14490 0 0
71 59 14531 0 0
72 59 14591 0 0
73 57 14308 0 0
74 58 14539 0 0
75 58 14404 0 0
76 59 14514 0 0
77 59 14440 0 0
78 59 14262 0 0
79 60 14444 0 0
80 60 14403 0 0
81 60 14333 0 0
82 60 14345 0 0
83 61 14453 0 0
84 60 14227 0 0
85 61 14521 0 0
86 59 14185 0 0
87 59 14392 0 0
88 58 14276 0 0
89 58 14358 0 0
90 58 14477 0 0
91 57 14322 0 0
92 57 14400 0 0
93 57 14422 0 0
94 57 14472 0 1
95 56 14368 0 1
96 57 14556 0 1
97 57 14408 0 0
98 58 14547 0 0
99 57 14241 0 0
100 58 14503 0 0
101 58 14428 0 0
102 58 14442 0 0
103 58 14403 0 0
104 58 14386 0 0
105 58 14383 0 0
106 58 14396 0 0
107 57 14211 0 0
108 57 14309 0 0
109 57 14439 0 0
110 57 14440 0 0
111 57 14426 0 0
112 57 14348 0 0
113 57 14406 0 0
114 56 14183 0 0
115 57 14476 0 1
116 57 14503 0 1
117 56 14271 0 1
118 56 14331 0 1
119 57 14459 0 0
120 57 14443 0 0
121 57 14430 0 0
122 56 14225 0 1
123 57 14253 0 0
124 56 14145 0 0
125 56 14108 0 0
126 57 14228 0 0
127 57 14207 0 0
128 57 14151 0 0
129 57 14129 0 0
130 57 14033 0 0
131 58 14276 0 0
132 58 14172 0 0
133 58 14038 0 0
134 59 14192 0 0
135 59 14317 0 0
136 60 14399 0 0
137 61 14375 0 0
138 60 14050 0 0
139 60 14147 0 0
140 59 14002 0 0
141 59 14083 0 0
142 59 14229 0 0
143 58 14109 0 0
144 58 14142 0 0
145 57 14018 0 0
146 57 14094 0 0
147 57 14160 0 0
148 57 14149 0 0
149 56 14187 0 0
150 56 14375 0 1
151 56 14230 0 1
152 57 14326 0 0
153 59 14556 0 0
154 59 14322 0 0
155 60 14408 0 0
156 60 14347 0 0
157 61 14448 0 0
158 62 14483 0 0
159 62 14447 0 0
160 62 14469 0 0
161 62 14439 0 0
162 62 14425 0 0
163 62 14446 0 0
164 62 14449 0 0
165 62 14472 0 0
166 62 14568 0 0
167 60 14178 0 0
168 60 14310 0 0
169 61 14447 0 0
170 60 14433 0 0
171 59 14380 0 0
172 59 14461 0 0
173 58 14241 0 0
174 59 14503 0 0
175 59 14461 0 0
176 59 14344 0 0
177 59 14271 0 0
178 60 14255 0 0
179 62 14544 0 0
180 62 14391 0 0
181 61 14299 0 0
182 62 14360 0 0
183 63 14351 0 0
184 64 14393 0 0
185 65 14502 0 0
186 65 14292 0 0
187 66 14465 0 0
188 66 14568 0 0
189 65 14370 0 0
190 64 14337 0 0
191 64 14456 0 0
192 63 14329 0 0
193 63 14463 0 0
194 62 14428 0 0
195 61 14315 0 0
196 60 14233 0 0
197 61 14459 0 0
198 60 14360 0 0
199 59 14248 0 0
200 59 14328 0 0
201 59 14525 0 0
202 59 14635 0 0
203 57 14233 0 0
204 58 14492 0 0
205 58 14505 0 0
206 57 14218 0 0
207 58 14469 0 0
208 58 14401 0 0
209 57 14286 0 0
210 58 14534 0 0
211 58 14465 0 0
212 58 14453 0 0
213 58 14403 0 0
214 58 14303 0 0
215 59 14499 0 0
216 58 14341 0 0
217 58 14404 0 0
218 58 14453 0 0
219 58 14443 0 0
220 58 14484 0 0
221 58 14494 0 0
222 58 14488 0 0
223 57 14302 0 0
224 57 14296 0 0
225 57 14262 0 0
226 57 14312 0 0
227 58 14371 0 0
228 60 14459 0 0
229 61 14389 0 0
230 62 14575 0 0
231 61 14390 0 0
232 61 14458 0 0
233 60 14219 0 0
234 60 14266 0 0
235 61 14546 0 0
236 61 14545 0 0
237 61 14578 0 0
238 61 14576 0 0
239 59 14322 0 0
240 58 14404 0 0
241 57 14421 0 0
242 56 14204 0 0
243 57 14360 0 0
244 57 14291 0 0
245 58 14582 0 0
246 57 14365 0 0
247 57 14299 0 0
248 57 14342 0 0
249 57 14393 0 0
250 57 14406 0 0
251 57 14406 0 0
252 57 14413 0 0
253 57 14353 0 0
254 58 14602 0 0
255 57 14390 0 0
256 57 14403 0 0
257 57 14357 0 0
258 58 14543 0 0
259 58 14544 0 0
260 57 14328 0 0
261 57 14416 0 0
262 56 14231 0 1
263 57 14439 0 0
264 57 14408 0 0
265 57 14433 0 0
266 56 14200 0 0
267 58 14550 0 0
268 57 14329 0 0
269 57 14434 0 0
270 56 14293 0 1
271 56 14299 0 1
272 57 14504 0 1
273 57 14412 0 0
274 58 14575 0 0
275 58 14545 0 0
276 58 14471 0 0
277 57 14198 0 0
278 58 14400 0 0
279 57 14274 0 0
280 58 14531 0 0
281 58 14438 0 0
282 58 14364 0 0
283 58 14361 0 0
284 58 14374 0 0
285 58 14390 0 0
286 58 14353 0 0
287 57 14204 0 0
288 57 14305 0 0
289 58 14516 0 0
290 59 14583 0 0
291 58 14351 0 0
292 58 14393 0 0
293 57 14245 0 0
294 57 14338 0 0
295 57 14473 0 1
296 56 14240 0 1
297 56 14271 0 1
298 56 14384 0 1
299 57 14610 0 1
300 56 14370 0 1
301 56 14436 0 1
302 55 14417 0 1
303 55 14477 0 1
304 55 14465 0 1
305 55 14366 0 1
306 56 14487 0 1
307 56 14374 0 1
308 57 14568 0 1
309 56 14284 0 1
310 56 14276 0 1
311 56 14304 0 1
312 57 14472 0 1
313 57 14357 0 0
314 57 14305 0 0
315 58 14487 0 0
316 57 14255 0 0
317 58 14566 0 0
318 57 14394 0 0
319 57 14407 0 0
320 57 14467 0 0
321 57 14445 0 0
322 57 14398 0 0
323 58 14486 0 0
324 58 14454 0 0
325 57 14306 0 0
326 57 14361 0 0
327 57 14401 0 0
328 57 14365 0 0
329 57 14374 0 0
330 57 14370 0 0
331 57 14374 0 0
332 57 14303 0 0
333 58 14582 0 0
334 58 14541 0 0
335 57 14384 0 0
336 56 14244 0 1
337 57 14565 0 1
338 56 14312 0 1
339 56 14274 0 1
340 57 14527 0 1
341 57 14430 0 0
342 59 14559 0 0
343 58 14279 0 0
344 57 14068 0 0
345 57 14102 0 0
346 56 13983 0 0
347 56 14070 0 0
348 57 14295 0 0
349 56 13979 0 0
350 57 14188 0 0
351 57 14167 0 0
352 57 14046 0 0
353 57 14124 0 0
354 56 14174 0 0
355 57 14413 0 0
356 57 14375 0 0
357 57 14309 0 0
358 58 14494 0 0
359 58 14342 0 0
360 59 14435 0 0
361 60 14570 0 0
362 60 14539 0 0
363 61 14518 0 0
364 61 14472 0 0
365 60 14286 0 0
366 59 14195 0 0
367 59 14383 0 0
368 59 14527 0 0
369 58 14403 0 0
370 58 14500 0 0
371 57 14346 0 0
372 56 14241 0 1
373 56 14307 0 1
374 56 14255 0 1
375 56 14411 0 1
376 56 14428 0 1
377 58 14501 0 0
378 60 14553 0 0
379 60 14310 0 0
380 61 14363 0 0
381 62 14499 0 0
382 62 14431 0 0
383 62 14446 0 0
384 62 14507 0 0
385 62 14510 0 0
386 62 14568 0 0
387 60 14187 0 0
388 60 14277 0 0
389 60 14402 0 0
390 59 14327 0 0
391 59 14414 0 0
392 59 14493 0 0
393 58 14283 0 0
394 58 14395 0 0
395 59 14468 0 0
396 59 14287 0 0
397 59 14277 0 0
398 59 14232 0 0
399 61 14620 0 0
400 61 14514 0 0
401 60 14304 0 0
402 60 14401 0 0
403 61 14313 0 0
404 61 14327 0 0
405 61 14353 0 0
406 61 14323 0 0
407 60 14283 0 0
408 60 14448 0 0
409 60 14577 0 0
410 59 14447 0 0
411 58 14297 0 0
412 58 14396 0 0
413 58 14544 0 0
414 58 14507 0 0
415 57 14476 0 1
416 57 14364 0 0
417 58 14469 0 0
418 59 14361 0 0
419 59 14156 0 0
420 60 14282 0 0
421 59 14040 0 0
422 60 14274 0 0
423 59 14066 0 0
424 59 14037 0 0
425 60 14074 0 0
426 60 14007 0 0
427 61 14207 0 0
428 61 14185 0 0
429 60 14047 0 0
430 60 14122 0 0
431 61 14320 0 0
432 59 13936 0 0
433 61 14200 0 0
434 61 14088 0 0
435 61 14071 0 0
436 61 14153 0 0
437 60 14112 0 0
438 60 14212 0 0
439 59 14038 0 0
440 59 14057 0 0
441 60 14190 0 0
442 59 14035 0 0
443 60 14368 0 0
444 61 14582 0 0
445 60 14272 0 0
446 61 14325 0 0
447 63 14635 0 0
448 63 14496 0 0
449 63 14472 0 0
450 62 14276 0 0
451 62 14347 0 0
452 62 14354 0 0
453 63 14345 0 0
454 62 14201 0 0
455 61 14047 0 0
456 61 13954 0 0
457 61 14195 0 0
458 60 14226 0 0
459 59 14119 0 0
460 59 14147 0 0
461 60 14145 0 0
462 61 14232 0 0
463 61 14154 0 0
464 61 14159 0 0
465 61 14395 0 0
466 61 14369 0 0
467 61 14432 0 0
468 61 14548 0 0
469 61 14492 0 0
470 60 14247 0 0
471 60 14292 0 0
472 60 14344 0 0
473 60 14433 0 0
474 59 14352 0 0
475 59 14476 0 0
476 58 14352 0 0
477 57 14268 0 0
478 57 14327 0 0
479 57 14420 0 0
480 57 14434 0 0
481 56 14241 0 1
482 57 14468 0 0
483 57 14372 0 0
484 58 14472 0 0
485 57 14247 0 0
486 58 14419 0 0
487 58 14369 0 0
488 59 14517 0 0
489 59 14426 0 0
490 60 14612 0 0
491 60 14475 0 0
492 59 14205 0 0
493 60 14413 0 0
494 60 14385 0 0
495 60 14420 0 0
496 59 14288 0 0
497 59 14364 0 0
498 60 14537 0 0
499 60 14506 0 0
500 59 14353 0 0
501 59 14394 0 0
502 59 14462 0 0
503 58 14238 0 0
504 59 14469 0 0
505 59 14389 0 0
506 59 14343 0 0
507 60 14545 0 0
508 60 14395 0 0
509 60 14421 0 0
510 59 14335 0 0
511 59 14391 0 0
512 59 14335 0 0
513 59 14288 0 0
514 61 14367 0 0
515 62 14408 0 0
516 62 14337 0 0
517 62 14376 0 0
518 62 14500 0 0
519 61 14343 0 0
520 61 14473 0 0
521 62 14574 0 0
522 62 14417 0 0
523 62 14258 0 0
524 63 14434 0 0
525 64 14578 0 0
526 62 14292 0 0
527 63 14554 0 0
528 63 14419 0 0
529 64 14573 0 0
530 65 14506 0 0
531 65 14284 0 0
532 66 14322 0 0
533 66 14243 0 0
534 67 14331 0 0
535 68 14543 0 0
536 68 14462 0 0
537 68 14395 0 0
538 68 14432 0 0
539 67 14245 0 0
540 68 14558 0 0
541 67 14307 0 0
542 67 14276 0 0
543 67 14465 0 0
544 66 14570 0 0
545 64 14362 0 0
546 63 14461 0 0
547 62 14390 0 0
548 61 14286 0 0
549 60 14270 0 0
550 60 14438 0 0
551 59 14354 0 0
552 58 14278 0 0
553 58 14328 0 0
554 57 14382 0 0
555 57 14418 0 0
556 57 14240 0 0
557 59 14415 0 0
558 58 14130 0 0
559 57 14009 0 0
560 58 14371 0 0
561 57 14150 0 0
562 57 14208 0 0
563 57 14216 0 0
564 57 14126 0 0
565 57 14145 0 0
566 57 14094 0 0
567 59 14253 0 0
568 59 14318 0 0
569 58 14311 0 0
570 59 14421 0 0
571 61 14558 0 0
572 61 14261 0 0
573 63 14471 0 0
574 64 14299 0 0
575 65 14347 0 0
576 66 14564 0 0
577 66 14546 0 0
578 66 14419 0 0
579 65 14324 0 0
580 66 14387 0 0
581 66 14321 0 0
582 67 14481 0 0
583 67 14389 0 0
584 67 14390 0 0
585 66 14340 0 0
586 65 14398 0 0
587 65 14481 0 0
588 64 14313 0 0
589 64 14344 0 0
590 64 14423 0 0
591 63 14283 0 0
592 62 14249 0 0
593 62 14402 0 0
594 61 14341 0 0
595 60 14372 0 0
596 59 14368 0 0
597 60 14542 0 0
598 60 14484 0 0
599 59 14320 0 0
600 60 14483 0 0
601 61 14445 0 0
602 60 14186 0 0
603 60 14162 0 0
604 60 14110 0 0
605 60 14076 0 0
606 60 13998 0 0
607 60 14012 0 0
608 61 14196 0 0
609 60 13967 0 0
610 61 14185 0 0
611 62 14344 0 0
612 61 14177 0 0
613 59 14028 0 0
614 60 14318 0 0
615 61 14546 0 0
616 62 14588 0 0
617 62 14454 0 0
618 63 14630 0 0
619 63 14507 0 0
620 63 14420 0 0
621 63 14423 0 0
622 62 14214 0 0
623 63 14326 0 0
624 64 14309 0 0
625 66 14597 0 0
626 66 14545 0 0
627 65 14286 0 0
628 65 14360 0 0
629 65 14341 0 0
630 65 14338 0 0
631 65 14400 0 0
632 65 14360 0 0
633 66 14489 0 0
634 67 14553 0 0
635 67 14372 0 0
636 67 14350 0 0
637 67 14299 0 0
638 67 14248 0 0
639 68 14533 0 0
640 67 14359 0 0
641 67 14410 0 0
642 67 14418 0 0
643 67 14388 0 0
644 67 14431 0 0
645 67 14496 0 0
646 66 14362 0 0
647 65 14380 0 0
648 64 14332 0 0
649 63 14287 0 0
650 63 14409 0 0
651 63 14419 0 0
652 63 14453 0 0
653 63 14431 0 0
654 62 14247 0 0
655 63 14479 0 0
656 63 14438 0 0
657 62 14214 0 0
658 63 14460 0 0
659 63 14494 0 0
660 63 14530 0 0
661 63 14466 0 0
662 63 14397 0 0
663 62 14204 0 0
664 62 14249 0 0
665 63 14482 0 0
666 63 14486 0 0
667 62 14376 0 0
668 62 14501 0 0
669 62 14587 0 0
670 61 14416 0 0
671 61 14355 0 0
672 61 14411 0 0
673 60 14307 0 0
674 60 14451 0 0
675 60 14464 0 0
676 60 14525 0 0
677 59 14346 0 0
678 60 14512 0 0
679 60 14464 0 0
680 59 14217 0 0
681 59 14203 0 0
682 59 14284 0 0
683 59 14397 0 0
684 59 14447 0 0
685 60 14560 0 0
686 60 14396 0 0
687 60 14341 0 0
688 61 14484 0 0
689 60 14309 0 0
690 60 14403 0 0
691 60 14360 0 0
692 61 14547 0 0
693 61 14546 0 0
694 61 14456 0 0
695 61 14404 0 0
696 61 14318 0 0
697 61 14391 0 0
698 61 14440 0 0
699 61 14400 0 0
700 61 14328 0 0
701 62 14455 0 0
702 62 14347 0 0
703 62 14316 0 0
704 62 14257 0 0
705 63 14472 0 0
706 63 14436 0 0
707 63 14331 0 0
708 63 14396 0 0
709 63 14440 0 0
710 62 14310 0 0
711 62 14413 0 0
712 61 14379 0 0
713 61 14562 0 0
714 59 14292 0 0
715 59 14392 0 0
716 59 14507 0 0
717 58 14358 0 0
718 58 14368 0 0
719 58 14492 0 0
720 58 14495 0 0
721 58 14458 0 0
722 58 14431 0 0
723 58 14458 0 0
724 58 14420 0 0
725 58 14364 0 0
726 58 14365 0 0
727 58 14374 0 0
728 58 14393 0 0
729 58 14411 0 0
730 57 14306 0 0
731 57 14457 0 0
732 56 14215 0 0
733 56 14219 0 1
734 58 14512 0 0
735 58 14448 0 0
736 58 14377 0 0
737 58 14287 0 0
738 59 14413 0 0
739 59 14457 0 0
740 59 14490 0 0
741 58 14200 0 0
742 59 14421 0 0
743 59 14345 0 0
744 60 14611 0 0
745 59 14386 0 0
746 58 14334 0 0
747 58 14428 0 0
748 58 14464 0 0
749 57 14327 0 0
750 57 14435 0 0
751 57 14330 0 0
752 57 14256 0 0
753 58 14441 0 0
754 58 14361 0 0
755 58 14320 0 0
756 58 14265 0 0
757 59 14406 0 0
758 59 14387 0 0
759 59 14386 0 0
760 58 14187 0 0
761 60 14593 0 0
762 59 14340 0 0
763 59 14508 0 0
764 58 14311 0 0
765 58 14486 0 0
766 58 14547 0 0
767 57 14406 0 0
768 56 14273 0 1
769 56 14454 0 1
770 56 14544 0 1
771 55 14355 0 1
772 56 14650 0 1
773 54 14245 0 1
774 55 14493 0 1
775 55 14377 0 1
776 56 14643 0 1
777 55 14300 0 1
778 56 14306 0 1
779 57 14408 0 0
780 58 14509 0 0
781 58 14409 0 0
782 58 14286 0 0
783 59 14358 0 0
784 59 14265 0 0
785 60 14550 0 0
786 60 14493 0 0
787 60 14479 0 0
788 60 14229 0 0
789 62 14467 0 0
790 61 14331 0 0
791 61 14392 0 0
792 61 14385 0 0
793 61 14402 0 0
794 61 14535 0 0
795 61 14561 0 0
796 60 14307 0 0
797 60 14266 0 0
798 60 14289 0 0
799 60 14245 0 0
800 60 14546 0 0
801 58 14310 0 0
802 58 14476 0 0
803 58 14465 0 0
804 58 14522 0 0
805 57 14291 0 0
806 57 14247 0 0
807 57 14217 0 0
808 58 14427 0 0
809 58 14379 0 0
810 59 14529 0 0
811 59 14542 0 0
812 58 14219 0 0
813 59 14440 0 0
814 59 14333 0 0
815 59 14359 0 0
816 59 14318 0 0
817 60 14535 0 0
818 60 14498 0 0
819 60 14563 0 0
820 60 14536 0 0
821 61 14592 0 0
822 60 14397 0 0
823 59 14232 0 0
824 61 14499 0 0
825 61 14554 0 0
826 60 14400 0 0
827 60 14394 0 0
828 60 14425 0 0
829 60 14433 0 0
830 59 14255 0 0
831 59 14266 0 0
832 59 14360 0 0
833 58 14348 0 0
834 57 14154 0 0
835 58 14447 0 0
836 57 14472 0 1
837 57 14410 0 0
838 58 14567 0 0
839 57 14320 0 0
840 58 14488 0 0
841 58 14404 0 0
842 59 14515 0 0
843 59 14463 0 0
844 59 14331 0 0
845 59 14312 0 0
846 60 14626 0 0
847 59 14329 0 0
848 59 14338 0 0
849 59 14366 0 0
850 58 14212 0 0
851 59 14458 0 0
852 58 14307 0 0
853 58 14448 0 0
854 57 14327 0 0
855 57 14458 0 0
856 56 14420 0 1
857 56 14508 0 1
858 56 14423 0 1
859 56 14436 0 1
860 56 14370 0 1
861 56 14374 0 1
862 56 14365 0 1
863 56 14400 0 1
864 56 14421 0 1
865 56 14390 0 1
866 56 14340 0 1
867 56 14245 0 1
868 57 14344 0 0
869 57 14278 0 0
870 57 14278 0 0
871 58 14465 0 0
872 58 14481 0 0
873 58 14470 0 0
874 58 14431 0 0
875 58 14377 0 0
876 58 14356 0 0
877 59 14391 0 0
878 60 14333 0 0
879 60 14271 0 0
880 60 14356 0 0
881 59 14134 0 0
882 59 14173 0 0
883 59 14207 0 0
884 59 14197 0 0
885 58 13964 0 0
886 60 14290 0 0
887 61 14318 0 0
888 61 14225 0 0
889 60 14166 0 0
890 59 14255 0 0
891 59 14390 0 0
892 59 14386 0 0
893 60 14537 0 0
894 60 14447 0 0
895 60 14399 0 0
896 60 14408 0 0
897 61 14555 0 0
898 60 14380 0 0
899 59 14286 0 0
900 59 14325 0 0
901 59 14285 0 0
902 60 14488 0 0
903 60 14447 0 0
904 59 14207 0 0
905 59 14230 0 0
906 60 14407 0 0
907 60 14285 0 0
908 61 14341 0 0
909 61 14359 0 0
910 61 14420 0 0
911 61 14459 0 0
912 60 14272 0 0
913 60 14346 0 0
914 60 14394 0 0
915 60 14414 0 0
916 60 14437 0 0
917 60 14439 0 0
918 59 14324 0 0
919 59 14394 0 0
920 58 14349 0 0
921 58 14454 0 0
922 57 14311 0 0
923 57 14337 0 0
924 58 14517 0 0
925 58 14345 0 0
926 59 14474 0 0
927 58 14223 0 0
928 59 14533 0 0
929 58 14373 0 0
930 58 14361 0 0
931 58 14476 0 0
932 58 14491 0 0
933 57 14251 0 0
934 58 14465 0 0
935 57 14282 0 0
936 57 14314 0 0
937 57 14466 0 0
938 56 14346 0 1
939 56 14374 0 1
940 56 14226 0 1
941 57 14408 0 0
942 57 14426 0 0
943 57 14398 0 0
944 57 14421 0 0
945 57 14392 0 0
946 57 14449 0 0
947 57 14516 0 1
948 57 14557 0 1
949 56 14346 0 1
950 57 14290 0 0
951 57 14287 0 0
952 57 14248 0 0
953 57 14269 0 0
954 56 14038 0 0
955 56 14088 0 0
956 56 14102 0 0
957 56 14137 0 0
958 56 14079 0 0
959 57 14204 0 0
960 57 14196 0 0
961 57 14130 0 0
962 56 14143 0 0
963 57 14324 0 0
964 57 14369 0 0
965 57 14412 0 0
966 57 14423 0 0
967 57 14415 0 0
968 57 14330 0 0
969 58 14456 0 0
970 58 14390 0 0
971 58 14398 0 0
972 57 14166 0 0
973 59 14622 0 0
974 58 14356 0 0
975 58 14482 0 0
976 57 14340 0 0
977 57 14383 0 0
978 57 14420 0 0
979 57 14385 0 0
980 57 14312 0 0
981 57 14289 0 0
982 57 14352 0 0
983 57 14415 0 0
984 57 14469 0 0
985 56 14292 0 1
986 57 14533 0 1
987 57 14410 0 0
988 57 14356 0 0
989 57 14328 0 0
990 57 14335 0 0
991 57 14445 0 0
992 57 14588 0 1
993 56 14437 0 1
994 56 14504 0 1
995 55 14211 0 1
996 56 14454 0 1
997 56 14475 0 1
998 55 14271 0 1
999 56 14404 0 1
1000 57 14494 0 1
1001 58 14495 0 0
1002 59 14538 0 0
1003 59 14467 0 0
1004 58 14238 0 0
1005 59 14573 0 0
1006 58 14284 0 0
1007 59 14610 0 0
1008 58 14348 0 0
1009 58 14415 0 0
1010 58 14426 0 0
1011 57 14284 0 0
1012 57 14431 0 0
1013 56 14342 0 1
1014 56 14349 0 1
1015 56 14348 0 1
1016 58 14525 0 0
1017 58 14278 0 0
1018 59 14545 0 0
1019 58 14246 0 0
1020 59 14487 0 0
1021 58 14209 0 0
1022 59 14461 0 0
1023 59 14432 0 0
1024 59 14322 0 0
1025 59 14276 0 0
1026 59 14404 0 0
1027 59 14416 0 0
1028 58 14359 0 0
1029 58 14379 0 0
1030 58 14305 0 0
1031 59 14533 0 0
1032 58 14264 0 0
1033 59 14539 0 0
1034 58 14311 0 0
1035 58 14402 0 0
1036 58 14568 0 0
1037 57 14465 0 0
1038 57 14497 0 1
1039 57 14379 0 0
1040 57 14380 0 0
1041 57 14467 0 0
1042 57 14516 0 1
1043 56 14325 0 1
1044 57 14614 0 1
1045 56 14385 0 1
1046 56 14369 0 1
1047 56 14408 0 1
1048 56 14246 0 1
1049 58 14506 0 0
1050 58 14355 0 0
1051 58 14313 0 0
1052 59 14471 0 0
1053 58 14311 0 0
1054 58 14349 0 0
1055 58 14310 0 0
1056 58 14248 0 0
1057 59 14343 0 0
1058 61 14647 0 0
1059 61 14348 0 0
1060 62 14506 0 0
1061 61 14352 0 0
1062 61 14457 0 0
1063 61 14556 0 0
1064 60 14401 0 0
1065 60 14339 0 0
1066 60 14362 0 0
1067 60 14404 0 0
1068 60 14446 0 0
1069 60 14550 0 0
1070 58 14208 0 0
1071 58 14442 0 0
1072 57 14379 0 0
1073 57 14460 0 0
1074 57 14421 0 0
1075 56 14172 0 0
1076 56 14276 0 1
1077 57 14539 0 1
1078 56 14265 0 1
1079 57 14492 0 1
1080 56 14150 0 0
1081 57 14258 0 0
1082 57 14293 0 0
1083 57 14288 0 0
1084 57 14280 0 0
1085 56 14052 0 0
1086 56 14104 0 0
1087 58 14456 0 0
1088 57 14177 0 0
1089 57 14174 0 0
1090 58 14346 0 0
1091 58 14261 0 0
1092 59 14548 0 0
1093 57 14179 0 0
1094 58 14442 0 0
1095 58 14462 0 0
1096 57 14290 0 0
1097 58 14580 0 0
1098 58 14440 0 0
1099 57 14229 0 0
1100 58 14521 0 0
1101 57 14357 0 0
1102 57 14333 0 0
1103 57 14398 0 0
1104 57 14463 0 0
1105 57 14463 0 0
1106 57 14409 0 0
1107 57 14322 0 0
1108 58 14504 0 0
1109 58 14292 0 0
1110 59 14514 0 0
1111 59 14606 0 0
1112 58 14305 0 0
1113 59 14499 0 0
1114 59 14548 0 0
1115 59 14521 0 0
1116 58 14230 0 0
1117 59 14478 0 0
1118 59 14457 0 0
1119 59 14326 0 0
1120 60 14463 0 0
1121 60 14539 0 0
1122 59 14371 0 0
1123 59 14273 0 0
1124 60 14428 0 0
1125 60 14314 0 0
1126 60 14266 0 0
1127 60 14273 0 0
1128 62 14575 0 0
1129 61 14266 0 0
1130 61 14292 0 0
1131 61 14423 0 0
1132 60 14342 0 0
1133 59 14185 0 0
1134 59 14242 0 0
1135 59 14321 0 0
1136 59 14520 0 0
1137 58 14421 0 0
1138 58 14427 0 0
1139 58 14462 0 0
1140 57 14403 0 0
1141 57 14411 0 0
1142 57 14401 0 0
1143 57 14451 0 0
1144 57 14429 0 0
1145 58 14592 0 0
1146 57 14367 0 0
1147 57 14497 0 1
1148 57 14402 0 0
1149 57 14368 0 0
1150 57 14417 0 0
1151 57 14368 0 0
1152 57 14290 0 0
1153 58 14535 0 0
1154 58 14447 0 0
1155 58 14321 0 0
1156 59 14427 0 0
1157 59 14441 0 0
1158 60 14631 0 0
1159 60 14471 0 0
1160 61 14449 0 0
1161 62 14501 0 0
1162 62 14376 0 0
1163 62 14354 0 0
1164 62 14418 0 0
1165 62 14447 0 0
1166 61 14322 0 0
1167 61 14496 0 0
1168 60 14307 0 0
1169 59 14201 0 0
1170 58 14178 0 0
1171 58 14308 0 0
1172 57 14409 0 0
1173 56 14368 0 1
1174 56 14369 0 1
1175 56 14367 0 1
1176 56 14356 0 1
1177 56 14340 0 1
1178 57 14548 0 1
1179 56 14269 0 1
1180 56 14321 0 1
1181 57 14415 0 0
1182 59 14608 0 0
1183 58 14337 0 0
1184 58 14301 0 0
1185 58 14319 0 0
1186 58 14463 0 0
1187 58 14486 0 0
1188 58 14535 0 0
1189 57 14327 0 0
1190 57 14421 0 0
1191 57 14469 0 0
1192 57 14557 0 1
1193 56 14374 0 1
1194 55 14283 0 1
1195 56 14453 0 1
1196 56 14435 0 1
1197 56 14448 0 1
1198 56 14411 0 1
1199 57 14298 0 0
1200 57 14254 0 0
1201 58 14440 0 0
1202 58 14337 0 0
1203 59 14496 0 0
1204 58 14175 0 0
1205 59 14465 0 0
1206 59 14494 0 0
1207 59 14494 0 0
1208 60 14444 0 0
1209 62 14579 0 0
1210 62 14396 0 0
1211 61 14491 0 0
1212 61 14537 0 0
1213 60 14364 0 0
1214 60 14419 0 0
1215 59 14249 0 0
1216 60 14489 0 0
1217 60 14433 0 0
1218 60 14389 0 0
1219 60 14367 0 0
1220 59 14300 0 0
1221 58 14352 0 0
1222 58 14473 0 0
1223 57 14276 0 0
1224 57 14289 0 0
1225 58 14393 0 0
1226 58 14378 0 0
1227 59 14470 0 0
1228 60 14530 0 0
1229 59 14285 0 0
1230 59 14265 0 0
1231 59 14322 0 0
1232 59 14369 0 0
1233 60 14464 0 0
1234 60 14277 0 0
1235 61 14464 0 0
1236 61 14451 0 0
1237 61 14555 0 0
1238 60 14297 0 0
1239 60 14395 0 0
1240 59 14239 0 0
1241 60 14515 0 0
1242 59 14380 0 0
1243 59 14499 0 0
1244 58 14364 0 0
1245 57 14403 0 0
1246 56 14391 0 1
1247 56 14443 0 1
1248 56 14421 0 1
1249 56 14398 0 1
1250 57 14564 0 1
1251 57 14554 0 1
1252 57 14508 0 1
1253 57 14340 0 0
1254 58 14419 0 0
1255 58 14274 0 0
1256 59 14531 0 0
1257 58 14253 0 0
1258 59 14504 0 0
1259 59 14504 0 0
1260 59 14345 0 0
1261 60 14361 0 0
1262 60 14282 0 0
1263 60 14215 0 0
1264 60 14391 0 0
1265 60 14546 0 0
1266 59 14394 0 0
1267 59 14432 0 0
1268 60 14453 0 0
1269 60 14398 0 0
1270 60 14385 0 0
1271 60 14297 0 0
1272 60 14364 0 0
1273 59 14378 0 0
1274 59 14538 0 0
1275 58 14394 0 0
1276 58 14381 0 0
1277 58 14317 0 0
1278 59 14509 0 0
1279 59 14474 0 0
1280 58 14285 0 0
1281 59 14369 0 0
1282 59 14372 0 0
1283 59 14455 0 0
1284 58 14315 0 0
1285 59 14322 0 0
1286 59 14228 0 0
1287 60 14446 0 0
1288 60 14432 0 0
1289 60 14507 0 0
1290 59 14282 0 0
1291 59 14346 0 0
1292 59 14429 0 0
1293 59 14561 0 0
1294 59 14465 0 0
1295 58 14295 0 0
1296 59 14592 0 0
1297 57 14315 0 0
1298 57 14427 0 0
1299 57 14473 0 1
1300 57 14435 0 0
1301 56 14179 0 0
1302 57 14414 0 0
1303 58 14369 0 0
1304 58 14319 0 0
1305 58 14345 0 0
1306 58 14448 0 0
1307 58 14351 0 0
1308 58 14217 0 0
1309 59 14425 0 0
1310 59 14470 0 0
1311 59 14453 0 0
1312 59 14431 0 0
1313 59 14465 0 0
1314 59 14522 0 0
1315 58 14550 0 0
1316 57 14330 0 0
1317 57 14285 0 0
1318 57 14254 0 0
1319 58 14390 0 0
1320 58 14405 0 0
1321 58 14483 0 0
1322 58 14430 0 0
1323 58 14390 0 0
1324 57 14212 0 0
1325 58 14418 0 0
1326 58 14402 0 0
1327 58 14401 0 0
1328 59 14542 0 0
1329 58 14349 0 0
1330 58 14452 0 0
1331 57 14353 0 0
1332 57 14519 0 1
1333 56 14308 0 1
1334 56 14349 0 1
1335 56 14398 0 1
1336 56 14377 0 1
1337 56 14392 0 1
1338 56 14425 0 1
1339 56 14397 0 1
1340 55 14256 0 1
1341 57 14638 0 1
1342 56 14299 0 1
1343 57 14524 0 1
1344 57 14346 0 0
1345 58 14489 0 0
1346 58 14495 0 0
1347 57 14262 0 0
1348 58 14526 0 0
1349 58 14533 0 0
1350 57 14210 0 0
1351 57 14253 0 0
1352 58 14496 0 0
1353 57 14317 0 0
1354 57 14362 0 0
1355 57 14404 0 0
1356 57 14459 0 0
1357 57 14446 0 0
1358 57 14372 0 0
1359 58 14559 0 0
1360 58 14464 0 0
1361 58 14395 0 0
1362 58 14451 0 0
1363 58 14469 0 0
1364 58 14470 0 0
1365 57 14231 0 0
1366 58 14464 0 0
1367 58 14365 0 0
1368 58 14413 0 0
1369 57 14237 0 0
1370 57 14319 0 0
1371 57 14351 0 0
1372 57 14318 0 0
1373 57 14231 0 0
1374 59 14539 0 0
1375 59 14475 0 0
1376 59 14467 0 0
1377 60 14654 0 0
1378 59 14369 0 0
1379 59 14414 0 0
1380 59 14417 0 0
1381 59 14407 0 0
1382 60 14385 0 0
1383 60 14231 0 0
1384 60 14348 0 0
1385 60 14439 0 0
1386 59 14377 0 0
1387 58 14221 0 0
1388 58 14208 0 0
1389 58 14326 0 0
1390 59 14612 0 0
1391 59 14561 0 0
1392 58 14238 0 0
1393 59 14455 0 0
1394 58 14436 0 0
1395 58 14546 0 0
1396 58 14501 0 0
1397 58 14516 0 0
1398 57 14259 0 0
1399 58 14419 0 0
1400 59 14518 0 0
1401 59 14287 0 0
1402 59 14262 0 0
1403 60 14377 0 0
1404 60 14405 0 0
1405 60 14456 0 0
1406 60 14431 0 0
1407 60 14429 0 0
1408 59 14250 0 0
1409 59 14316 0 0
1410 60 14487 0 0
1411 60 14449 0 0
1412 59 14361 0 0
1413 59 14548 0 0
1414 58 14350 0 0
1415 57 14261 0 0
1416 59 14552 0 0
1417 59 14429 0 0
1418 59 14352 0 0
1419 59 14417 0 0
1420 60 14600 0 0
1421 59 14285 0 0
1422 59 14374 0 0
1423 59 14439 0 0
1424 59 14427 0 0
1425 59 14235 0 0
1426 61 14575 0 0
1427 60 14355 0 0
1428 59 14369 0 0
1429 59 14420 0 0
1430 59 14489 0 0
1431 59 14421 0 0
1432 59 14397 0 0
1433 60 14602 0 0
1434 60 14547 0 0
1435 59 14272 0 0
1436 59 14280 0 0
1437 59 14392 0 0
1438 59 14327 0 0
1439 60 14471 0 0
1440 60 14327 0 0
1441 60 14445 0 0
1442 59 14280 0 0
1443 59 14342 0 0
1444 59 14407 0 0
1445 58 14199 0 0
1446 58 14276 0 0
1447 59 14511 0 0
1448 59 14549 0 0
1449 59 14597 0 0
1450 57 14313 0 0
1451 57 14449 0 0
1452 56 14351 0 1
1453 56 14311 0 1
1454 57 14480 0 1
1455 57 14447 0 0
1456 56 14186 0 0
1457 57 14453 0 0
1458 57 14434 0 0
1459 56 14283 0 1
1460 57 14427 0 0
1461 57 14260 0 0
1462 58 14448 0 0
1463 58 14359 0 0
1464 59 14563 0 0
1465 58 14284 0 0
1466 58 14311 0 0
1467 58 14379 0 0
1468 58 14404 0 0
1469 59 14538 0 0
1470 58 14292 0 0
1471 59 14575 0 0
1472 57 14205 0 0
1473 57 14400 0 0
1474 57 14462 0 0
1475 57 14525 0 1
1476 56 14285 0 1
1477 57 14526 0 1
1478 57 14444 0 0
1479 57 14278 0 0
1480 58 14452 0 0
1481 57 14247 0 0
1482 58 14412 0 0
1483 58 14346 0 0
1484 58 14421 0 0
1485 58 14463 0 0
1486 57 14210 0 0
1487 57 14215 0 0
1488 58 14415 0 0
1489 58 14379 0 0
1490 58 14404 0 0
1491 58 14561 0 0
1492 57 14472 0 1
1493 56 14380 0 1
1494 56 14544 0 1
1495 55 14314 0 1
1496 56 14525 0 1
1497 55 14266 0 1
1498 56 14452 0 1
1499 56 14581 0 1
