block n60 sum_rr60 bad60 hold drowsy
0 3 534 3 1 0
1 9 1870 3 1 0
2 14 2948 3 1 0
3 20 4223 3 1 0
4 26 5462 3 1 0
5 32 6691 3 1 0
6 37 7719 3 1 0
7 43 8944 3 1 0
8 49 10211 3 1 0
9 55 11486 3 1 0
10 60 12546 3 1 0
11 66 13857 3 1 0
12 68 14442 0 1 0
13 68 14419 0 1 0
14 68 14423 0 1 0
15 68 14467 0 1 0
16 67 14333 0 1 0
17 66 14221 0 1 0
18 67 14522 0 1 0
19 66 14418 0 1 0
20 66 14472 0 1 0
21 65 14295 0 1 0
22 65 14345 0 1 0
23 65 14343 0 1 0
24 65 14342 0 1 0
25 65 14345 0 1 0
26 65 14343 0 1 0
27 65 14296 0 1 0
28 66 14484 0 1 0
29 66 14432 0 1 0
30 66 14418 0 1 0
31 66 14386 0 1 0
32 66 14359 0 1 0
33 66 14337 0 1 0
34 67 14508 0 1 0
35 67 14471 0 1 0
36 67 14436 0 0 0
37 67 14429 0 0 0
38 67 14431 0 0 0
39 67 14463 0 0 0
40 66 14260 0 0 0
41 67 14501 0 0 0
42 66 14279 0 0 0
43 67 14510 0 0 0
44 66 14308 0 0 0
45 67 14518 0 0 0
46 66 14319 0 0 0
47 66 14362 0 0 0
48 66 14344 0 0 0
49 66 14316 0 0 0
50 67 14498 0 0 0
51 67 14427 0 0 0
52 67 14431 0 0 0
53 66 14253 0 0 0
54 67 14540 0 0 0
55 66 14353 0 0 0
56 66 14393 0 0 0
57 65 14237 0 0 0
58 66 14501 0 0 0
59 65 14306 0 0 0
60 66 14586 0 0 0
61 65 14394 0 0 0
62 65 14429 0 0 0
63 64 14292 0 0 0
64 64 14311 0 0 0
65 65 14517 0 0 0
66 64 14232 0 0 0
67 65 14390 0 0 0
68 65 14353 0 0 0
69 66 14528 0 0 0
70 66 14464 0 0 0
71 66 14403 0 0 0
72 66 14329 0 0 0
73 67 14514 0 0 0
74 66 14265 0 0 0
75 67 14418 0 0 0
76 68 14490 0 0 0
77 68 14445 0 0 0
78 68 14452 0 0 0
79 68 14486 0 0 0
80 68 14458 0 0 0
81 68 14387 0 0 0
82 68 14311 0 0 0
83 69 14481 0 0 0
84 69 14399 0 0 0
85 69 14303 0 0 0
86 70 14417 0 0 0
87 70 14340 0 0 0
88 71 14525 0 0 0
89 71 14434 0 0 0
90 71 14340 0 0 0
91 71 14266 0 0 0
92 72 14416 0 0 0
93 72 14437 0 0 0
94 72 14464 0 0 0
95 72 14454 0 0 0
96 72 14465 0 0 0
97 72 14496 0 0 0
98 71 14346 0 0 0
99 71 14438 0 0 0
100 70 14303 0 0 0
101 70 14307 0 0 0
102 71 14504 0 0 0
103 71 14528 0 0 0
104 70 14372 0 0 0
105 70 14419 0 0 0
106 69 14284 0 0 0
107 69 14372 0 0 0
108 68 14268 0 0 0
109 68 14353 0 0 0
110 68 14420 0 0 0
111 68 14459 0 0 0
112 67 14309 0 0 0
113 67 14439 0 0 0
114 66 14344 0 0 0
115 66 14376 0 0 0
116 66 14385 0 0 0
117 66 14364 0 0 0
118 67 14541 0 0 0
119 66 14310 0 0 0
120 67 14450 0 0 0
121 67 14433 0 0 0
122 67 14413 0 0 0
123 67 14398 0 0 0
124 67 14380 0 0 0
125 67 14337 0 0 0
126 68 14506 0 0 0
127 67 14291 0 0 0
128 68 14530 0 0 0
129 67 14335 0 0 0
130 67 14376 0 0 0
131 67 14394 0 0 0
132 67 14468 0 0 0
133 66 14287 0 0 0
134 67 14536 0 0 0
135 66 14346 0 0 0
136 67 14580 0 0 0
137 66 14373 0 0 0
138 66 14407 0 0 0
139 66 14416 0 0 0
140 66 14404 0 0 0
141 66 14427 0 0 0
142 65 14215 0 0 0
143 66 14448 0 0 0
144 66 14433 0 0 0
145 66 14415 0 0 0
146 66 14384 0 0 0
147 66 14352 0 0 0
148 66 14321 0 0 0
149 67 14495 0 0 0
150 67 14402 0 0 0
151 68 14510 0 0 0
152 68 14399 0 0 0
153 69 14501 0 0 0
154 69 14441 0 0 0
155 69 14354 0 0 0
156 69 14332 0 0 0
157 69 14313 0 0 0
158 69 14318 0 0 0
159 70 14527 0 0 0
160 69 14331 0 0 0
161 69 14362 0 0 0
162 69 14419 0 0 0
163 68 14265 0 0 0
164 68 14341 0 0 0
165 68 14345 0 0 0
166 69 14525 0 0 0
167 68 14343 0 0 0
168 68 14287 0 0 0
169 69 14439 0 0 0
170 69 14345 0 0 0
171 70 14444 0 0 0
172 71 14542 0 0 0
173 70 14319 0 0 0
174 70 14316 0 0 0
175 71 14503 0 0 0
176 71 14469 0 0 0
177 71 14435 0 0 0
178 71 14405 0 0 0
179 72 14569 0 0 0
180 71 14397 0 0 0
181 71 14405 0 0 0
182 71 14497 0 0 0
183 69 14211 0 0 0
184 69 14293 0 0 0
185 70 14496 0 0 0
186 69 14304 0 0 0
187 69 14320 0 0 0
188 69 14348 0 0 0
189 69 14410 0 0 0
190 68 14293 0 0 0
191 68 14367 0 0 0
192 68 14391 0 0 0
193 68 14463 0 0 0
194 68 14461 0 0 0
195 68 14444 0 0 0
196 68 14410 0 0 0
197 68 14362 0 0 0
198 68 14404 0 0 0
199 68 14487 0 0 0
200 67 14333 0 0 0
201 67 14421 0 0 0
202 67 14496 0 0 0
203 66 14333 0 0 0
204 67 14578 0 0 0
205 66 14360 0 0 0
206 66 14287 0 0 0
207 67 14419 0 0 0
208 67 14418 0 0 0
209 67 14371 0 0 0
210 68 14411 0 0 0
211 69 14438 0 0 0
212 70 14509 0 0 0
213 70 14362 0 0 0
214 71 14427 0 0 0
215 72 14528 0 0 0
216 71 14304 0 0 0
217 72 14541 0 0 0
218 71 14424 0 0 0
219 71 14519 0 0 0
220 70 14381 0 0 0
221 70 14505 0 0 0
222 69 14414 0 0 0
223 68 14340 0 0 0
224 67 14247 0 0 0
225 67 14335 0 0 0
226 67 14411 0 0 0
227 66 14294 0 0 0
228 66 14311 0 0 0
229 66 14315 0 0 0
230 66 14307 0 0 0
231 66 14293 0 0 0
232 66 14333 0 0 0
233 66 14378 0 0 0
234 66 14417 0 0 0
235 66 14441 0 0 0
236 66 14455 0 0 0
237 65 14309 0 0 0
238 65 14365 0 0 0
239 65 14362 0 0 0
240 65 14379 0 0 0
241 65 14365 0 0 0
242 66 14555 0 0 0
243 65 14326 0 0 0
244 66 14419 0 0 0
245 66 14300 0 0 0
246 67 14393 0 0 0
247 67 14300 0 0 0
248 68 14399 0 0 0
249 69 14474 0 0 0
250 69 14337 0 0 0
251 70 14443 0 0 0
252 71 14573 0 0 0
253 70 14344 0 0 0
254 70 14342 0 0 0
255 71 14541 0 0 0
256 71 14556 0 0 0
257 70 14401 0 0 0
258 70 14473 0 0 0
259 69 14318 0 0 0
260 69 14418 0 0 0
261 69 14520 0 0 0
262 68 14379 0 0 0
263 68 14483 0 0 0
264 67 14335 0 0 0
265 67 14376 0 0 0
266 67 14447 0 0 0
267 66 14279 0 0 0
268 66 14346 0 0 0
269 67 14520 0 0 0
270 66 14284 0 0 0
271 67 14504 0 0 0
272 67 14512 0 0 0
273 66 14300 0 0 0
274 67 14532 0 0 0
275 66 14276 0 0 0
276 67 14442 0 0 0
277 68 14578 0 0 0
278 67 14270 0 0 0
279 68 14491 0 0 0
280 67 14270 0 0 0
281 67 14323 0 0 0
282 68 14564 0 0 0
283 67 14355 0 0 0
284 67 14354 0 0 0
285 67 14375 0 0 0
286 67 14405 0 0 0
287 67 14434 0 0 0
288 67 14457 0 0 0
289 66 14289 0 0 0
290 67 14563 0 0 0
291 66 14368 0 0 0
292 67 14604 0 0 0
293 66 14386 0 0 0
294 66 14406 0 0 0
295 66 14406 0 0 0
296 66 14395 0 0 0
297 66 14340 0 0 0
298 66 14328 0 0 0
299 66 14329 0 0 0
300 66 14335 0 0 0
301 66 14329 0 0 0
302 66 14308 0 0 0
303 67 14483 0 0 0
304 66 14270 0 0 0
305 67 14498 0 0 0
306 66 14286 0 0 0
307 67 14501 0 0 0
308 66 14307 0 0 0
309 67 14567 0 0 0
310 66 14339 0 0 0
311 67 14545 0 0 0
312 66 14337 0 0 0
313 67 14584 0 0 0
314 66 14378 0 0 0
315 66 14407 0 0 0
316 66 14414 0 0 0
317 66 14413 0 0 0
318 66 14401 0 0 0
319 66 14414 0 0 0
320 66 14403 0 0 0
321 66 14425 0 0 0
322 66 14457 0 0 0
323 65 14269 0 0 0
324 66 14502 0 0 0
325 65 14299 0 0 0
326 65 14343 0 0 0
327 65 14394 0 0 0
328 65 14415 0 0 0
329 64 14216 0 0 0
330 65 14436 0 0 0
331 64 14212 0 0 0
332 65 14401 0 0 0
333 65 14387 0 0 0
334 65 14346 0 0 0
335 66 14505 0 0 0
336 65 14253 0 0 0
337 66 14429 0 0 0
338 66 14389 0 0 0
339 66 14316 0 0 0
340 67 14499 0 0 0
341 67 14471 0 0 0
342 67 14463 0 0 0
343 67 14444 0 0 0
344 67 14438 0 0 0
345 67 14367 0 0 0
346 68 14507 0 0 0
347 67 14265 0 0 0
348 68 14421 0 0 0
349 68 14399 0 0 0
350 69 14606 0 0 0
351 68 14379 0 0 0
352 68 14344 0 0 0
353 68 14336 0 0 0
354 68 14325 0 0 0
355 69 14532 0 0 0
356 68 14321 0 0 0
357 68 14357 0 0 0
358 68 14423 0 0 0
359 68 14476 0 0 0
360 67 14350 0 0 0
361 67 14388 0 0 0
362 67 14341 0 0 0
363 67 14391 0 0 0
364 67 14437 0 0 0
365 67 14456 0 0 0
366 67 14490 0 0 0
367 66 14307 0 0 0
368 67 14565 0 0 0
369 66 14378 0 0 0
370 66 14398 0 0 0
371 66 14383 0 0 0
372 67 14569 0 0 0
373 66 14344 0 0 0
374 66 14382 0 0 0
375 67 14531 0 0 0
376 66 14267 0 0 0
377 67 14453 0 0 0
378 67 14396 0 0 0
379 67 14355 0 0 0
380 67 14344 0 0 0
381 67 14349 0 0 0
382 67 14353 0 0 0
383 67 14394 0 0 0
384 66 14232 0 0 0
385 67 14480 0 0 0
386 66 14314 0 0 0
387 66 14380 0 0 0
388 66 14380 0 0 0
389 66 14447 0 0 0
390 65 14326 0 0 0
391 65 14391 0 0 0
392 65 14415 0 0 0
393 65 14414 0 0 0
394 65 14436 0 0 0
395 65 14411 0 0 0
396 66 14580 0 0 0
397 65 14340 0 0 0
398 66 14509 0 0 0
399 65 14248 0 0 0
400 66 14493 0 0 0
401 65 14235 0 0 0
402 66 14404 0 0 0
403 66 14380 0 0 0
404 66 14377 0 0 0
405 66 14368 0 0 0
406 66 14363 0 0 0
407 66 14372 0 0 0
408 66 14404 0 0 0
409 66 14395 0 0 0
410 66 14386 0 0 0
411 67 14576 0 0 0
412 66 14340 0 0 0
413 67 14569 0 0 0
414 66 14355 0 0 0
415 67 14548 0 0 0
416 66 14319 0 0 0
417 67 14530 0 0 0
418 66 14271 0 0 0
419 67 14450 0 0 0
420 67 14425 0 0 0
421 67 14415 0 0 0
422 67 14428 0 0 0
423 66 14244 0 0 0
424 67 14474 0 0 0
425 66 14236 0 0 0
426 67 14447 0 0 0
427 66 14244 0 0 0
428 67 14477 0 0 0
429 66 14245 0 0 0
430 67 14467 0 0 0
431 67 14503 0 0 0
432 66 14275 0 0 0
433 67 14506 0 0 0
434 66 14284 0 0 0
435 67 14471 0 0 0
436 66 14287 0 0 0
437 67 14536 0 0 0
438 66 14364 0 0 0
439 66 14444 0 0 0
440 66 14479 0 0 0
441 66 14512 0 0 0
442 65 14323 0 0 0
443 65 14326 0 0 0
444 65 14326 0 0 0
445 65 14325 0 0 0
446 65 14358 0 0 0
447 65 14435 0 0 0
448 65 14440 0 0 0
449 65 14441 0 0 0
450 65 14423 0 0 0
451 65 14399 0 0 0
452 65 14392 0 0 0
453 65 14408 0 0 0
454 65 14419 0 0 0
455 65 14441 0 0 0
456 65 14465 0 0 0
457 65 14486 0 0 0
458 65 14493 0 0 0
459 65 14411 0 0 0
460 65 14406 0 0 0
461 64 14190 0 0 0
462 65 14492 0 0 0
463 65 14529 0 0 0
464 64 14304 0 0 0
465 64 14287 0 0 0
466 65 14484 0 0 0
467 64 14240 0 0 0
468 65 14437 0 0 0
469 65 14399 0 0 0
470 65 14346 0 0 0
471 65 14345 0 0 0
472 66 14490 0 0 0
473 67 14624 0 0 0
474 66 14279 0 0 0
475 67 14396 0 0 0
476 67 14374 0 0 0
477 67 14392 0 0 0
478 67 14439 0 0 0
479 67 14469 0 0 0
480 66 14303 0 0 0
481 66 14373 0 0 0
482 66 14424 0 0 0
483 66 14486 0 0 0
484 65 14291 0 0 0
485 65 14333 0 0 0
486 65 14376 0 0 0
487 65 14394 0 0 0
488 65 14379 0 0 0
489 66 14567 0 0 0
490 65 14305 0 0 0
491 66 14525 0 0 0
492 66 14500 0 0 0
493 65 14229 0 0 0
494 66 14430 0 0 0
495 65 14211 0 0 0
496 66 14499 0 0 0
497 65 14314 0 0 0
498 66 14483 0 0 0
499 65 14249 0 0 0
500 66 14431 0 0 0
501 66 14410 0 0 0
502 66 14395 0 0 0
503 66 14388 0 0 0
504 66 14403 0 0 0
505 66 14427 0 0 0
506 66 14452 0 0 0
507 66 14515 0 0 0
508 65 14323 0 0 0
509 65 14377 0 0 0
510 64 14254 0 0 0
511 65 14528 0 0 0
512 64 14348 0 0 0
513 64 14403 0 0 0
514 64 14503 0 0 0
515 63 14306 0 0 0
516 63 14298 0 0 0
517 64 14513 0 0 0
518 63 14274 0 0 0
519 64 14394 0 0 0
520 65 14484 0 0 0
521 66 14539 0 0 0
522 67 14599 0 0 0
523 66 14304 0 0 0
524 67 14501 0 0 0
525 66 14266 0 0 0
526 67 14393 0 0 0
527 68 14476 0 0 0
528 68 14450 0 0 0
529 68 14456 0 0 0
530 68 14439 0 0 0
531 68 14459 0 0 0
532 67 14294 0 0 0
533 67 14359 0 0 0
534 67 14418 0 0 0
535 67 14432 0 0 0
536 67 14419 0 0 0
537 68 14559 0 0 0
538 68 14419 0 0 0
539 67 14260 0 0 0
540 68 14472 0 0 0
541 67 14217 0 0 0
542 68 14407 0 0 0
543 68 14370 0 0 0
544 69 14540 0 0 0
545 68 14315 0 0 0
546 68 14302 0 0 0
547 69 14515 0 0 0
548 68 14280 0 0 0
549 68 14326 0 0 0
550 67 14226 0 0 0
551 68 14454 0 0 0
552 68 14435 0 0 0
553 68 14423 0 0 0
554 68 14409 0 0 0
555 68 14441 0 0 0
556 67 14277 0 0 0
557 68 14517 0 0 0
558 67 14323 0 0 0
559 67 14328 0 0 0
560 68 14555 0 0 0
561 67 14307 0 0 0
562 68 14507 0 0 0
563 68 14480 0 0 0
564 67 14279 0 0 0
565 68 14494 0 0 0
566 68 14526 0 0 0
567 67 14277 0 0 0
568 68 14494 0 0 0
569 67 14297 0 0 0
570 68 14512 0 0 0
571 68 14476 0 0 0
572 67 14271 0 0 0
573 68 14526 0 0 0
574 67 14343 0 0 0
575 67 14355 0 0 0
576 68 14549 0 0 0
577 67 14315 0 0 0
578 67 14266 0 0 0
579 68 14431 0 0 0
580 68 14378 0 0 0
581 69 14546 0 0 0
582 68 14319 0 0 0
583 68 14354 0 0 0
584 69 14507 0 0 0
585 69 14429 0 0 0
586 69 14355 0 0 0
587 69 14390 0 0 0
588 69 14405 0 0 0
589 69 14423 0 0 0
590 69 14499 0 0 0
591 67 14106 1 0 0
592 67 14132 1 0 0
593 66 13940 1 0 0
594 67 14140 1 0 0
595 67 14084 1 0 0
596 67 14094 1 0 0
597 67 14112 1 0 0
598 67 14167 1 0 0
599 67 14131 1 0 0
600 67 14105 1 0 0
601 67 14070 1 0 0
602 67 14023 1 0 0
603 69 14476 0 0 0
604 69 14461 0 0 0
605 69 14457 0 0 0
606 69 14477 0 0 0
607 68 14326 0 0 0
608 68 14405 0 0 0
609 67 14235 0 0 0
610 68 14459 0 0 0
611 68 14464 0 0 0
612 67 14261 0 0 0
613 68 14492 0 0 0
614 68 14453 0 0 0
615 67 14257 0 0 0
616 67 14295 0 0 0
617 67 14329 0 0 0
618 67 14351 0 0 0
619 68 14558 0 0 0
620 67 14342 0 0 0
621 68 14562 0 0 0
622 67 14341 0 0 0
623 67 14332 0 0 0
624 68 14563 0 0 0
625 67 14363 0 0 0
626 67 14402 0 0 0
627 67 14404 0 0 0
628 67 14385 0 0 0
629 68 14558 0 0 0
630 68 14497 0 0 0
631 67 14265 0 0 0
632 68 14429 0 0 0
633 68 14431 0 0 0
634 68 14453 0 0 0
635 67 14292 0 0 0
636 67 14293 0 0 0
637 68 14501 0 0 0
638 67 14302 0 0 0
639 68 14585 0 0 0
640 67 14432 0 0 0
641 66 14256 0 0 0
642 66 14358 0 0 0
643 66 14370 0 0 0
644 66 14370 0 0 0
645 66 14336 0 0 0
646 66 14333 0 0 0
647 67 14501 0 0 0
648 67 14508 0 0 0
649 66 14307 0 0 0
650 67 14521 0 0 0
651 67 14418 0 0 0
652 67 14349 0 0 0
653 68 14534 0 0 0
654 68 14442 0 0 0
655 68 14403 0 0 0
656 68 14366 0 0 0
657 68 14371 0 0 0
658 69 14550 0 0 0
659 68 14341 0 0 0
660 68 14353 0 0 0
661 68 14366 0 0 0
662 68 14365 0 0 0
663 68 14356 0 0 0
664 69 14524 0 0 0
665 68 14271 0 0 0
666 68 14296 0 0 0
667 69 14589 0 0 0
668 68 14480 0 0 0
669 67 14324 0 0 0
670 67 14359 0 0 0
671 67 14367 0 0 0
672 67 14349 0 0 0
673 67 14362 0 0 0
674 67 14382 0 0 0
675 67 14410 0 0 0
676 67 14388 0 0 0
677 67 14459 0 0 0
678 67 14446 0 0 0
679 66 14191 0 0 0
680 67 14348 0 0 0
681 68 14569 0 0 0
682 67 14356 0 0 0
683 68 14569 0 0 0
684 67 14367 0 0 0
685 68 14595 0 0 0
686 67 14418 0 0 0
687 66 14234 0 0 0
688 66 14324 0 0 0
689 67 14520 0 0 0
690 66 14347 0 0 0
691 67 14551 0 0 0
692 66 14398 0 0 0
693 66 14383 0 0 0
694 66 14388 0 0 0
695 66 14409 0 0 0
696 66 14408 0 0 0
697 66 14399 0 0 0
698 66 14374 0 0 0
699 67 14601 0 0 0
700 66 14402 0 0 0
701 66 14399 0 0 0
702 66 14380 0 0 0
703 66 14394 0 0 0
704 66 14350 0 0 0
705 66 14326 0 0 0
706 66 14317 0 0 0
707 66 14321 0 0 0
708 66 14316 0 0 0
709 66 14310 0 0 0
710 67 14501 0 0 0
711 66 14281 0 0 0
712 67 14439 0 0 0
713 66 14208 0 0 0
714 67 14423 0 0 0
715 67 14418 0 0 0
716 67 14381 0 0 0
717 67 14364 0 0 0
718 68 14523 0 0 0
719 68 14445 0 0 0
720 69 14570 0 0 0
721 69 14479 0 0 0
722 68 14227 0 0 0
723 69 14352 0 0 0
724 69 14342 0 0 0
725 70 14496 0 0 0
726 69 14321 0 0 0
727 69 14397 0 0 0
728 69 14451 0 0 0
729 69 14472 0 0 0
730 68 14324 0 0 0
731 68 14386 0 0 0
732 67 14281 0 0 0
733 67 14358 0 0 0
734 67 14388 0 0 0
735 67 14426 0 0 0
736 67 14473 0 0 0
737 66 14320 0 0 0
738 67 14471 0 0 0
739 67 14403 0 0 0
740 67 14368 0 0 0
741 67 14395 0 0 0
742 67 14405 0 0 0
743 67 14414 0 0 0
744 67 14402 0 0 0
745 67 14417 0 0 0
746 67 14434 0 0 0
747 67 14439 0 0 0
748 67 14438 0 0 0
749 67 14469 0 0 0
750 67 14513 0 0 0
751 66 14299 0 0 0
752 67 14541 0 0 0
753 66 14296 0 0 0
754 67 14466 0 0 0
755 67 14413 0 0 0
756 68 14544 0 0 0
757 67 14286 0 0 0
758 68 14472 0 0 0
759 68 14436 0 0 0
760 68 14366 0 0 0
761 69 14495 0 0 0
762 68 14243 0 0 0
763 69 14454 0 0 0
764 69 14412 0 0 0
765 70 14567 0 0 0
766 69 14335 0 0 0
767 69 14347 0 0 0
768 69 14379 0 0 0
769 69 14400 0 0 0
770 69 14399 0 0 0
771 69 14463 0 0 0
772 68 14309 0 0 0
773 68 14409 0 0 0
774 68 14455 0 0 0
775 68 14487 0 0 0
776 67 14337 0 0 0
777 66 14200 0 0 0
778 67 14450 0 0 0
779 67 14473 0 0 0
780 66 14275 0 0 0
781 67 14443 0 0 0
782 67 14433 0 0 0
783 66 14207 0 0 0
784 67 14500 0 0 0
785 66 14303 0 0 0
786 66 14310 0 0 0
787 66 14308 0 0 0
788 67 14502 0 0 0
789 67 14509 0 0 0
790 66 14317 0 0 0
791 66 14344 0 0 0
792 66 14357 0 0 0
793 66 14391 0 0 0
794 66 14381 0 0 0
795 66 14378 0 0 0
796 66 14300 0 0 0
797 67 14432 0 0 0
798 67 14410 0 0 0
799 67 14397 0 0 0
800 67 14385 0 0 0
801 67 14344 0 0 0
802 68 14588 0 0 0
803 67 14369 0 0 0
804 67 14392 0 0 0
805 67 14445 0 0 0
806 66 14314 0 0 0
807 67 14587 0 0 0
808 66 14372 0 0 0
809 66 14454 0 0 0
810 66 14509 0 0 0
811 65 14356 0 0 0
812 64 14197 0 0 0
813 65 14469 0 0 0
814 64 14241 0 0 0
815 65 14459 0 0 0
816 65 14446 0 0 0
817 65 14412 0 0 0
818 65 14376 0 0 0
819 65 14325 0 0 0
820 66 14554 0 0 0
821 65 14304 0 0 0
822 66 14428 0 0 0
823 67 14538 0 0 0
824 67 14507 0 0 0
825 66 14274 0 0 0
826 67 14494 0 0 0
827 66 14304 0 0 0
828 67 14557 0 0 0
829 66 14366 0 0 0
830 66 14399 0 0 0
831 66 14446 0 0 0
832 65 14256 0 0 0
833 66 14499 0 0 0
834 65 14326 0 0 0
835 65 14364 0 0 0
836 65 14349 0 0 0
837 66 14497 0 0 0
838 66 14420 0 0 0
839 66 14418 0 0 0
840 65 14220 0 0 0
841 66 14460 0 0 0
842 66 14438 0 0 0
843 66 14382 0 0 0
844 66 14351 0 0 0
845 66 14345 0 0 0
846 66 14337 0 0 0
847 66 14334 0 0 0
848 66 14356 0 0 0
849 66 14426 0 0 0
850 65 14255 0 0 0
851 66 14456 0 0 0
852 66 14428 0 0 0
853 66 14406 0 0 0
854 66 14387 0 0 0
855 66 14401 0 0 0
856 66 14404 0 0 0
857 66 14368 0 0 0
858 67 14574 0 0 0
859 66 14364 0 0 0
860 67 14520 0 0 0
861 67 14483 0 0 0
862 67 14459 0 0 0
863 67 14418 0 0 0
864 67 14390 0 0 0
865 67 14375 0 0 0
866 67 14391 0 0 0
867 67 14377 0 0 0
868 68 14596 0 0 0
869 67 14406 0 0 0
870 67 14414 0 0 0
871 67 14421 0 0 0
872 67 14449 0 0 0
873 66 14232 0 0 0
874 67 14447 0 0 0
875 66 14279 0 0 0
876 67 14529 0 0 0
877 66 14343 0 0 0
878 67 14580 0 0 0
879 66 14388 0 0 0
880 65 14240 0 0 0
881 66 14472 0 0 0
882 65 14218 0 0 0
883 66 14473 0 0 0
884 65 14311 0 0 0
885 65 14405 0 0 0
886 64 14264 0 0 0
887 65 14464 0 0 0
888 65 14418 0 0 0
889 65 14363 0 0 0
890 65 14306 0 0 0
891 66 14464 0 0 0
892 67 14536 0 0 0
893 66 14251 0 0 0
894 67 14497 0 0 0
895 67 14425 0 0 0
896 67 14348 0 0 0
897 68 14454 0 0 0
898 69 14603 0 0 0
899 68 14357 0 0 0
900 68 14370 0 0 0
901 68 14405 0 0 0
902 68 14453 0 0 0
903 67 14284 0 0 0
904 67 14362 0 0 0
905 68 14580 0 0 0
906 67 14384 0 0 0
907 66 14207 0 0 0
908 67 14470 0 0 0
909 67 14471 0 0 0
910 66 14233 0 0 0
911 67 14482 0 0 0
912 66 14324 0 0 0
913 67 14527 0 0 0
914 66 14267 0 0 0
915 67 14443 0 0 0
916 66 14256 0 0 0
917 66 14312 0 0 0
918 66 14358 0 0 0
919 66 14425 0 0 0
920 66 14478 0 0 0
921 65 14336 0 0 0
922 65 14390 0 0 0
923 65 14413 0 0 0
924 66 14522 0 0 0
925 65 14332 0 0 0
926 65 14443 0 0 0
927 64 14324 0 0 0
928 65 14568 0 0 0
929 64 14381 0 0 0
930 64 14370 0 0 0
931 65 14537 0 0 0
932 64 14268 0 0 0
933 65 14478 0 0 0
934 65 14502 0 0 0
935 64 14263 0 0 0
936 64 14322 0 0 0
937 64 14291 0 0 0
938 65 14388 0 0 0
939 66 14516 0 0 0
940 65 14238 0 0 0
941 66 14440 0 0 0
942 66 14420 0 0 0
943 66 14359 0 0 0
944 66 14374 0 0 0
945 66 14371 0 0 0
946 66 14349 0 0 0
947 66 14374 0 0 0
948 66 14427 0 0 0
949 66 14466 0 0 0
950 66 14517 0 0 0
951 65 14405 0 0 0
952 65 14454 0 0 0
953 65 14459 0 0 0
954 65 14463 0 0 0
955 64 14375 0 0 0
956 64 14468 0 0 0
957 64 14394 0 0 0
958 64 14344 0 0 0
959 64 14398 0 0 0
960 64 14410 0 0 0
961 64 14426 0 0 0
962 63 14222 0 0 0
963 64 14341 0 0 0
964 65 14463 0 0 0
965 64 14199 0 0 0
966 65 14364 0 0 0
967 66 14402 0 0 0
968 67 14483 0 0 0
969 66 14360 0 0 0
970 66 14392 0 0 0
971 67 14531 0 0 0
972 66 14258 0 0 0
973 67 14451 0 0 0
974 67 14449 0 0 0
975 67 14473 0 0 0
976 66 14333 0 0 0
977 66 14389 0 0 0
978 66 14470 0 0 0
979 65 14359 0 0 0
980 65 14393 0 0 0
981 65 14363 0 0 0
982 66 14498 0 0 0
983 66 14381 0 0 0
984 66 14415 0 0 0
985 66 14428 0 0 0
986 66 14481 0 0 0
987 65 14330 0 0 0
988 65 14352 0 0 0
989 66 14559 0 0 0
990 65 14310 0 0 0
991 66 14535 0 0 0
992 65 14335 0 0 0
993 65 14343 0 0 0
994 65 14444 0 0 0
995 64 14333 0 0 0
996 65 14539 0 0 0
997 64 14306 0 0 0
998 64 14269 0 0 0
999 65 14439 0 0 0
1000 65 14420 0 0 0
1001 65 14455 0 0 0
1002 65 14484 0 0 0
1003 64 14270 0 0 0
1004 65 14489 0 0 0
1005 65 14507 0 0 0
1006 64 14297 0 0 0
1007 64 14344 0 0 0
1008 64 14393 0 0 0
1009 64 14450 0 0 0
1010 64 14481 0 0 0
1011 63 14305 0 0 0
1012 64 14551 0 0 0
1013 63 14289 0 0 0
1014 64 14455 0 0 0
1015 64 14447 0 0 0
1016 63 14248 0 0 0
1017 64 14429 0 0 0
1018 64 14394 0 0 0
1019 65 14539 0 0 0
1020 65 14419 0 0 0
1021 65 14291 0 0 0
1022 66 14464 0 0 0
1023 66 14434 0 0 0
1024 66 14383 0 0 0
1025 66 14355 0 0 0
1026 66 14346 0 0 0
1027 66 14379 0 0 0
1028 66 14393 0 0 0
1029 65 14249 0 0 0
1030 66 14525 0 0 0
1031 65 14370 0 0 0
1032 64 14217 0 0 0
1033 65 14526 0 0 0
1034 64 14296 0 0 0
1035 65 14499 0 0 0
1036 65 14429 0 0 0
1037 65 14373 0 0 0
1038 65 14368 0 0 0
1039 65 14338 0 0 0
1040 66 14564 0 0 0
1041 66 14527 0 0 0
1042 65 14323 0 0 0
1043 65 14353 0 0 0
1044 65 14392 0 0 0
1045 65 14406 0 0 0
1046 65 14436 0 0 0
1047 65 14446 0 0 0
1048 64 14309 0 0 0
1049 65 14587 0 0 0
1050 64 14378 0 0 0
1051 65 14546 0 0 0
1052 64 14252 0 0 0
1053 65 14393 0 0 0
1054 65 14327 0 0 0
1055 66 14468 0 0 0
1056 67 14605 0 0 0
1057 66 14322 0 0 0
1058 67 14503 0 0 0
1059 66 14294 0 0 0
1060 67 14494 0 0 0
1061 66 14281 0 0 0
1062 66 14320 0 0 0
1063 66 14401 0 0 0
1064 66 14454 0 0 0
1065 65 14303 0 0 0
1066 66 14543 0 0 0
1067 65 14340 0 0 0
1068 65 14334 0 0 0
1069 66 14517 0 0 0
1070 66 14380 0 0 0
1071 67 14501 0 0 0
1072 66 14251 0 0 0
1073 67 14495 0 0 0
1074 67 14448 0 0 0
1075 67 14381 0 0 0
1076 67 14372 0 0 0
1077 67 14365 0 0 0
1078 67 14397 0 0 0
1079 67 14418 0 0 0
1080 66 14286 0 0 0
1081 65 14199 0 0 0
1082 65 14406 0 0 0
1083 64 14275 0 0 0
1084 65 14527 0 0 0
1085 64 14291 0 0 0
1086 65 14525 0 0 0
1087 64 14310 0 0 0
1088 65 14511 0 0 0
1089 65 14439 0 0 0
1090 65 14337 0 0 0
1091 66 14502 0 0 0
1092 66 14432 0 0 0
1093 67 14558 0 0 0
1094 66 14289 0 0 0
1095 67 14515 0 0 0
1096 66 14335 0 0 0
1097 66 14357 0 0 0
1098 66 14413 0 0 0
1099 66 14504 0 0 0
1100 65 14276 0 0 0
1101 65 14362 0 0 0
1102 65 14526 0 0 0
1103 64 14416 0 0 0
1104 64 14482 0 0 0
1105 63 14334 0 0 0
1106 63 14369 0 0 0
1107 63 14423 0 0 1
1108 63 14417 0 0 1
1109 63 14382 0 0 0
1110 63 14334 0 0 0
1111 64 14448 0 0 0
1112 64 14399 0 0 0
1113 65 14550 0 0 0
1114 64 14249 0 0 0
1115 64 14206 0 0 0
1116 65 14399 0 0 0
1117 65 14369 0 0 0
1118 65 14361 0 0 0
1119 65 14319 0 0 0
1120 65 14341 0 0 0
1121 65 14382 0 0 0
1122 65 14433 0 0 0
1123 64 14264 0 0 0
1124 65 14536 0 0 0
1125 64 14328 0 0 0
1126 65 14538 0 0 0
1127 65 14549 0 0 0
1128 64 14344 0 0 0
1129 65 14545 0 0 0
1130 65 14517 0 0 0
1131 64 14297 0 0 0
1132 65 14487 0 0 0
1133 65 14443 0 0 0
1134 65 14402 0 0 0
1135 65 14410 0 0 0
1136 65 14403 0 0 0
1137 65 14433 0 0 0
1138 65 14405 0 0 0
1139 65 14370 0 0 0
1140 65 14352 0 0 0
1141 65 14372 0 0 0
1142 65 14350 0 0 0
1143 66 14509 0 0 0
1144 65 14289 0 0 0
1145 66 14550 0 0 0
1146 65 14346 0 0 0
1147 66 14514 0 0 0
1148 65 14261 0 0 0
1149 65 14298 0 0 0
1150 65 14393 0 0 0
1151 65 14372 0 0 0
1152 66 14521 0 0 0
1153 65 14279 0 0 0
1154 66 14513 0 0 0
1155 66 14438 0 0 0
1156 67 14511 0 0 0
1157 67 14406 0 0 0
1158 67 14325 0 0 0
1159 67 14269 0 0 0
1160 68 14429 0 0 0
1161 69 14516 0 0 0
1162 69 14343 0 0 0
1163 70 14469 0 0 0
1164 70 14458 0 0 0
1165 70 14416 0 0 0
1166 70 14373 0 0 0
1167 69 14239 0 0 0
1168 69 14340 0 0 0
1169 69 14365 0 0 0
1170 69 14407 0 0 0
1171 69 14444 0 0 0
1172 68 14311 0 0 0
1173 68 14319 0 0 0
1174 68 14320 0 0 0
1175 68 14405 0 0 0
1176 67 14227 0 0 0
1177 68 14478 0 0 0
1178 67 14293 0 0 0
1179 68 14543 0 0 0
1180 67 14363 0 0 0
1181 67 14369 0 0 0
1182 68 14571 0 0 0
1183 67 14380 0 0 0
1184 68 14572 0 0 0
1185 67 14423 0 0 0
1186 67 14542 0 0 0
1187 66 14338 0 0 0
1188 66 14363 0 0 0
1189 66 14389 0 0 0
1190 66 14403 0 0 0
1191 66 14395 0 0 0
1192 66 14368 0 0 0
1193 66 14377 0 0 0
1194 65 14189 0 0 0
1195 66 14432 0 0 0
1196 65 14242 0 0 0
1197 66 14443 0 0 0
1198 66 14398 0 0 0
1199 66 14375 0 0 0
1200 66 14429 0 0 0
1201 65 14267 0 0 0
1202 66 14520 0 0 0
1203 65 14344 0 0 0
1204 65 14393 0 0 0
1205 65 14451 0 0 0
1206 65 14473 0 0 0
1207 65 14468 0 0 0
1208 65 14479 0 0 0
1209 64 14292 0 0 0
1210 64 14299 0 0 0
1211 65 14470 0 0 0
1212 65 14392 0 0 0
1213 66 14555 0 0 0
1214 65 14293 0 0 0
1215 66 14435 0 0 0
1216 66 14424 0 0 0
1217 66 14417 0 0 0
1218 66 14385 0 0 0
1219 66 14340 0 0 0
1220 66 14352 0 0 0
1221 67 14571 0 0 0
1222 66 14327 0 0 0
1223 66 14391 0 0 0
1224 66 14427 0 0 0
1225 66 14448 0 0 0
1226 66 14440 0 0 0
1227 66 14480 0 0 0
1228 66 14436 0 0 0
1229 66 14435 0 0 0
1230 66 14437 0 0 0
1231 65 14261 0 0 0
1232 66 14486 0 0 0
1233 65 14266 0 0 0
1234 66 14568 0 0 0
1235 65 14403 0 0 0
1236 65 14413 0 0 0
1237 64 14209 0 0 0
1238 65 14457 0 0 0
1239 64 14241 0 0 0
1240 65 14504 0 0 0
1241 64 14278 0 0 0
1242 64 14305 0 0 0
1243 65 14547 0 0 0
1244 64 14306 0 0 0
1245 65 14560 0 0 0
1246 64 14294 0 0 0
1247 65 14446 0 0 0
1248 65 14370 0 0 0
1249 66 14544 0 0 0
1250 65 14295 0 0 0
1251 66 14502 0 0 0
1252 65 14243 0 0 0
1253 66 14408 0 0 0
1254 66 14393 0 0 0
1255 66 14388 0 0 0
1256 66 14398 0 0 0
1257 66 14366 0 0 0
1258 66 14347 0 0 0
1259 66 14381 0 0 0
1260 66 14463 0 0 0
1261 65 14282 0 0 0
1262 66 14557 0 0 0
1263 65 14398 0 0 0
1264 65 14471 0 0 0
1265 64 14356 0 0 0
1266 64 14401 0 0 0
1267 64 14434 0 0 0
1268 64 14461 0 0 0
1269 63 14281 0 0 0
1270 64 14559 0 0 0
1271 63 14363 0 0 0
1272 63 14347 0 0 0
1273 64 14490 0 0 0
1274 64 14372 0 0 0
1275 64 14302 0 0 0
1276 64 14299 0 0 0
1277 65 14459 0 0 0
1278 65 14405 0 0 0
1279 65 14388 0 0 0
1280 65 14392 0 0 0
1281 66 14547 0 0 0
1282 65 14239 0 0 0
1283 66 14351 0 0 0
1284 67 14512 0 0 0
1285 66 14309 0 0 0
1286 66 14339 0 0 0
1287 67 14545 0 0 0
1288 67 14459 0 0 0
1289 67 14391 0 0 0
1290 68 14576 0 0 0
1291 67 14294 0 0 0
1292 68 14495 0 0 0
1293 67 14294 0 0 0
1294 68 14540 0 0 0
1295 68 14515 0 0 0
1296 67 14322 0 0 0
1297 68 14561 0 0 0
1298 67 14355 0 0 0
1299 67 14284 0 0 0
1300 68 14516 0 0 0
1301 67 14322 0 0 0
1302 67 14308 0 0 0
1303 68 14500 0 0 0
1304 67 14255 0 0 0
1305 68 14439 0 0 0
1306 68 14385 0 0 0
1307 67 14267 0 0 0
1308 68 14502 0 0 0
1309 67 14224 0 0 0
1310 69 14494 0 0 0
1311 68 14322 0 0 0
1312 68 14408 0 0 0
1313 68 14457 0 0 0
1314 68 14485 0 0 0
1315 68 14466 0 0 0
1316 68 14381 0 0 0
1317 68 14396 0 0 0
1318 67 14260 0 0 0
1319 68 14503 0 0 0
1320 67 14266 0 0 0
1321 68 14498 0 0 0
1322 67 14425 0 0 0
1323 68 14533 0 0 0
1324 68 14342 0 0 0
1325 68 14371 0 0 0
1326 68 14361 0 0 0
1327 68 14386 0 0 0
1328 68 14393 0 0 0
1329 68 14402 0 0 0
1330 69 14579 0 0 0
1331 68 14318 0 0 0
1332 68 14376 0 0 0
1333 68 14392 0 0 0
1334 68 14388 0 0 0
1335 68 14395 0 0 0
1336 68 14436 0 0 0
1337 69 14543 0 0 0
1338 68 14280 0 0 0
1339 68 14286 0 0 0
1340 69 14592 0 0 0
1341 68 14368 0 0 0
1342 68 14320 0 0 0
1343 69 14494 0 0 0
1344 69 14472 0 0 0
1345 68 14302 0 0 0
1346 68 14298 0 0 0
1347 68 14465 0 0 0
1348 67 14371 0 0 0
1349 66 14207 0 0 0
1350 67 14473 0 0 0
1351 67 14489 0 0 0
1352 66 14255 0 0 0
1353 67 14468 0 0 0
1354 67 14482 0 0 0
1355 66 14297 0 0 0
1356 67 14481 0 0 0
1357 67 14446 0 0 0
1358 67 14485 0 0 0
1359 66 14209 0 0 0
1360 67 14359 0 0 0
1361 68 14612 0 0 0
1362 67 14450 0 0 0
1363 66 14255 0 0 0
1364 67 14504 0 0 0
1365 66 14310 0 0 0
1366 66 14261 0 0 0
1367 67 14493 0 0 0
1368 66 14270 0 0 0
1369 67 14512 0 0 0
1370 66 14289 0 0 0
1371 67 14534 0 0 0
1372 66 14316 0 0 0
1373 66 14291 0 0 0
1374 67 14460 0 0 0
1375 67 14423 0 0 0
1376 67 14357 0 0 0
1377 67 14378 0 0 0
1378 67 14452 0 0 0
1379 67 14425 0 0 0
1380 67 14487 0 0 0
1381 66 14275 0 0 0
1382 67 14470 0 0 0
1383 66 14308 0 0 0
1384 66 14406 0 0 0
1385 66 14470 0 0 0
1386 65 14308 0 0 0
1387 65 14364 0 0 0
1388 65 14455 0 0 0
1389 65 14484 0 0 0
1390 64 14386 0 0 0
1391 63 14249 0 0 0
1392 64 14483 0 0 0
1393 64 14487 0 0 0
1394 63 14337 0 0 0
1395 64 14542 0 0 0
1396 64 14504 0 0 0
1397 63 14259 0 0 0
1398 64 14457 0 0 0
1399 64 14487 0 0 0
1400 63 14245 0 0 0
1401 64 14452 0 0 0
1402 64 14376 0 0 0
1403 65 14556 0 0 0
1404 64 14277 0 0 0
1405 64 14277 0 0 0
1406 65 14442 0 0 0
1407 65 14398 0 0 0
1408 65 14355 0 0 0
1409 66 14537 0 0 0
1410 65 14258 0 0 0
1411 66 14474 0 0 0
1412 66 14505 0 0 0
1413 65 14314 0 0 0
1414 65 14353 0 0 0
1415 65 14400 0 0 0
1416 65 14431 0 0 0
1417 65 14427 0 0 0
1418 65 14486 0 0 0
1419 64 14305 0 0 0
1420 64 14329 0 0 0
1421 64 14347 0 0 0
1422 64 14395 0 0 0
1423 64 14329 0 0 0
1424 65 14433 0 0 0
1425 65 14364 0 0 0
1426 65 14362 0 0 0
1427 65 14312 0 0 0
1428 65 14354 0 0 0
1429 65 14417 0 0 0
1430 64 14260 0 0 0
1431 64 14333 0 0 0
1432 65 14612 0 0 0
1433 64 14434 0 0 0
1434 64 14483 0 0 0
1435 64 14509 0 0 0
1436 63 14334 0 0 0
1437 63 14354 0 0 0
1438 64 14543 0 0 0
1439 63 14308 0 0 0
1440 64 14429 0 0 0
1441 64 14342 0 0 0
1442 65 14481 0 0 0
1443 65 14411 0 0 0
1444 65 14394 0 0 0
1445 65 14380 0 0 0
1446 65 14350 0 0 0
1447 65 14343 0 0 0
1448 65 14349 0 0 0
1449 66 14523 0 0 0
1450 65 14293 0 0 0
1451 66 14530 0 0 0
1452 65 14327 0 0 0
1453 66 14505 0 0 0
1454 66 14436 0 0 0
1455 67 14569 0 0 0
1456 66 14288 0 0 0
1457 67 14471 0 0 0
1458 67 14427 0 0 0
1459 67 14423 0 0 0
1460 67 14457 0 0 0
1461 67 14381 0 0 0
1462 68 14581 0 0 0
1463 67 14408 0 0 0
1464 67 14442 0 0 0
1465 66 14307 0 0 0
1466 66 14385 0 0 0
1467 65 14236 0 0 0
1468 66 14459 0 0 0
1469 65 14221 0 0 0
1470 66 14470 0 0 0
1471 65 14297 0 0 0
1472 66 14486 0 0 0
1473 65 14438 0 0 0
1474 64 14307 0 0 0
1475 64 14304 0 0 0
1476 64 14342 0 0 0
1477 65 14559 0 0 0
1478 64 14331 0 0 0
1479 65 14565 0 0 0
1480 64 14420 0 0 0
1481 64 14500 0 0 0
1482 63 14354 0 0 0
1483 64 14540 0 0 0
1484 63 14254 0 0 0
1485 64 14412 0 0 0
1486 64 14354 0 0 0
1487 64 14346 0 0 0
1488 65 14511 0 0 0
1489 65 14419 0 0 0
1490 65 14366 0 0 0
1491 65 14298 0 0 0
1492 66 14390 0 0 0
1493 66 14362 0 0 0
1494 67 14498 0 0 0
1495 66 14220 0 0 0
1496 67 14501 0 0 0
1497 66 14319 0 0 0
1498 66 14377 0 0 0
1499 66 14409 0 0 0
1500 66 14464 0 0 0
1501 65 14346 0 0 0
1502 65 14384 0 0 0
1503 65 14394 0 0 0
1504 65 14335 0 0 0
1505 66 14383 0 0 0
1506 66 14389 0 0 0
1507 66 14446 0 0 0
1508 65 14291 0 0 0
1509 66 14516 0 0 0
1510 66 14447 0 0 0
1511 67 14582 0 0 0
