block n60 sum_rr60 bad60 hold drowsy alert
0 3 656 3 1 0 0
1 8 1788 3 1 0 0
2 14 3086 3 1 0 0
3 19 4176 3 1 0 0
4 24 5295 3 1 0 0
5 30 6547 3 1 0 0
6 35 7716 3 1 0 0
7 40 8897 3 1 0 0
8 45 10061 3 1 0 0
9 51 11456 3 1 0 0
10 56 12608 3 1 0 0
11 61 13693 3 1 0 0
12 64 14396 0 1 0 0
13 64 14389 0 1 0 0
14 63 14292 0 1 0 0
15 63 14430 0 1 0 0
16 63 14424 0 1 0 0
17 62 14331 0 1 0 0
18 63 14567 0 1 0 0
19 63 14551 0 1 0 0
20 63 14492 0 1 0 0
21 63 14424 0 1 0 0
22 63 14372 0 1 0 0
23 64 14587 0 1 0 0
24 63 14350 0 1 0 0
25 63 14332 0 1 0 0
26 64 14480 0 1 0 0
27 64 14357 0 1 0 0
28 64 14353 0 1 0 0
29 65 14482 0 1 0 0
30 64 14223 0 1 0 0
31 65 14440 0 1 0 0
32 65 14443 0 1 0 0
33 64 14250 0 1 0 0
34 65 14407 0 1 0 0
35 65 14394 0 1 0 0
36 65 14328 0 0 0 0
37 66 14545 0 0 0 0
38 65 14353 0 0 0 0
39 65 14404 0 0 0 0
40 65 14397 0 0 0 0
41 65 14427 0 0 0 0
42 65 14415 0 0 0 0
43 65 14353 0 0 0 0
44 65 14309 0 0 0 0
45 66 14522 0 0 0 0
46 65 14409 0 0 0 0
47 64 14225 0 0 0 0
48 65 14478 0 0 0 0
49 65 14347 0 0 0 0
50 66 14417 0 0 0 0
51 67 14501 0 0 0 0
52 67 14465 0 0 0 0
53 67 14444 0 0 0 0
54 67 14402 0 0 0 0
55 67 14317 0 0 0 0
56 68 14485 0 0 0 0
57 68 14424 0 0 0 0
58 68 14420 0 0 0 0
59 68 14438 0 0 0 0
60 68 14450 0 0 0 0
61 67 14381 0 0 0 0
62 66 14280 0 0 0 0
63 66 14375 0 0 0 0
64 66 14441 0 0 0 0
65 65 14267 0 0 0 0
66 66 14534 0 0 0 0
67 65 14420 0 0 0 0
68 64 14347 0 0 0 0
69 63 14226 0 0 0 0
70 64 14427 0 0 0 0
71 64 14391 0 0 0 0
72 64 14368 0 0 0 0
73 65 14495 0 0 0 0
74 65 14484 0 0 0 0
75 64 14258 0 0 0 0
76 65 14424 0 0 0 0
77 65 14441 0 0 0 0
78 64 14206 0 0 0 0
79 65 14467 0 0 0 0
80 65 14433 0 0 0 0
81 65 14427 0 0 0 0
82 65 14423 0 0 0 0
83 65 14438 0 0 0 0
84 65 14356 0 0 0 0
85 64 14207 0 0 0 0
86 65 14359 0 0 0 0
87 66 14558 0 0 0 0
88 65 14377 0 0 0 0
89 65 14417 0 0 0 0
90 65 14425 0 0 0 0
91 65 14376 0 0 0 0
92 65 14350 0 0 0 0
93 66 14520 0 0 0 0
94 65 14316 0 0 0 0
95 65 14336 0 0 0 0
96 65 14454 0 0 0 0
97 65 14482 0 0 0 0
98 65 14528 0 0 0 0
99 64 14352 0 0 0 0
100 64 14324 0 0 0 0
101 65 14403 0 0 0 0
102 66 14470 0 0 0 0
103 66 14464 0 0 0 0
104 66 14398 0 0 0 0
105 66 14387 0 0 0 0
106 67 14479 0 0 0 0
107 67 14470 0 0 0 0
108 66 14250 0 0 0 0
109 67 14478 0 0 0 0
110 66 14308 0 0 0 0
111 67 14477 0 0 0 0
112 67 14530 0 0 0 0
113 66 14402 0 0 0 0
114 66 14531 0 0 0 0
115 65 14225 0 0 0 0
116 66 14501 0 0 0 0
117 65 14250 0 0 0 0
118 65 14320 0 0 0 0
119 66 14497 0 0 0 0
120 66 14534 0 0 0 0
121 65 14293 0 0 0 0
122 66 14452 0 0 0 0
123 65 14259 0 0 0 0
124 66 14414 0 0 0 0
125 66 14393 0 0 0 0
126 66 14356 0 0 0 0
127 66 14414 0 0 0 0
128 66 14287 0 0 0 0
129 67 14488 0 0 0 0
130 67 14469 0 0 0 0
131 67 14420 0 0 0 0
132 68 14463 0 0 0 0
133 68 14426 0 0 0 0
134 68 14430 0 0 0 0
135 68 14447 0 0 0 0
136 67 14276 0 0 0 0
137 68 14514 0 0 0 0
138 67 14295 0 0 0 0
139 68 14555 0 0 0 0
140 67 14465 0 0 0 0
141 67 14394 0 0 0 0
142 66 14227 0 0 0 0
143 66 14289 0 0 0 0
144 65 14201 0 0 0 0
145 66 14413 0 0 0 0
146 66 14411 0 0 0 0
147 67 14469 0 0 0 0
148 68 14564 0 0 0 0
149 68 14419 0 0 0 0
150 69 14533 0 0 0 0
151 68 14211 0 0 0 0
152 69 14437 0 0 0 0
153 68 14305 0 0 0 0
154 69 14520 0 0 0 0
155 68 14311 0 0 0 0
156 69 14530 0 0 0 0
157 68 14298 0 0 0 0
158 68 14275 0 0 0 0
159 68 14396 0 0 0 0
160 67 14290 0 0 0 0
161 67 14314 0 0 0 0
162 67 14412 0 0 0 0
163 67 14426 0 0 0 0
164 67 14346 0 0 0 0
165 67 14409 0 0 0 0
166 67 14370 0 0 0 0
167 68 14488 0 0 0 0
168 68 14399 0 0 0 0
169 69 14584 0 0 0 0
170 69 14532 0 0 0 0
171 68 14298 0 0 0 0
172 69 14411 0 0 0 0
173 69 14432 0 0 0 0
174 68 14225 0 0 0 0
175 69 14532 0 0 0 0
176 68 14403 0 0 0 0
177 69 14592 0 0 0 0
178 68 14385 0 0 0 0
179 68 14482 0 0 0 0
180 67 14308 0 0 0 0
181 67 14420 0 0 0 0
182 66 14305 0 0 0 0
183 66 14348 0 0 0 0
184 66 14452 0 0 0 0
185 65 14299 0 0 0 0
186 66 14576 0 0 0 0
187 65 14389 0 0 0 0
188 65 14364 0 0 0 0
189 65 14257 0 0 0 0
190 66 14482 0 0 0 0
191 66 14397 0 0 0 0
192 66 14428 0 0 0 0
193 65 14219 0 0 0 0
194 66 14481 0 0 0 0
195 66 14479 0 0 0 0
196 66 14447 0 0 0 0
197 66 14387 0 0 0 0
198 66 14331 0 0 0 0
199 66 14260 0 0 0 0
200 67 14529 0 0 0 0
201 66 14368 0 0 0 0
202 66 14435 0 0 0 0
203 65 14275 0 0 0 0
204 66 14534 0 0 0 0
205 66 14520 0 0 0 0
206 65 14239 0 0 0 0
207 66 14382 0 0 0 0
208 66 14350 0 0 0 0
209 67 14512 0 0 0 0
210 67 14392 0 0 0 0
211 68 14520 0 0 0 0
212 67 14334 0 0 0 0
213 67 14413 0 0 0 0
214 67 14405 0 0 0 0
215 67 14476 0 0 0 0
216 67 14366 0 0 0 0
217 68 14437 0 0 0 0
218 68 14469 0 0 0 0
219 67 14318 0 0 0 0
220 67 14334 0 0 0 0
221 67 14436 0 0 0 0
222 67 14460 0 0 0 0
223 66 14371 0 0 0 0
224 66 14292 0 0 0 0
225 67 14497 0 0 0 0
226 66 14324 0 0 0 0
227 66 14294 0 0 0 0
228 66 14355 0 0 0 0
229 65 14269 0 0 0 0
230 66 14347 0 0 0 0
231 67 14517 0 0 0 0
232 66 14343 0 0 0 0
233 65 14211 0 0 0 0
234 65 14295 0 0 0 0
235 65 14304 0 0 0 0
236 67 14545 0 0 0 0
237 67 14392 0 0 0 0
238 68 14449 0 0 0 0
239 68 14503 0 0 0 0
240 67 14353 0 0 0 0
241 67 14333 0 0 0 0
242 67 14558 0 0 0 0
243 66 14407 0 0 0 0
244 66 14464 0 0 0 0
245 66 14461 0 0 0 0
246 65 14361 0 0 0 0
247 65 14390 0 0 0 0
248 64 14367 0 0 0 0
249 64 14396 0 0 0 0
250 63 14254 0 0 0 0
251 64 14375 0 0 0 0
252 65 14482 0 0 0 0
253 65 14478 0 0 0 0
254 65 14293 0 0 0 0
255 65 14387 0 0 0 0
256 65 14345 0 0 0 0
257 66 14539 0 0 0 0
258 66 14532 0 0 0 0
259 66 14511 0 0 0 0
260 65 14390 0 0 0 0
261 64 14368 0 0 0 0
262 64 14411 0 0 0 0
263 63 14341 0 0 0 0
264 63 14328 0 0 0 0
265 64 14413 0 0 0 0
266 64 14344 0 0 0 0
267 66 14485 0 0 0 0
268 66 14499 0 0 0 0
269 65 14296 0 0 0 0
270 65 14297 0 0 0 0
271 66 14421 0 0 0 0
272 66 14433 0 0 0 0
273 66 14361 0 0 0 0
274 67 14547 0 0 0 0
275 67 14450 0 0 0 0
276 66 14376 0 0 0 0
277 65 14361 0 0 0 0
278 65 14540 0 0 0 0
279 63 14325 0 0 0 0
280 64 14436 0 0 0 0
281 65 14488 0 0 0 0
282 65 14385 0 0 0 0
283 65 14401 0 0 0 0
284 65 14322 0 0 0 0
285 65 14494 0 0 0 0
286 64 14318 0 0 0 0
287 65 14443 0 0 0 0
288 65 14375 0 0 0 0
289 66 14489 0 0 0 0
290 65 14254 0 0 0 0
291 66 14397 0 0 0 0
292 65 14232 0 0 0 0
293 65 14250 0 0 0 0
294 66 14405 0 0 0 0
295 66 14470 0 0 0 0
296 66 14441 0 0 0 0
297 66 14284 0 0 0 0
298 67 14407 0 0 0 0
299 67 14347 0 0 0 0
300 68 14463 0 0 0 0
301 68 14371 0 0 0 0
302 69 14514 0 0 0 0
303 69 14482 0 0 0 0
304 69 14479 0 0 0 0
305 69 14573 0 0 0 0
306 68 14481 0 0 0 0
307 67 14301 0 0 0 0
308 67 14322 0 0 0 0
309 68 14466 0 0 0 0
310 67 14313 0 0 0 0
311 67 14504 0 0 0 0
312 66 14373 0 0 0 0
313 66 14521 0 0 0 0
314 65 14408 0 0 0 0
315 64 14275 0 0 0 0
316 64 14311 0 0 0 0
317 64 14352 0 0 0 0
318 64 14330 0 0 0 0
319 64 14280 0 0 0 0
320 65 14435 0 0 0 0
321 65 14356 0 0 0 0
322 66 14467 0 0 0 0
323 65 14219 0 0 0 0
324 66 14473 0 0 0 0
325 65 14238 0 0 0 0
326 66 14429 0 0 0 0
327 66 14410 0 0 0 0
328 66 14425 0 0 0 0
329 66 14377 0 0 0 0
330 67 14519 0 0 0 0
331 67 14480 0 0 0 0
332 67 14403 0 0 0 0
333 68 14556 0 0 0 0
334 67 14372 0 0 0 0
335 68 14530 0 0 0 0
336 67 14299 0 0 0 0
337 68 14491 0 0 0 0
338 67 14224 0 0 0 0
339 68 14433 0 0 0 0
340 68 14419 0 0 0 0
341 68 14434 0 0 0 0
342 67 14293 0 0 0 0
343 68 14508 0 0 0 0
344 67 14391 0 0 0 0
345 66 14398 0 0 0 0
346 66 14439 0 0 0 0
347 65 14269 0 0 0 0
348 66 14523 0 0 0 0
349 65 14321 0 0 0 0
350 66 14451 0 0 0 0
351 66 14345 0 0 0 0
352 67 14360 0 0 0 0
353 67 14356 0 0 0 0
354 67 14361 0 0 0 0
355 66 14226 0 0 0 0
356 67 14451 0 0 0 0
357 67 14269 0 0 0 0
358 67 14319 0 0 0 0
359 68 14528 0 0 0 0
360 67 14269 0 0 0 0
361 68 14522 0 0 0 0
362 67 14443 0 0 0 0
363 67 14525 0 0 0 0
364 66 14474 0 0 0 0
365 66 14381 0 0 0 0
366 67 14466 0 0 0 0
367 68 14481 0 0 0 0
368 68 14454 0 0 0 0
369 67 14366 0 0 0 0
370 68 14572 0 0 0 0
371 67 14370 0 0 0 0
372 67 14398 0 0 0 0
373 67 14389 0 0 0 0
374 66 14062 1 0 0 0
375 65 13935 1 0 0 0
376 65 13918 1 0 0 0
377 65 13890 1 0 0 0
378 65 13995 1 0 0 0
379 64 13905 1 0 0 0
380 64 13933 1 0 0 0
381 64 13957 1 0 0 0
382 64 13967 1 0 0 0
383 65 14079 1 0 0 0
384 65 13961 1 0 0 0
385 65 14002 1 0 0 0
386 67 14362 0 0 0 0
387 68 14450 0 0 0 0
388 68 14466 0 0 0 0
389 68 14574 0 0 0 0
390 67 14390 0 0 0 0
391 67 14437 0 0 0 0
392 67 14488 0 0 0 0
393 67 14525 0 0 0 0
394 66 14332 0 0 0 0
395 65 14215 0 0 0 0
396 66 14501 0 0 0 0
397 65 14237 0 0 0 0
398 66 14429 0 0 0 0
399 65 14237 0 0 0 0
400 66 14442 0 0 0 0
401 65 14320 0 0 0 0
402 65 14356 0 0 0 0
403 65 14340 0 0 0 0
404 65 14288 0 0 0 0
405 66 14399 0 0 0 0
406 67 14402 0 0 0 0
407 68 14532 0 0 0 0
408 67 14270 0 0 0 0
409 68 14416 0 0 0 0
410 66 14271 0 0 0 0
411 66 14350 0 0 0 0
412 65 14273 0 0 0 0
413 66 14401 0 0 0 0
414 66 14401 0 0 0 0
415 66 14420 0 0 0 0
416 66 14346 0 0 0 0
417 66 14301 0 0 0 0
418 66 14443 0 0 0 0
419 65 14346 0 0 0 0
420 65 14422 0 0 0 0
421 65 14537 0 0 0 0
422 65 14375 0 0 0 0
423 65 14398 0 0 0 0
424 65 14387 0 0 0 0
425 65 14430 0 0 0 0
426 65 14347 0 0 0 0
427 66 14432 0 0 0 0
428 66 14434 0 0 0 0
429 66 14517 0 0 0 0
430 65 14325 0 0 0 0
431 66 14409 0 0 0 0
432 67 14517 0 0 0 0
433 67 14381 0 0 0 0
434 68 14560 0 0 0 0
435 68 14522 0 0 0 0
436 69 14521 0 0 0 0
437 69 14433 0 0 0 0
438 70 14516 0 0 0 0
439 70 14410 0 0 0 0
440 70 14404 0 0 0 0
441 70 14435 0 0 0 0
442 71 14488 0 0 0 0
443 70 14378 0 0 0 0
444 70 14471 0 0 0 0
445 69 14323 0 0 0 0
446 69 14365 0 0 0 0
447 70 14466 0 0 0 0
448 69 14361 0 0 0 0
449 68 14225 0 0 0 0
450 68 14357 0 0 0 0
451 67 14363 0 0 0 0
452 67 14476 0 0 0 0
453 67 14358 0 0 0 0
454 67 14362 0 0 0 0
455 68 14515 0 0 0 0
456 67 14245 0 0 0 0
457 68 14445 0 0 0 0
458 68 14442 0 0 0 0
459 67 14349 0 0 0 0
460 68 14525 0 0 0 0
461 68 14542 0 0 0 0
462 67 14376 0 0 0 0
463 68 14548 0 0 0 0
464 67 14255 0 0 0 0
465 67 14386 0 0 0 0
466 68 14460 0 0 0 0
467 67 14203 0 0 0 0
468 68 14462 0 0 0 0
469 67 14326 0 0 0 0
470 66 14189 0 0 0 0
471 67 14483 0 0 0 0
472 66 14262 0 0 0 0
473 67 14387 0 0 0 0
474 68 14526 0 0 0 0
475 67 14284 0 0 0 0
476 68 14509 0 0 0 0
477 68 14440 0 0 0 0
478 67 14380 0 0 0 0
479 68 14495 0 0 0 0
480 68 14338 0 0 0 0
481 69 14389 0 0 0 0
482 70 14618 0 0 0 0
483 69 14251 0 0 0 0
484 70 14524 0 0 0 0
485 70 14455 0 0 0 0
486 69 14258 0 0 0 0
487 70 14400 0 0 0 0
488 70 14241 1 0 0 0
489 70 14188 1 0 0 0
490 70 14247 1 0 0 0
491 69 14255 1 0 0 0
492 68 14277 1 0 0 0
493 67 14164 1 0 0 0
494 67 14184 1 0 0 0
495 67 14302 1 0 0 0
496 66 14105 1 0 0 0
497 66 14156 1 0 0 0
498 68 14334 1 0 0 0
499 68 14362 1 0 0 0
500 68 14367 0 0 0 0
501 68 14360 0 0 0 0
502 68 14403 0 0 0 0
503 68 14372 0 0 0 0
504 69 14394 0 0 0 0
505 70 14588 0 0 0 0
506 69 14316 0 0 0 0
507 70 14441 0 0 0 0
508 70 14377 0 0 0 0
509 70 14445 0 0 0 0
510 68 14274 0 0 0 0
511 68 14384 0 0 0 0
512 67 14348 0 0 0 0
513 67 14437 0 0 0 0
514 66 14225 0 0 0 0
515 67 14404 0 0 0 0
516 66 14319 0 0 0 0
517 66 14410 0 0 0 0
518 66 14433 0 0 0 0
519 65 14281 0 0 0 0
520 66 14378 0 0 0 0
521 66 14339 0 0 0 0
522 67 14551 0 0 0 0
523 66 14389 0 0 0 0
524 66 14483 0 0 0 0
525 65 14302 0 0 0 0
526 65 14425 0 0 0 0
527 64 14346 0 0 0 0
528 64 14457 0 0 0 0
529 63 14267 0 0 0 0
530 63 14298 0 0 0 0
531 63 14311 0 0 0 0
532 63 14570 0 0 0 0
533 62 14469 0 0 0 0
534 61 14325 0 0 0 0
535 61 14415 0 0 0 0
536 62 14429 0 0 0 0
537 63 14416 0 0 0 0
538 64 14478 0 0 0 0
539 64 14380 0 0 0 0
540 65 14477 0 0 0 0
541 65 14375 0 0 0 0
542 66 14580 0 0 0 0
543 66 14564 0 0 0 0
544 65 14357 0 0 0 0
545 65 14372 0 0 0 0
546 65 14398 0 0 0 0
547 65 14306 0 0 0 0
548 64 14271 0 0 0 0
549 64 14469 0 0 0 0
550 64 14450 0 0 0 0
551 64 14404 0 0 0 0
552 64 14391 0 0 0 0
553 64 14468 0 0 0 0
554 63 14220 0 0 0 0
555 63 14255 0 0 0 0
556 64 14360 0 0 0 0
557 64 14309 0 0 0 0
558 64 14307 0 0 0 0
559 65 14452 0 0 0 0
560 66 14513 0 0 0 0
561 65 14271 0 0 0 0
562 65 14348 0 0 0 0
563 65 14513 0 0 0 0
564 64 14294 0 0 0 0
565 64 14273 0 0 0 0
566 65 14527 0 0 0 0
567 65 14465 0 0 0 0
568 64 14341 0 0 0 0
569 65 14538 0 0 0 0
570 65 14428 0 0 0 0
571 65 14449 0 0 0 0
572 64 14287 0 0 0 0
573 65 14568 0 0 0 0
574 65 14471 0 0 0 0
575 65 14320 0 0 0 0
576 65 14377 0 0 0 0
577 66 14584 0 0 0 0
578 66 14400 0 0 0 0
579 67 14481 0 0 0 0
580 68 14552 0 0 0 0
581 67 14255 0 0 0 0
582 67 14340 0 0 0 0
583 66 14191 0 0 0 0
584 66 14331 0 0 0 0
585 66 14374 0 0 0 0
586 65 14284 0 0 0 0
587 66 14501 0 0 0 0
588 66 14497 0 0 0 0
589 65 14238 0 0 0 0
590 65 14369 0 0 0 0
591 64 14275 0 0 0 0
592 64 14336 0 0 0 0
593 64 14371 0 0 0 0
594 65 14534 0 0 0 0
595 65 14454 0 0 0 0
596 66 14540 0 0 0 0
597 66 14367 0 0 0 0
598 67 14423 0 0 0 0
599 67 14311 0 0 0 0
600 68 14451 0 0 0 0
601 68 14468 0 0 0 0
602 68 14431 0 0 0 0
603 68 14475 0 0 0 0
604 67 14313 0 0 0 0
605 67 14365 0 0 0 0
606 67 14424 0 0 0 0
607 67 14403 0 0 0 0
608 67 14373 0 0 0 0
609 67 14470 0 0 0 0
610 66 14423 0 0 0 0
611 65 14439 0 0 0 0
612 64 14335 0 0 0 0
613 65 14511 0 0 0 0
614 64 14278 0 0 0 0
615 65 14455 0 0 0 0
616 65 14411 0 0 0 0
617 66 14575 0 0 0 0
618 65 14280 0 0 0 0
619 66 14570 0 0 0 0
620 65 14434 0 0 0 0
621 64 14230 0 0 0 0
622 65 14359 0 0 0 0
623 66 14453 0 0 0 0
624 66 14395 0 0 0 0
625 65 14272 0 0 0 0
626 66 14577 0 0 0 0
627 65 14376 0 0 0 0
628 66 14529 0 0 0 0
629 65 14236 0 0 0 0
630 66 14522 0 0 0 0
631 65 14221 0 0 0 0
632 66 14370 0 0 0 0
633 66 14406 0 0 0 0
634 66 14468 0 0 0 0
635 65 14269 0 0 0 0
636 65 14290 0 0 0 0
637 66 14484 0 0 0 0
638 65 14232 0 0 0 0
639 66 14409 0 0 0 0
640 65 14262 0 0 0 0
641 66 14518 0 0 0 0
642 66 14424 0 0 0 0
643 66 14466 0 0 0 0
644 65 14409 0 0 0 0
645 65 14369 0 0 0 0
646 65 14365 0 0 0 0
647 66 14531 0 0 0 0
648 66 14412 0 0 0 0
649 66 14319 0 0 0 0
650 67 14505 0 0 0 0
651 66 14308 0 0 0 0
652 66 14409 0 0 0 0
653 65 14277 0 0 0 0
654 65 14269 0 0 0 0
655 66 14458 0 0 0 0
656 66 14321 0 0 0 0
657 67 14508 0 0 0 0
658 66 14310 0 0 0 0
659 65 14214 0 0 0 0
660 66 14509 0 0 0 0
661 65 14406 0 0 0 0
662 64 14274 0 0 0 0
663 64 14352 0 0 0 0
664 65 14447 0 0 0 0
665 65 14438 0 0 0 0
666 65 14481 0 0 0 0
667 64 14274 0 0 0 0
668 64 14374 0 0 0 0
669 64 14461 0 0 0 0
670 64 14478 0 0 0 0
671 64 14412 0 0 0 0
672 64 14452 0 0 0 0
673 65 14458 0 0 0 0
674 66 14541 0 0 0 0
675 66 14422 0 0 0 0
676 66 14493 0 0 0 0
677 66 14516 0 0 0 0
678 65 14339 0 0 0 0
679 65 14446 0 0 0 0
680 66 14498 0 0 0 0
681 66 14382 0 0 0 0
682 66 14327 0 0 0 0
683 66 14391 0 0 0 0
684 66 14319 0 0 0 0
685 65 14258 0 0 0 0
686 65 14415 0 0 0 0
687 65 14507 0 0 0 0
688 65 14343 0 0 0 0
689 65 14318 0 0 0 0
690 66 14426 0 0 0 0
691 67 14380 0 0 0 0
692 67 14424 0 0 0 0
693 66 14340 0 0 0 0
694 66 14442 0 0 0 0
695 67 14561 0 0 0 0
696 66 14354 0 0 0 0
697 67 14556 0 0 0 0
698 66 14299 0 0 0 0
699 67 14405 0 0 0 0
700 66 14247 0 0 0 0
701 67 14509 0 0 0 0
702 66 14420 0 0 0 0
703 65 14389 0 0 0 0
704 64 14305 0 0 0 0
705 65 14486 0 0 0 0
706 65 14333 0 0 0 0
707 64 14323 0 0 0 0
708 64 14404 0 0 0 0
709 64 14439 0 0 0 0
710 64 14458 0 0 0 0
711 63 14405 0 0 0 0
712 63 14528 0 0 0 0
713 62 14319 0 0 0 0
714 62 14396 0 0 0 0
715 63 14546 0 0 0 0
716 63 14450 0 0 0 0
717 63 14301 0 0 0 0
718 64 14496 0 0 0 0
719 65 14525 0 0 0 0
720 65 14496 0 0 0 0
721 64 14354 0 0 0 0
722 65 14456 0 0 0 0
723 65 14364 0 0 0 0
724 65 14283 0 0 0 0
725 66 14449 0 0 0 0
726 66 14325 0 0 0 0
727 66 14403 0 0 0 0
728 66 14457 0 0 0 0
729 65 14385 0 0 0 0
730 65 14477 0 0 0 0
731 65 14375 0 0 0 0
732 66 14427 0 0 0 0
733 67 14387 0 0 0 0
734 67 14286 0 0 0 0
735 68 14469 0 0 0 0
736 68 14415 0 0 0 0
737 68 14408 0 0 0 0
738 68 14520 0 0 0 0
739 67 14316 0 0 0 0
740 67 14357 0 0 0 0
741 68 14427 0 0 0 0
742 69 14383 0 0 0 0
743 70 14399 0 0 0 0
744 70 14433 0 0 0 0
745 69 14328 0 0 0 0
746 68 14344 0 0 0 0
747 68 14409 0 0 0 0
748 68 14530 0 0 0 0
749 67 14220 0 0 0 0
750 68 14412 0 0 0 0
751 68 14395 0 0 0 0
752 68 14365 0 0 0 0
753 67 14342 0 0 0 0
754 66 14423 0 0 0 0
755 64 14326 0 0 0 0
756 63 14230 0 0 0 0
757 64 14508 0 0 0 0
758 64 14499 0 0 0 0
759 63 14391 0 0 0 0
760 63 14415 0 0 0 0
761 61 14066 1 0 0 0
762 62 13956 1 0 0 0
763 64 14102 1 0 0 0
764 65 14101 1 0 0 0
765 67 14172 1 0 0 0
766 66 13823 1 0 0 0
767 67 13992 1 0 0 0
768 68 14120 1 0 0 0
769 67 13960 1 0 0 0
770 67 14017 1 0 0 0
771 67 13959 1 0 0 0
772 67 13850 1 0 0 0
773 70 14437 0 0 0 0
774 69 14311 0 0 0 0
775 69 14309 0 0 0 0
776 70 14421 0 0 0 0
777 69 14233 0 0 0 0
778 71 14552 0 0 0 0
779 70 14313 0 0 0 0
780 69 14283 0 0 0 0
781 69 14373 0 0 0 0
782 69 14392 0 0 0 0
783 69 14340 0 0 0 0
784 70 14589 0 0 0 0
785 70 14454 0 0 0 0
786 70 14501 0 0 0 0
787 69 14452 0 0 0 0
788 67 14315 0 0 0 0
789 67 14574 0 0 0 0
790 64 14217 0 0 0 0
791 65 14512 0 0 0 0
792 66 14537 0 0 0 0
793 67 14504 0 0 0 0
794 68 14438 0 0 0 0
795 68 14376 0 0 0 0
796 67 14210 0 0 0 0
797 66 14258 0 0 0 0
798 66 14318 0 0 0 0
799 64 13968 1 0 0 0
800 64 13964 1 0 0 0
801 65 13913 1 0 0 0
802 67 14172 1 0 0 0
803 66 13902 1 0 0 0
804 66 13891 1 0 0 0
805 65 13805 1 0 0 0
806 64 13836 1 0 0 0
807 64 13945 1 0 0 0
808 65 14158 1 0 0 0
809 65 14176 1 0 0 0
810 64 14012 1 0 0 0
811 66 14367 0 0 0 0
812 67 14500 0 0 0 0
813 66 14410 0 0 0 0
814 66 14379 0 0 0 0
815 67 14415 0 0 0 0
816 67 14463 0 0 0 0
817 67 14458 0 0 0 0
818 67 14399 0 0 0 0
819 68 14602 0 0 0 0
820 67 14394 0 0 0 0
821 67 14311 0 0 0 0
822 67 14353 0 0 0 0
823 67 14415 0 0 0 0
824 66 14269 0 0 0 0
825 66 14415 0 0 0 0
826 65 14318 0 0 0 0
827 65 14468 0 0 0 0
828 65 14335 0 0 0 0
829 67 14492 0 0 0 0
830 68 14495 0 0 0 0
831 68 14343 0 0 0 0
832 68 14332 0 0 0 0
833 68 14390 0 0 0 0
834 68 14392 0 0 0 0
835 68 14450 0 0 0 0
836 68 14449 0 0 0 0
837 68 14411 0 0 0 0
838 68 14411 0 0 0 0
839 67 14273 0 0 0 0
840 67 14363 0 0 0 0
841 66 14339 0 0 0 0
842 65 14318 0 0 0 0
843 65 14444 0 0 0 0
844 65 14371 0 0 0 0
845 66 14507 0 0 0 0
846 67 14570 0 0 0 0
847 67 14423 0 0 0 0
848 67 14365 0 0 0 0
849 67 14359 0 0 0 0
850 67 14371 0 0 0 0
851 67 14435 0 0 0 0
852 67 14572 0 0 0 0
853 66 14402 0 0 0 0
854 67 14495 0 0 0 0
855 67 14290 0 0 0 0
856 68 14351 0 0 0 0
857 68 14294 0 0 0 0
858 68 14402 0 0 0 0
859 67 14277 0 0 0 0
860 68 14534 0 0 0 0
861 67 14290 0 0 0 0
862 68 14440 0 0 0 0
863 69 14553 0 0 0 0
864 68 14321 0 0 0 0
865 68 14367 0 0 0 0
866 68 14480 0 0 0 0
867 67 14335 0 0 0 0
868 68 14558 0 0 0 0
869 67 14393 0 0 0 0
870 67 14351 0 0 0 0
871 67 14416 0 0 0 0
872 66 14311 0 0 0 0
873 66 14420 0 0 0 0
874 65 14297 0 0 0 0
875 65 14360 0 0 0 0
876 65 14364 0 0 0 0
877 66 14464 0 0 0 0
878 65 14265 0 0 0 0
879 66 14527 0 0 0 0
880 65 14406 0 0 0 0
881 65 14405 0 0 0 0
882 64 14225 0 0 0 0
883 65 14396 0 0 0 0
884 66 14456 0 0 0 0
885 67 14480 0 0 0 0
886 69 14618 0 0 0 0
887 69 14376 0 0 0 0
888 69 14305 0 0 0 0
889 69 14343 0 0 0 0
890 70 14377 0 0 0 0
891 70 14420 0 0 0 0
892 69 14261 0 0 0 0
893 69 14339 0 0 0 0
894 69 14456 0 0 0 0
895 68 14360 0 0 0 0
896 68 14466 0 0 0 0
897 67 14402 0 0 0 0
898 65 14215 0 0 0 0
899 65 14412 0 0 0 0
900 65 14403 0 0 0 0
901 65 14509 0 0 0 0
902 64 14519 0 0 0 0
903 63 14263 0 0 0 0
904 64 14400 0 0 0 0
905 65 14525 0 0 0 0
906 66 14554 0 0 0 0
907 66 14396 0 0 0 0
908 65 14197 0 0 0 0
909 65 14266 0 0 0 0
910 66 14494 0 0 0 0
911 66 14443 0 0 0 0
912 66 14402 0 0 0 0
913 66 14303 0 0 0 0
914 66 14291 0 0 0 0
915 66 14385 0 0 0 0
916 66 14486 0 0 0 0
917 66 14449 0 0 0 0
918 65 14270 0 0 0 0
919 66 14522 0 0 0 0
920 66 14505 0 0 0 0
921 66 14524 0 0 0 0
922 65 14397 0 0 0 0
923 64 14310 0 0 0 0
924 65 14562 0 0 0 0
925 64 14399 0 0 0 0
926 64 14354 0 0 0 0
927 65 14567 0 0 0 0
928 64 14378 0 0 0 0
929 64 14385 0 0 0 0
930 64 14410 0 0 0 0
931 63 14255 0 0 0 0
932 63 14297 0 0 0 0
933 64 14447 0 0 0 0
934 64 14320 0 0 0 0
935 65 14462 0 0 0 0
936 65 14433 0 0 0 0
937 66 14522 0 0 0 0
938 66 14504 0 0 0 0
939 66 14345 0 0 0 0
940 67 14355 0 0 0 0
941 67 14392 0 0 0 0
942 67 14384 0 0 0 0
943 68 14562 0 0 0 0
944 69 14568 0 0 0 0
945 69 14367 0 0 0 0
946 69 14387 0 0 0 0
947 68 14227 0 0 0 0
948 68 14357 0 0 0 0
949 67 14376 0 0 0 0
950 67 14475 0 0 0 0
951 66 14357 0 0 0 0
952 65 14329 0 0 0 0
953 65 14419 0 0 0 0
954 65 14471 0 0 0 0
955 65 14378 0 0 0 0
956 64 14234 0 0 0 0
957 64 14371 0 0 0 0
958 65 14509 0 0 0 0
959 65 14478 0 0 0 0
960 64 14253 0 0 0 0
961 65 14404 0 0 0 0
962 65 14288 0 0 0 0
963 66 14479 0 0 0 0
964 67 14509 0 0 0 0
965 67 14403 0 0 0 0
966 68 14465 0 0 0 0
967 67 14291 0 0 0 0
968 66 14102 1 0 0 0
969 66 13937 1 0 0 0
970 66 13991 1 0 0 0
971 67 14096 1 0 0 0
972 67 14063 1 0 0 0
973 67 14013 1 0 0 0
974 67 13987 1 0 0 0
975 67 14004 1 0 0 0
976 66 13898 1 0 0 0
977 66 13903 1 0 0 0
978 65 13850 1 0 0 0
979 66 13987 1 0 0 0
980 68 14413 0 0 0 0
981 67 14452 0 0 0 0
982 67 14461 0 0 0 0
983 66 14288 0 0 0 0
984 66 14329 0 0 0 0
985 66 14345 0 0 0 0
986 66 14359 0 0 0 0
987 66 14423 0 0 0 0
988 66 14556 0 0 0 0
989 65 14335 0 0 0 0
990 66 14486 0 0 0 0
991 65 14423 0 0 0 0
992 65 14394 0 0 0 0
993 65 14349 0 0 0 0
994 65 14399 0 0 0 0
995 65 14462 0 0 0 0
996 65 14448 0 0 0 0
997 65 14403 0 0 0 0
998 65 14449 0 0 0 0
999 64 14190 0 0 0 0
1000 65 14378 0 0 0 0
1001 65 14392 0 0 0 0
1002 64 14244 0 0 0 0
1003 65 14446 0 0 0 0
1004 64 14299 0 0 0 0
1005 65 14511 0 0 0 0
1006 64 14215 0 0 0 0
1007 65 14412 0 0 0 0
1008 66 14543 0 0 0 0
1009 65 14298 0 0 0 0
1010 66 14477 0 0 0 0
1011 66 14458 0 0 0 0
1012 65 14223 0 0 0 0
1013 66 14489 0 0 0 0
1014 67 14580 0 0 0 0
1015 66 14321 0 0 0 0
1016 67 14566 0 0 0 0
1017 66 14274 0 0 0 0
1018 67 14474 0 0 0 0
1019 66 14287 0 0 0 0
1020 66 14272 0 0 0 0
1021 67 14429 0 0 0 0
1022 67 14418 0 0 0 0
1023 68 14506 0 0 0 0
1024 69 14501 0 0 0 0
1025 69 14365 0 0 0 0
1026 68 14239 0 0 0 0
1027 69 14444 0 0 0 0
1028 68 14261 0 0 0 0
1029 68 14453 0 0 0 0
1030 67 14353 0 0 0 0
1031 69 14586 0 0 0 0
1032 68 14371 0 0 0 0
1033 68 14474 0 0 0 0
1034 67 14351 0 0 0 0
1035 66 14366 0 0 0 0
1036 65 14349 0 0 0 0
1037 65 14401 0 0 0 0
1038 66 14589 0 0 0 0
1039 65 14347 0 0 0 0
1040 65 14386 0 0 0 0
1041 66 14435 0 0 0 0
1042 67 14552 0 0 0 0
1043 65 14248 0 0 0 0
1044 66 14444 0 0 0 0
1045 66 14428 0 0 0 0
1046 66 14322 0 0 0 0
1047 67 14430 0 0 0 0
1048 67 14424 0 0 0 0
1049 67 14429 0 0 0 0
1050 68 14345 0 0 0 0
1051 69 14495 0 0 0 0
1052 71 14544 0 0 0 0
1053 71 14414 0 0 0 0
1054 70 14227 0 0 0 0
1055 71 14404 0 0 0 0
1056 71 14519 0 0 0 0
1057 70 14366 0 0 0 0
1058 71 14543 0 0 0 0
1059 70 14437 0 0 0 0
1060 70 14400 0 0 0 0
1061 71 14373 0 0 0 0
1062 71 14409 0 0 0 0
1063 71 14298 0 0 0 0
1064 70 14235 0 0 0 0
1065 69 14276 0 0 0 0
1066 70 14572 0 0 0 0
1067 69 14485 0 0 0 0
1068 68 14345 0 0 0 0
1069 68 14387 0 0 0 0
1070 67 14367 0 0 0 0
1071 67 14382 0 0 0 0
1072 67 14381 0 0 0 0
1073 66 14451 0 0 0 0
1074 64 14297 0 0 0 0
1075 64 14499 0 0 0 0
1076 63 14390 0 0 0 0
1077 63 14413 0 0 0 0
1078 63 14320 0 0 0 0
1079 63 14259 0 0 0 0
1080 65 14426 0 0 0 0
1081 66 14314 0 0 0 0
1082 67 14419 0 0 0 0
1083 67 14342 0 0 0 0
1084 67 14423 0 0 0 0
1085 66 14356 0 0 0 0
1086 66 14402 0 0 0 0
1087 65 14291 0 0 0 0
1088 66 14562 0 0 0 0
1089 66 14516 0 0 0 0
1090 65 14296 0 0 0 0
1091 67 14588 0 0 0 0
1092 66 14409 0 0 0 0
1093 65 14412 0 0 0 0
1094 65 14256 0 0 0 0
1095 67 14492 0 0 0 0
1096 67 14441 0 0 0 0
1097 67 14345 0 0 0 0
1098 67 14432 0 0 0 0
1099 67 14470 0 0 0 0
1100 66 14250 0 0 0 0
1101 67 14443 0 0 0 0
1102 67 14554 0 0 0 0
1103 65 14400 0 0 0 0
1104 64 14346 0 0 0 0
1105 64 14440 0 0 0 0
1106 64 14530 0 0 0 0
1107 62 14226 0 0 0 0
1108 63 14366 0 0 0 0
1109 64 14462 0 0 0 0
1110 64 14354 0 0 0 0
1111 64 14293 0 0 0 0
1112 65 14587 0 0 0 0
1113 64 14335 0 0 0 0
1114 64 14270 0 0 0 0
1115 66 14404 0 0 0 0
1116 67 14446 0 0 0 0
1117 68 14412 0 0 0 0
1118 68 14399 0 0 0 0
1119 69 14575 0 0 0 0
1120 68 14363 0 0 0 0
1121 68 14366 0 0 0 0
1122 68 14403 0 0 0 0
1123 69 14629 0 0 0 0
1124 68 14354 0 0 0 0
1125 68 14367 0 0 0 0
1126 69 14585 0 0 0 0
1127 67 14366 0 0 0 0
1128 66 14306 0 0 0 0
1129 65 14381 0 0 0 0
1130 64 14318 0 0 0 0
1131 63 14300 0 0 0 0
1132 63 14462 0 0 0 0
1133 62 14416 0 0 0 0
1134 62 14366 0 0 0 0
1135 62 14363 0 0 0 0
1136 63 14450 0 0 0 0
1137 63 14371 0 0 0 0
1138 63 14251 0 0 0 0
1139 64 14452 0 0 0 0
1140 64 14526 0 0 0 0
1141 63 14279 0 0 0 0
1142 63 14373 0 0 0 0
1143 63 14439 0 0 0 0
1144 63 14397 0 0 0 0
1145 63 14365 0 0 0 0
1146 63 14456 0 0 0 0
1147 62 14232 0 0 0 0
1148 61 14184 0 0 0 0
1149 61 14402 0 0 0 0
1150 61 14531 0 0 1 1
1151 60 14311 0 0 1 0
1152 61 14318 0 0 0 0
1153 62 14417 0 0 0 0
1154 63 14462 0 0 0 0
1155 63 14335 0 0 0 0
1156 63 14387 0 0 0 0
1157 63 14378 0 0 0 0
1158 63 14348 0 0 0 0
1159 64 14459 0 0 0 0
1160 65 14568 0 0 0 0
1161 65 14447 0 0 0 0
1162 64 14219 0 0 0 0
1163 65 14388 0 0 0 0
1164 64 14356 0 0 0 0
1165 65 14448 0 0 0 0
1166 65 14312 0 0 0 0
1167 66 14419 0 0 0 0
1168 67 14438 0 0 0 0
1169 68 14511 0 0 0 0
1170 68 14406 0 0 0 0
1171 68 14444 0 0 0 0
1172 67 14272 0 0 0 0
1173 68 14477 0 0 0 0
1174 68 14440 0 0 0 0
1175 68 14506 0 0 0 0
1176 68 14373 0 0 0 0
1177 68 14561 0 0 0 0
1178 67 14504 0 0 0 0
1179 66 14407 0 0 0 0
1180 65 14319 0 0 0 0
1181 64 14266 0 0 0 0
1182 65 14496 0 0 0 0
1183 66 14496 0 0 0 0
1184 67 14442 0 0 0 0
1185 68 14296 0 0 0 0
1186 69 14449 0 0 0 0
1187 67 13884 1 0 0 0
1188 69 14102 1 0 0 0
1189 69 14025 1 0 0 0
1190 69 13956 1 0 0 0
1191 70 14108 1 0 0 0
1192 70 14094 1 0 0 0
1193 71 14175 1 0 0 0
1194 70 13941 1 0 0 0
1195 69 13886 1 0 0 0
1196 69 14042 1 0 0 0
1197 68 14136 1 0 0 0
1198 67 14041 1 0 0 0
1199 68 14367 0 0 0 0
1200 68 14471 0 0 0 0
1201 67 14295 0 0 0 0
1202 67 14341 0 0 0 0
1203 67 14310 0 0 0 0
1204 67 14305 0 0 0 0
1205 67 14408 0 0 0 0
1206 67 14442 0 0 0 0
1207 67 14476 0 0 0 0
1208 67 14433 0 0 0 0
1209 67 14413 0 0 0 0
1210 67 14331 0 0 0 0
1211 68 14563 0 0 0 0
1212 66 14284 0 0 0 0
1213 67 14377 0 0 0 0
1214 68 14529 0 0 0 0
1215 67 14361 0 0 0 0
1216 67 14398 0 0 0 0
1217 67 14319 0 0 0 0
1218 68 14538 0 0 0 0
1219 67 14334 0 0 0 0
1220 66 14283 0 0 0 0
1221 66 14367 0 0 0 0
1222 66 14469 0 0 0 0
1223 66 14351 0 0 0 0
1224 66 14312 0 0 0 0
1225 66 14518 0 0 0 0
1226 65 14453 0 0 0 0
1227 65 14492 0 0 0 0
1228 65 14401 0 0 0 0
1229 65 14435 0 0 0 0
1230 64 14215 0 0 0 0
1231 64 14321 0 0 0 0
1232 65 14595 0 0 0 0
1233 64 14325 0 0 0 0
1234 65 14372 0 0 0 0
1235 65 14355 0 0 0 0
1236 66 14520 0 0 0 0
1237 65 14228 0 0 0 0
1238 66 14402 0 0 0 0
1239 66 14409 0 0 0 0
1240 66 14420 0 0 0 0
1241 67 14439 0 0 0 0
1242 67 14373 0 0 0 0
1243 67 14195 1 0 0 0
1244 67 14025 1 0 0 0
1245 66 13917 1 0 0 0
1246 66 14071 1 0 0 0
1247 66 14124 1 0 0 0
1248 66 14075 1 0 0 0
1249 66 14008 1 0 0 0
1250 66 13894 1 0 0 0
1251 67 13967 1 0 0 0
1252 68 14150 1 0 0 0
1253 67 14012 1 0 0 0
1254 69 14230 1 0 0 0
1255 69 14262 0 0 0 0
1256 69 14345 0 0 0 0
1257 70 14529 0 0 0 0
1258 69 14418 0 0 0 0
1259 68 14355 0 0 0 0
1260 67 14278 0 0 0 0
1261 67 14421 0 0 0 0
1262 67 14536 0 0 0 0
1263 66 14435 0 0 0 0
1264 65 14287 0 0 0 0
1265 65 14309 0 0 0 0
1266 65 14279 0 0 0 0
1267 67 14490 0 0 0 0
1268 67 14284 0 0 0 0
1269 69 14399 0 0 0 0
1270 70 14442 0 0 0 0
1271 70 14306 0 0 0 0
1272 71 14539 0 0 0 0
1273 71 14411 0 0 0 0
1274 70 14207 0 0 0 0
1275 71 14453 0 0 0 0
1276 71 14446 0 0 0 0
1277 71 14491 0 0 0 0
1278 70 14450 0 0 0 0
1279 69 14320 0 0 0 0
1280 69 14446 0 0 0 0
1281 68 14489 0 0 0 0
1282 67 14405 0 0 0 0
1283 67 14388 0 0 0 0
1284 67 14286 0 0 0 0
1285 68 14544 0 0 0 0
1286 68 14502 0 0 0 0
1287 67 14275 0 0 0 0
1288 67 14351 0 0 0 0
1289 66 14269 0 0 0 0
1290 66 14426 0 0 0 0
1291 65 14412 0 0 0 0
1292 65 14458 0 0 0 0
1293 65 14350 0 0 0 0
1294 65 14192 0 0 0 0
1295 66 14408 0 0 0 0
1296 66 14464 0 0 0 0
1297 65 14249 0 0 0 0
1298 66 14431 0 0 0 0
1299 66 14414 0 0 0 0
1300 66 14360 0 0 0 0
1301 67 14558 0 0 0 0
1302 66 14387 0 0 0 0
1303 66 14398 0 0 0 0
1304 67 14462 0 0 0 0
1305 66 14309 0 0 0 0
1306 67 14498 0 0 0 0
1307 68 14488 0 0 0 0
1308 69 14455 0 0 0 0
1309 70 14508 0 0 0 0
1310 70 14432 0 0 0 0
1311 70 14319 0 0 0 0
1312 71 14543 0 0 0 0
1313 70 14301 0 0 0 0
1314 70 14300 0 0 0 0
1315 71 14496 0 0 0 0
1316 69 14218 0 0 0 0
1317 70 14403 0 0 0 0
1318 70 14441 0 0 0 0
1319 69 14454 0 0 0 0
1320 67 14288 0 0 0 0
1321 66 14298 0 0 0 0
1322 66 14429 0 0 0 0
1323 66 14502 0 0 0 0
1324 66 14412 0 0 0 0
1325 67 14528 0 0 0 0
1326 67 14491 0 0 0 0
1327 66 14343 0 0 0 0
1328 66 14391 0 0 0 0
1329 66 14502 0 0 0 0
1330 65 14335 0 0 0 0
1331 65 14392 0 0 0 0
1332 65 14375 0 0 0 0
1333 66 14467 0 0 0 0
1334 66 14314 0 0 0 0
1335 67 14393 0 0 0 0
1336 67 14354 0 0 0 0
1337 67 14332 0 0 0 0
1338 67 14275 0 0 0 0
1339 68 14403 0 0 0 0
1340 68 14381 0 0 0 0
1341 68 14362 0 0 0 0
1342 68 14336 0 0 0 0
1343 68 14322 0 0 0 0
1344 68 14386 0 0 0 0
1345 68 14484 0 0 0 0
1346 67 14417 0 0 0 0
1347 66 14329 0 0 0 0
1348 66 14395 0 0 0 0
1349 66 14442 0 0 0 0
1350 66 14503 0 0 0 0
1351 65 14354 0 0 0 0
1352 66 14548 0 0 0 0
1353 65 14321 0 0 0 0
1354 66 14562 0 0 0 0
1355 65 14349 0 0 0 0
1356 66 14543 0 0 0 0
1357 65 14266 0 0 0 0
1358 66 14417 0 0 0 0
1359 66 14431 0 0 0 0
1360 65 14328 0 0 0 0
1361 64 14236 0 0 0 0
1362 64 14292 0 0 0 0
1363 65 14501 0 0 0 0
1364 64 14329 0 0 0 0
1365 64 14389 0 0 0 0
1366 63 14239 0 0 0 0
1367 64 14482 0 0 0 0
1368 63 14316 0 0 0 0
1369 63 14452 0 0 0 0
1370 62 14378 0 0 0 0
1371 62 14446 0 0 0 0
1372 63 14560 0 0 0 0
1373 64 14583 0 0 0 0
1374 64 14429 0 0 0 0
1375 64 14316 0 0 0 0
1376 65 14532 0 0 0 0
1377 65 14502 0 0 0 0
1378 65 14412 0 0 0 0
1379 65 14362 0 0 0 0
1380 65 14418 0 0 0 0
1381 65 14379 0 0 0 0
1382 65 14317 0 0 0 0
1383 66 14498 0 0 0 0
1384 65 14325 0 0 0 0
1385 64 14241 0 0 0 0
1386 65 14554 0 0 0 0
1387 64 14393 0 0 0 0
1388 64 14340 0 0 0 0
1389 64 14343 0 0 0 0
1390 65 14593 0 0 0 0
1391 64 14404 0 0 0 0
1392 64 14294 0 0 0 0
1393 65 14446 0 0 0 0
1394 65 14385 0 0 0 0
1395 65 14347 0 0 0 0
1396 65 14336 0 0 0 0
1397 65 14385 0 0 0 0
1398 65 14372 0 0 0 0
1399 65 14456 0 0 0 0
1400 64 14312 0 0 0 0
1401 65 14520 0 0 0 0
1402 64 14398 0 0 0 0
1403 64 14486 0 0 0 0
1404 64 14466 0 0 0 0
1405 63 14303 0 0 0 0
1406 64 14490 0 0 0 0
1407 64 14418 0 0 0 0
1408 64 14453 0 0 0 0
1409 64 14399 0 0 0 0
1410 64 14428 0 0 0 0
1411 64 14429 0 0 0 0
1412 64 14409 0 0 0 0
1413 64 14327 0 0 0 0
1414 64 14256 0 0 0 0
1415 65 14355 0 0 0 0
1416 65 14427 0 0 0 0
1417 65 14453 0 0 0 0
1418 64 14364 0 0 0 0
1419 63 14253 0 0 0 0
1420 63 14284 0 0 0 0
1421 64 14503 0 0 0 0
1422 64 14410 0 0 0 0
1423 64 14375 0 0 0 0
1424 64 14417 0 0 0 0
1425 63 14311 0 0 0 0
1426 64 14538 0 0 0 0
1427 62 14246 0 0 0 0
1428 63 14464 0 0 0 0
1429 63 14334 0 0 0 0
1430 63 14303 0 0 0 0
1431 64 14490 0 0 0 0
1432 64 14437 0 0 0 0
1433 63 14264 0 0 0 0
1434 63 14378 0 0 0 0
1435 63 14417 0 0 0 0
1436 63 14404 0 0 0 0
1437 63 14427 0 0 0 0
1438 62 14203 0 0 0 0
1439 64 14563 0 0 0 0
1440 63 14334 0 0 0 0
1441 64 14550 0 0 0 0
1442 65 14621 0 0 0 0
1443 64 14324 0 0 0 0
1444 65 14572 0 0 0 0
1445 65 14497 0 0 0 0
1446 64 14269 0 0 0 0
1447 64 14284 0 0 0 0
1448 65 14408 0 0 0 0
1449 65 14377 0 0 0 0
1450 66 14577 0 0 0 0
1451 65 14332 0 0 0 0
1452 66 14492 0 0 0 0
1453 65 14378 0 0 0 0
1454 64 14280 0 0 0 0
1455 65 14534 0 0 0 0
1456 64 14228 0 0 0 0
1457 65 14437 0 0 0 0
1458 65 14431 0 0 0 0
1459 65 14395 0 0 0 0
1460 65 14315 0 0 0 0
1461 66 14400 0 0 0 0
1462 66 14299 0 0 0 0
1463 67 14409 0 0 0 0
1464 67 14330 0 0 0 0
1465 68 14409 0 0 0 0
1466 69 14461 0 0 0 0
1467 68 14309 0 0 0 0
1468 68 14384 0 0 0 0
1469 67 14265 0 0 0 0
1470 67 14349 0 0 0 0
1471 67 14407 0 0 0 0
1472 66 14437 0 0 0 0
1473 65 14426 0 0 0 0
1474 64 14390 0 0 0 0
1475 63 14331 0 0 0 0
1476 62 14309 0 0 0 0
1477 61 14295 0 0 0 0
1478 60 14325 0 0 1 1
1479 60 14444 0 0 1 0
1480 60 14517 0 0 1 0
1481 60 14533 0 0 1 0
1482 60 14496 0 0 1 0
1483 60 14509 0 0 1 0
1484 60 14470 0 0 1 1
1485 60 14412 0 0 1 0
1486 60 14316 0 0 1 0
1487 61 14518 0 0 0 0
1488 61 14478 0 0 0 0
1489 61 14458 0 0 0 0
1490 60 14308 0 0 1 1
1491 60 14286 0 0 0 0
1492 60 14249 0 0 0 0
1493 60 14263 0 0 0 0
1494 60 14272 0 0 0 0
1495 60 14262 0 0 0 0
1496 61 14478 0 0 0 0
1497 61 14523 0 0 0 0
1498 61 14598 0 0 1 1
1499 60 14426 0 0 1 0
