block n60 sum_rr60 bad60 hold drowsy alert
0 0 0 6 1 0 0
1 4 1148 6 1 0 0
2 8 2296 6 1 0 0
3 13 3585 6 1 0 0
4 18 4830 6 1 0 0
5 23 6067 6 1 0 0
6 27 7093 6 1 0 0
7 32 8361 6 1 0 0
8 37 9685 6 1 0 0
9 41 10811 6 1 0 0
10 45 11964 6 1 0 0
11 50 13259 6 1 0 0
12 54 14449 0 1 0 0
13 54 14441 0 1 0 0
14 55 14609 0 1 0 0
15 54 14506 0 1 0 0
16 53 14381 0 1 0 0
17 53 14307 0 1 0 0
18 54 14624 0 1 0 0
19 53 14379 0 1 0 0
20 53 14416 0 1 0 0
21 53 14468 0 1 0 0
22 53 14495 0 1 0 0
23 52 14415 0 1 0 0
24 52 14416 0 1 0 0
25 52 14502 0 1 0 0
26 51 14396 0 1 0 0
27 51 14431 0 1 0 0
28 50 14229 0 1 0 0
29 49 14267 0 1 0 0
30 48 14116 0 1 0 0
31 49 14579 0 1 0 0
32 48 14382 0 1 0 0
33 48 14302 0 1 0 0
34 49 14465 0 1 0 0
35 49 14373 0 1 0 0
36 49 14336 0 0 0 0
37 50 14419 0 0 0 0
38 50 14238 0 0 0 0
39 50 14188 0 0 0 0
40 51 14401 0 0 0 0
41 52 14679 0 0 0 0
42 52 14676 0 0 0 0
43 51 14381 0 0 0 0
44 51 14420 0 0 0 0
45 51 14512 0 0 0 0
46 50 14334 0 0 0 0
47 50 14346 0 0 0 0
48 50 14268 0 0 0 0
49 50 14345 0 0 0 0
50 50 14494 0 0 0 0
51 50 14415 0 0 0 0
52 51 14590 0 0 0 0
53 50 14203 0 0 0 0
54 50 14168 0 0 0 0
55 51 14347 0 0 0 0
56 52 14321 0 0 0 0
57 52 14256 0 0 0 0
58 52 14279 0 0 0 0
59 52 14295 0 0 0 0
60 53 14630 0 0 0 0
61 52 14302 0 0 0 0
62 53 14437 0 0 0 0
63 53 14405 0 0 0 0
64 53 14473 0 0 0 0
65 53 14389 0 0 0 0
66 54 14459 0 0 0 0
67 54 14421 0 0 0 0
68 53 14319 0 0 0 0
69 53 14333 0 0 0 0
70 54 14547 0 0 0 0
71 54 14536 0 0 0 0
72 53 14328 0 0 0 0
73 53 14471 0 0 0 0
74 52 14351 0 0 0 0
75 52 14501 0 0 0 0
76 51 14280 0 0 0 0
77 51 14412 0 0 0 0
78 50 14318 0 0 0 0
79 50 14446 0 0 0 0
80 50 14497 0 0 0 0
81 50 14475 0 0 0 0
82 49 14275 0 0 0 0
83 49 14325 0 0 0 0
84 49 14293 0 0 0 0
85 49 14263 0 0 0 0
86 49 14237 0 0 0 0
87 49 14231 0 0 0 0
88 49 14270 0 0 0 0
89 49 14338 0 0 0 0
90 49 14396 0 0 0 0
91 48 14119 0 0 0 0
92 49 14478 0 0 1 1
93 49 14517 0 0 1 0
94 49 14287 0 0 0 0
95 50 14563 0 0 0 0
96 50 14491 0 0 0 0
97 50 14419 0 0 0 0
98 51 14629 0 0 0 0
99 51 14512 0 0 0 0
100 51 14428 0 0 0 0
101 52 14648 0 0 0 0
102 52 14575 0 0 0 0
103 52 14591 0 0 0 0
104 51 14282 0 0 0 0
105 51 14239 0 0 0 0
106 51 14389 0 0 0 0
107 51 14340 0 0 0 0
108 51 14369 0 0 0 0
109 51 14451 0 0 0 0
110 50 14216 0 0 0 0
111 50 14269 0 0 0 0
112 51 14592 0 0 0 0
113 50 14289 0 0 0 0
114 50 14323 0 0 0 0
115 51 14480 0 0 0 0
116 51 14395 0 0 0 0
117 51 14397 0 0 0 0
118 52 14693 0 0 0 0
119 51 14346 0 0 0 0
120 51 14351 0 0 0 0
121 51 14318 0 0 0 0
122 52 14594 0 0 0 0
123 52 14596 0 0 0 0
124 51 14330 0 0 0 0
125 51 14386 0 0 0 0
126 51 14421 0 0 0 0
127 50 14256 0 0 0 0
128 50 14367 0 0 0 0
129 50 14431 0 0 0 0
130 49 14192 0 0 0 0
131 49 14275 0 0 0 0
132 50 14592 0 0 0 0
133 50 14633 0 0 0 0
134 49 14397 0 0 0 0
135 49 14337 0 0 0 0
136 49 14295 0 0 0 0
137 50 14392 0 0 0 0
138 50 14405 0 0 0 0
139 50 14398 0 0 0 0
140 50 14381 0 0 0 0
141 50 14372 0 0 0 0
142 50 14345 0 0 0 0
143 51 14647 0 0 0 0
144 50 14364 0 0 0 0
145 50 14265 0 0 0 0
146 50 14216 0 0 0 0
147 50 14284 0 0 0 0
148 51 14613 0 0 0 0
149 50 14486 0 0 0 0
150 50 14447 0 0 0 0
151 50 14438 0 0 0 0
152 50 14438 0 0 0 0
153 50 14427 0 0 0 0
154 50 14416 0 0 0 0
155 49 14132 0 0 0 0
156 49 14152 0 0 0 0
157 49 14263 0 0 0 0
158 49 14330 0 0 0 0
159 49 14379 0 0 0 0
160 49 14396 0 0 0 0
161 49 14423 0 0 0 0
162 49 14432 0 0 0 0
163 49 14369 0 0 0 0
164 49 14345 0 0 0 0
165 49 14368 0 0 0 0
166 49 14391 0 0 0 0
167 50 14616 0 0 0 0
168 50 14546 0 0 0 0
169 50 14428 0 0 0 0
170 51 14576 0 0 0 0
171 52 14625 0 0 0 0
172 51 14259 0 0 0 0
173 52 14442 0 0 0 0
174 52 14459 0 0 0 0
175 52 14486 0 0 0 0
176 52 14526 0 0 0 0
177 52 14482 0 0 0 0
178 52 14503 0 0 0 0
179 51 14237 0 0 0 0
180 52 14420 0 0 0 0
181 52 14416 0 0 0 0
182 51 14237 0 0 0 0
183 50 14185 0 0 0 0
184 50 14269 0 0 0 0
185 49 14102 0 0 0 0
186 50 14395 0 0 0 0
187 50 14432 0 0 0 0
188 50 14406 0 0 0 0
189 50 14423 0 0 0 0
190 50 14297 0 0 0 0
191 51 14529 0 0 0 0
192 50 14317 0 0 0 0
193 51 14561 0 0 0 0
194 51 14454 0 0 0 0
195 52 14560 0 0 0 0
196 53 14609 0 0 0 0
197 53 14459 0 0 0 0
198 53 14360 0 0 0 0
199 53 14365 0 0 0 0
200 53 14309 0 0 0 0
201 53 14326 0 0 0 0
202 53 14399 0 0 0 0
203 53 14494 0 0 0 0
204 53 14566 0 0 0 0
205 52 14449 0 0 0 0
206 52 14545 0 0 0 0
207 51 14372 0 0 0 0
208 51 14423 0 0 0 0
209 51 14496 0 0 0 0
210 50 14271 0 0 0 0
211 50 14267 0 0 0 0
212 50 14347 0 0 0 0
213 50 14379 0 0 0 0
214 50 14449 0 0 0 0
215 50 14348 0 0 0 0
216 51 14426 0 0 0 0
217 51 14326 0 0 0 0
218 51 14339 0 0 0 0
219 51 14377 0 0 0 0
220 50 14268 0 0 0 0
221 50 14319 0 0 0 0
222 51 14584 0 0 0 0
223 51 14584 0 0 0 0
224 51 14567 0 0 0 0
225 51 14531 0 0 0 0
226 51 14459 0 0 0 0
227 50 14248 0 0 0 0
228 50 14234 0 0 0 0
229 50 14268 0 0 0 0
230 50 14273 0 0 0 0
231 50 14288 0 0 0 0
232 51 14573 0 0 0 0
233 51 14586 0 0 0 0
234 50 14354 0 0 0 0
235 50 14322 0 0 0 0
236 50 14224 0 0 0 0
237 51 14376 0 0 0 0
238 52 14513 0 0 0 0
239 52 14394 0 0 0 0
240 52 14552 0 0 0 0
241 52 14494 0 0 0 0
242 52 14435 0 0 0 0
243 52 14430 0 0 0 0
244 52 14411 0 0 0 0
245 52 14361 0 0 0 0
246 52 14243 0 0 0 0
247 53 14311 0 0 0 0
248 53 14340 0 0 0 0
249 53 14426 0 0 0 0
250 52 14183 0 0 0 0
251 53 14472 0 0 0 0
252 52 14145 0 0 0 0
253 53 14381 0 0 0 0
254 53 14400 0 0 0 0
255 54 14562 0 0 0 0
256 53 14259 0 0 0 0
257 53 14294 0 0 0 0
258 53 14431 0 0 0 0
259 52 14418 0 0 0 0
260 52 14487 0 0 0 0
261 52 14302 0 0 0 0
262 51 14146 1 0 0 0
263 50 14047 1 0 0 0
264 50 14254 1 0 0 0
265 49 14025 1 0 0 0
266 49 14088 1 0 0 0
267 48 14046 1 0 0 0
268 48 14189 1 0 1 1
269 48 14190 1 0 1 0
270 48 14138 1 0 0 0
271 48 14085 1 0 0 0
272 48 14117 1 0 0 0
273 47 14112 1 0 1 0
274 48 14458 0 0 1 1
275 48 14404 0 0 1 0
276 48 14406 0 0 1 0
277 48 14622 0 0 1 0
278 47 14356 0 0 1 0
279 47 14288 0 0 1 0
280 47 14208 0 0 1 1
281 47 14249 0 0 1 0
282 47 14323 0 0 1 0
283 47 14409 0 0 1 0
284 47 14440 0 0 1 0
285 47 14448 0 0 1 0
286 47 14412 0 0 1 1
287 48 14575 0 0 1 0
288 48 14378 0 0 1 0
289 48 14176 0 0 1 0
290 50 14486 0 0 0 0
291 51 14617 0 0 0 0
292 51 14593 0 0 0 0
293 51 14595 0 0 0 0
294 51 14579 0 0 0 0
295 51 14564 0 0 0 0
296 51 14477 0 0 0 0
297 51 14328 0 0 0 0
298 51 14255 0 0 0 0
299 51 14355 0 0 0 0
300 51 14358 0 0 0 0
301 52 14505 0 0 0 0
302 52 14563 0 0 0 0
303 51 14255 0 0 0 0
304 52 14381 0 0 0 0
305 52 14293 0 0 0 0
306 53 14394 0 0 0 0
307 53 14281 0 0 0 0
308 53 14270 0 0 0 0
309 53 14317 0 0 0 0
310 54 14660 0 0 0 0
311 53 14356 0 0 0 0
312 53 14391 0 0 0 0
313 53 14497 0 0 0 0
314 52 14256 0 0 0 0
315 52 14411 0 0 0 0
316 51 14255 0 0 0 0
317 51 14273 0 0 0 0
318 51 14434 0 0 0 0
319 51 14418 0 0 0 0
320 51 14464 0 0 0 0
321 51 14539 0 0 0 0
322 50 14273 0 0 0 0
323 50 14265 0 0 0 0
324 51 14568 0 0 0 0
325 50 14294 0 0 0 0
326 50 14400 0 0 0 0
327 50 14355 0 0 0 0
328 51 14611 0 0 0 0
329 51 14575 0 0 0 0
330 50 14261 0 0 0 0
331 51 14453 0 0 0 0
332 51 14491 0 0 0 0
333 51 14494 0 0 0 0
334 51 14502 0 0 0 0
335 51 14606 0 0 0 0
336 50 14409 0 0 0 0
337 50 14530 0 0 0 0
338 49 14278 0 0 0 0
339 49 14327 0 0 0 0
340 49 14391 0 0 0 0
341 49 14477 0 0 1 1
342 49 14534 0 0 1 0
343 48 14442 0 0 1 0
344 48 14426 0 0 1 0
345 48 14427 0 0 1 0
346 48 14351 0 0 1 0
347 48 14313 0 0 1 1
348 48 14276 0 0 1 0
349 48 14231 0 0 1 0
350 49 14476 0 0 1 0
351 50 14620 0 0 0 0
352 49 14268 0 0 0 0
353 49 14288 0 0 0 0
354 49 14287 0 0 0 0
355 49 14311 0 0 0 0
356 49 14263 0 0 0 0
357 49 14184 0 0 0 0
358 49 14228 0 0 0 0
359 50 14499 0 0 0 0
360 50 14534 0 0 0 0
361 49 14279 0 0 0 0
362 49 14340 0 0 0 0
363 49 14376 0 0 0 0
364 49 14393 0 0 0 0
365 49 14372 0 0 0 0
366 49 14346 0 0 0 0
367 49 14324 0 0 0 0
368 49 14346 0 0 0 0
369 49 14396 0 0 0 0
370 49 14427 0 0 0 0
371 48 14161 0 0 0 0
372 48 14145 0 0 0 0
373 49 14441 0 0 0 0
374 49 14399 0 0 0 0
375 48 14206 0 0 1 1
376 49 14547 0 0 1 0
377 49 14428 0 0 0 0
378 49 14414 0 0 0 0
379 49 14418 0 0 0 0
380 49 14399 0 0 0 0
381 49 14419 0 0 0 0
382 49 14441 0 0 0 0
383 49 14478 0 0 1 1
384 49 14482 0 0 1 0
385 49 14460 0 0 0 0
386 49 14447 0 0 0 0
387 49 14392 0 0 0 0
388 49 14406 0 0 0 0
389 49 14490 0 0 1 1
390 49 14453 0 0 0 0
391 49 14394 0 0 0 0
392 49 14351 0 0 0 0
393 50 14590 0 0 0 0
394 50 14559 0 0 0 0
395 50 14501 0 0 0 0
396 50 14424 0 0 0 0
397 51 14576 0 0 0 0
398 51 14579 0 0 0 0
399 51 14610 0 0 0 0
400 50 14278 0 0 0 0
401 50 14280 0 0 0 0
402 50 14308 0 0 0 0
403 50 14344 0 0 0 0
404 50 14391 0 0 0 0
405 49 14133 0 0 0 0
406 50 14421 0 0 0 0
407 50 14451 0 0 0 0
408 50 14503 0 0 0 0
409 49 14312 0 0 0 0
410 49 14325 0 0 0 0
411 49 14334 0 0 0 0
412 49 14302 0 0 0 0
413 50 14480 0 0 0 0
414 50 14400 0 0 0 0
415 50 14432 0 0 0 0
416 50 14424 0 0 0 0
417 51 14649 0 0 0 0
418 50 14382 0 0 0 0
419 50 14380 0 0 0 0
420 50 14375 0 0 0 0
421 50 14369 0 0 0 0
422 50 14302 0 0 0 0
423 50 14313 0 0 0 0
424 50 14389 0 0 0 0
425 49 14267 0 0 0 0
426 49 14375 0 0 0 0
427 49 14349 0 0 0 0
428 50 14614 0 0 0 0
429 49 14302 0 0 0 0
430 49 14237 0 0 0 0
431 50 14443 0 0 0 0
432 50 14390 0 0 0 0
433 50 14415 0 0 0 0
434 50 14432 0 0 0 0
435 51 14553 0 0 0 0
436 51 14540 0 0 0 0
437 51 14490 0 0 0 0
438 51 14464 0 0 0 0
439 51 14423 0 0 0 0
440 51 14390 0 0 0 0
441 51 14477 0 0 0 0
442 51 14516 0 0 0 0
443 50 14250 0 0 0 0
444 50 14238 0 0 0 0
445 51 14494 0 0 0 0
446 51 14498 0 0 0 0
447 50 14363 0 0 0 0
448 50 14320 0 0 0 0
449 50 14303 0 0 0 0
450 50 14310 0 0 0 0
451 51 14611 0 0 0 0
452 50 14301 0 0 0 0
453 50 14307 0 0 0 0
454 50 14302 0 0 0 0
455 50 14346 0 0 0 0
456 51 14613 0 0 0 0
457 50 14394 0 0 0 0
458 50 14451 0 0 0 0
459 50 14467 0 0 0 0
460 50 14491 0 0 0 0
461 50 14443 0 0 0 0
462 51 14638 0 0 0 0
463 50 14372 0 0 0 0
464 50 14469 0 0 0 0
465 50 14488 0 0 0 0
466 50 14492 0 0 0 0
467 50 14473 0 0 0 0
468 49 14211 0 0 0 0
469 50 14423 0 0 0 0
470 50 14411 0 0 0 0
471 50 14402 0 0 0 0
472 50 14439 0 0 0 0
473 50 14552 0 0 0 0
474 49 14367 0 0 0 0
475 49 14382 0 0 0 0
476 49 14268 0 0 0 0
477 49 14274 0 0 0 0
478 49 14286 0 0 0 0
479 49 14317 0 0 0 0
480 49 14394 0 0 0 0
481 48 14183 0 0 1 1
482 49 14329 0 0 0 0
483 49 14306 0 0 0 0
484 49 14268 0 0 0 0
485 50 14413 0 0 0 0
486 50 14402 0 0 0 0
487 50 14405 0 0 0 0
488 50 14526 0 0 0 0
489 50 14464 0 0 0 0
490 50 14410 0 0 0 0
491 50 14402 0 0 0 0
492 50 14390 0 0 0 0
493 51 14504 0 0 0 0
494 51 14469 0 0 0 0
495 51 14368 0 0 0 0
496 51 14315 0 0 0 0
497 51 14356 0 0 0 0
498 51 14362 0 0 0 0
499 51 14333 0 0 0 0
500 51 14309 0 0 0 0
501 51 14287 0 0 0 0
502 51 14325 0 0 0 0
503 51 14340 0 0 0 0
504 52 14609 0 0 0 0
505 51 14494 0 0 0 0
506 50 14325 0 0 0 0
507 50 14348 0 0 0 0
508 51 14660 0 0 0 0
509 50 14437 0 0 0 0
510 50 14402 0 0 0 0
511 50 14343 0 0 0 0
512 51 14532 0 0 0 0
513 51 14608 0 0 0 0
514 51 14570 0 0 0 0
515 51 14530 0 0 0 0
516 50 14289 0 0 0 0
517 50 14290 0 0 0 0
518 50 14299 0 0 0 0
519 51 14604 0 0 0 0
520 50 14329 0 0 0 0
521 50 14352 0 0 0 0
522 50 14385 0 0 0 0
523 50 14467 0 0 0 0
524 49 14218 0 0 0 0
525 49 14169 0 0 0 0
526 50 14486 0 0 0 0
527 50 14536 0 0 0 0
528 50 14538 0 0 0 0
529 49 14258 0 0 0 0
530 50 14551 0 0 0 0
531 49 14361 0 0 0 0
532 49 14356 0 0 0 0
533 49 14326 0 0 0 0
534 49 14295 0 0 0 0
535 49 14289 0 0 0 0
536 49 14360 0 0 0 0
537 50 14646 0 0 0 0
538 49 14287 0 0 0 0
539 49 14271 0 0 0 0
540 49 14258 0 0 0 0
541 50 14516 0 0 0 0
542 49 14125 1 0 0 0
543 49 14125 1 0 0 0
544 49 14196 1 0 0 0
545 49 14182 1 0 0 0
546 49 14202 1 0 0 0
547 49 14208 1 0 0 0
548 49 14236 1 0 0 0
549 48 14008 1 0 0 0
550 48 14068 1 0 0 0
551 48 14038 1 0 0 0
552 48 14048 1 0 0 0
553 48 14078 1 0 0 0
554 48 14219 0 0 1 1
555 48 14222 0 0 1 0
556 48 14218 0 0 1 0
557 48 14280 0 0 1 0
558 48 14337 0 0 1 0
559 48 14355 0 0 1 0
560 49 14504 0 0 1 1
561 49 14369 0 0 0 0
562 49 14389 0 0 0 0
563 50 14554 0 0 0 0
564 50 14534 0 0 0 0
565 50 14536 0 0 0 0
566 50 14547 0 0 0 0
567 50 14536 0 0 0 0
568 50 14480 0 0 0 0
569 50 14483 0 0 0 0
570 50 14483 0 0 0 0
571 50 14492 0 0 0 0
572 49 14330 0 0 0 0
573 49 14378 0 0 0 0
574 49 14391 0 0 0 0
575 49 14449 0 0 0 0
576 49 14441 0 0 0 0
577 49 14315 0 0 0 0
578 50 14486 0 0 0 0
579 50 14358 0 0 0 0
580 50 14358 0 0 0 0
581 50 14286 0 0 0 0
582 51 14298 0 0 0 0
583 51 14282 0 0 0 0
584 51 14257 0 0 0 0
585 51 14298 0 0 0 0
586 52 14587 0 0 0 0
587 51 14356 0 0 0 0
588 51 14354 0 0 0 0
589 51 14482 0 0 0 0
590 50 14350 0 0 0 0
591 50 14502 0 0 0 0
592 50 14496 0 0 0 0
593 50 14420 0 0 0 0
594 50 14559 0 0 0 0
595 50 14450 0 0 0 0
596 50 14404 0 0 0 0
597 51 14618 0 0 0 0
598 50 14321 0 0 0 0
599 50 14372 0 0 0 0
600 50 14357 0 0 0 0
601 50 14286 0 0 0 0
602 50 14204 0 0 0 0
603 50 14150 0 0 0 0
604 50 14200 0 0 0 0
605 50 14329 0 0 0 0
606 49 14159 0 0 0 0
607 50 14515 0 0 0 0
608 50 14519 0 0 0 0
609 49 14258 0 0 0 0
610 49 14209 0 0 0 0
611 50 14458 0 0 0 0
612 50 14490 0 0 0 0
613 50 14535 0 0 0 0
614 50 14595 0 0 0 0
615 50 14638 0 0 0 0
616 50 14629 0 0 0 0
617 50 14639 0 0 0 0
618 50 14579 0 0 0 0
619 49 14249 0 0 0 0
620 50 14499 0 0 0 0
621 50 14573 0 0 0 0
622 50 14576 0 0 0 0
623 49 14209 0 0 0 0
624 48 13895 1 0 0 0
625 48 13917 1 0 0 0
626 48 13940 1 0 0 0
627 48 13953 1 0 0 0
628 48 13978 1 0 0 0
629 48 13934 1 0 0 0
630 48 13894 1 0 0 0
631 49 14258 1 0 0 0
632 48 14000 1 0 0 0
633 48 13920 1 0 0 0
634 49 14191 1 0 0 0
635 49 14289 1 0 0 0
636 50 14566 0 0 0 0
637 50 14499 0 0 0 0
638 50 14394 0 0 0 0
639 51 14551 0 0 0 0
640 51 14454 0 0 0 0
641 51 14361 0 0 0 0
642 51 14459 0 0 0 0
643 51 14415 0 0 0 0
644 51 14412 0 0 0 0
645 51 14432 0 0 0 0
646 50 14172 0 0 0 0
647 50 14134 0 0 0 0
648 50 14203 0 0 0 0
649 50 14282 0 0 0 0
650 50 14347 0 0 0 0
651 49 14200 0 0 0 0
652 49 14266 0 0 0 0
653 50 14624 0 0 0 0
654 50 14562 0 0 0 0
655 49 14304 0 0 0 0
656 49 14322 0 0 0 0
657 49 14336 0 0 0 0
658 50 14631 0 0 0 0
659 50 14653 0 0 0 0
660 50 14615 0 0 0 0
661 50 14596 0 0 0 0
662 50 14601 0 0 0 0
663 50 14515 0 0 0 0
664 50 14421 0 0 0 0
665 50 14370 0 0 0 0
666 50 14337 0 0 0 0
667 50 14306 0 0 0 0
668 50 14354 0 0 0 0
669 50 14345 0 0 0 0
670 50 14371 0 0 0 0
671 50 14382 0 0 0 0
672 50 14360 0 0 0 0
673 50 14337 0 0 0 0
674 50 14305 0 0 0 0
675 50 14337 0 0 0 0
676 50 14393 0 0 0 0
677 49 14200 0 0 0 0
678 50 14518 0 0 0 0
679 50 14496 0 0 0 0
680 51 14596 0 0 0 0
681 51 14574 0 0 0 0
682 50 14245 0 0 0 0
683 50 14203 0 0 0 0
684 50 14263 0 0 0 0
685 50 14297 0 0 0 0
686 50 14320 0 0 0 0
687 51 14544 0 0 0 0
688 51 14576 0 0 0 0
689 51 14494 0 0 0 0
690 50 14199 0 0 0 0
691 50 14252 0 0 0 0
692 50 14328 0 0 0 0
693 50 14264 0 0 0 0
694 51 14529 0 0 0 0
695 52 14614 0 0 0 0
696 52 14555 0 0 0 0
697 52 14535 0 0 0 0
698 52 14572 0 0 0 0
699 51 14405 0 0 0 0
700 51 14435 0 0 0 0
701 51 14542 0 0 0 0
702 50 14331 0 0 0 0
703 50 14366 0 0 0 0
704 50 14488 0 0 0 0
705 49 14372 0 0 0 0
706 48 14201 0 0 1 1
707 47 14170 0 0 1 0
708 48 14476 0 0 1 0
709 48 14430 0 0 1 0
710 48 14314 0 0 1 0
711 48 14174 0 0 0 0
712 49 14349 0 0 0 0
713 49 14231 0 0 0 0
714 50 14508 0 0 0 0
715 50 14462 0 0 0 0
716 49 14152 0 0 0 0
717 51 14655 0 0 0 0
718 51 14619 0 0 0 0
719 51 14620 0 0 0 0
720 50 14207 0 0 0 0
721 50 14286 0 0 0 0
722 50 14415 0 0 0 0
723 50 14515 0 0 0 0
724 49 14245 0 0 0 0
725 49 14360 0 0 0 0
726 49 14358 0 0 0 0
727 49 14392 0 0 0 0
728 49 14430 0 0 0 0
729 48 14198 0 0 1 1
730 48 14212 0 0 1 0
731 48 14218 0 0 1 0
732 48 14347 0 0 1 0
733 48 14311 0 0 1 0
734 48 14275 0 0 1 0
735 48 14283 0 0 1 1
736 48 14387 0 0 1 0
737 48 14375 0 0 1 0
738 48 14336 0 0 1 0
739 49 14631 0 0 1 0
740 49 14563 0 0 1 0
741 49 14524 0 0 1 1
742 49 14394 0 0 0 0
743 50 14445 0 0 0 0
744 51 14588 0 0 0 0
745 51 14496 0 0 0 0
746 51 14475 0 0 0 0
747 51 14464 0 0 0 0
748 51 14421 0 0 0 0
749 51 14400 0 0 0 0
750 51 14470 0 0 0 0
751 50 14178 0 0 0 0
752 50 14275 0 0 0 0
753 50 14322 0 0 0 0
754 50 14450 0 0 0 0
755 49 14397 0 0 0 0
756 48 14285 0 0 1 1
757 48 14406 0 0 1 0
758 48 14436 0 0 1 0
759 48 14438 0 0 1 0
760 48 14443 0 0 1 0
761 48 14438 0 0 1 0
762 49 14520 0 0 1 1
763 49 14475 0 0 1 0
764 49 14418 0 0 0 0
765 49 14395 0 0 0 0
766 49 14375 0 0 0 0
767 49 14336 0 0 0 0
768 49 14318 0 0 0 0
769 49 14293 0 0 0 0
770 49 14279 0 0 0 0
771 49 14282 0 0 0 0
772 49 14328 0 0 0 0
773 49 14395 0 0 0 0
774 48 14318 0 0 1 1
775 48 14357 0 0 1 0
776 49 14569 0 0 1 0
777 49 14521 0 0 1 0
778 49 14514 0 0 1 0
779 49 14487 0 0 1 0
780 49 14473 0 0 1 1
781 49 14421 0 0 0 0
782 50 14593 0 0 0 0
783 50 14593 0 0 0 0
784 50 14555 0 0 0 0
785 50 14467 0 0 0 0
786 50 14413 0 0 0 0
787 50 14412 0 0 0 0
788 49 14219 0 0 0 0
789 49 14284 0 0 0 0
790 49 14272 0 0 0 0
791 49 14303 0 0 0 0
792 49 14330 0 0 0 0
793 49 14384 0 0 0 0
794 48 14201 0 0 1 1
795 49 14478 0 0 1 0
796 49 14477 0 0 1 0
797 49 14515 0 0 1 0
798 49 14523 0 0 1 0
799 49 14515 0 0 1 0
800 49 14486 0 0 1 1
801 49 14438 0 0 0 0
802 49 14446 0 0 0 0
803 49 14460 0 0 0 0
804 49 14446 0 0 0 0
805 49 14436 0 0 0 0
806 50 14597 0 0 0 0
807 49 14289 0 0 0 0
808 49 14275 0 0 0 0
809 49 14261 0 0 0 0
810 49 14260 0 0 0 0
811 49 14256 0 0 0 0
812 49 14270 0 0 0 0
813 49 14306 0 0 0 0
814 49 14320 0 0 0 0
815 49 14332 0 0 0 0
816 49 14320 0 0 0 0
817 50 14587 0 0 0 0
818 49 14433 0 0 0 0
819 49 14356 0 0 0 0
820 49 14353 0 0 0 0
821 49 14339 0 0 0 0
822 49 14306 0 0 0 0
823 50 14596 0 0 0 0
824 50 14583 0 0 0 0
825 50 14581 0 0 0 0
826 50 14549 0 0 0 0
827 50 14526 0 0 0 0
828 50 14490 0 0 0 0
829 50 14391 0 0 0 0
830 50 14362 0 0 0 0
831 50 14447 0 0 0 0
832 50 14475 0 0 0 0
833 50 14494 0 0 0 0
834 50 14537 0 0 0 0
835 49 14252 0 0 0 0
836 49 14242 0 0 0 0
837 49 14218 0 0 0 0
838 49 14246 0 0 0 0
839 49 14255 0 0 0 0
840 50 14565 0 0 0 0
841 49 14373 0 0 0 0
842 49 14391 0 0 0 0
843 49 14399 0 0 0 0
844 49 14378 0 0 0 0
845 49 14354 0 0 0 0
846 49 14330 0 0 0 0
847 49 14315 0 0 0 0
848 50 14599 0 0 0 0
849 50 14568 0 0 0 0
850 50 14532 0 0 0 0
851 50 14545 0 0 0 0
852 49 14260 0 0 0 0
853 49 14290 0 0 0 0
854 49 14307 0 0 0 0
855 49 14321 0 0 0 0
856 49 14346 0 0 0 0
857 49 14379 0 0 0 0
858 49 14377 0 0 0 0
859 50 14606 0 0 0 0
860 49 14344 0 0 0 0
861 49 14407 0 0 0 0
862 49 14440 0 0 0 0
863 49 14435 0 0 0 0
864 49 14448 0 0 0 0
865 49 14451 0 0 0 0
866 49 14457 0 0 0 0
867 49 14454 0 0 0 0
868 49 14441 0 0 0 0
869 49 14450 0 0 0 0
870 49 14462 0 0 0 0
871 48 14238 0 0 1 1
872 48 14246 0 0 1 0
873 48 14252 0 0 1 0
874 48 14297 0 0 1 0
875 48 14318 0 0 1 0
876 48 14312 0 0 1 0
877 48 14306 0 0 1 1
878 48 14297 0 0 1 0
879 48 14288 0 0 1 0
880 48 14302 0 0 1 0
881 48 14313 0 0 1 0
882 48 14323 0 0 1 0
883 48 14331 0 0 1 1
884 49 14608 0 0 1 0
885 49 14578 0 0 1 0
886 49 14539 0 0 1 0
887 49 14532 0 0 1 0
888 49 14539 0 0 1 0
889 49 14528 0 0 1 1
890 49 14501 0 0 1 0
891 49 14488 0 0 1 0
892 49 14450 0 0 0 0
893 49 14428 0 0 0 0
894 49 14433 0 0 0 0
895 49 14457 0 0 0 0
896 48 14201 0 0 1 1
897 48 14249 0 0 1 0
898 48 14287 0 0 1 0
899 48 14301 0 0 1 0
900 48 14319 0 0 1 0
901 48 14312 0 0 1 0
902 48 14308 0 0 1 1
903 48 14206 1 0 1 0
904 48 14196 1 0 1 0
905 48 14142 1 0 0 0
906 48 14067 1 0 0 0
907 49 14288 1 0 0 0
908 49 14231 1 0 0 0
909 49 14171 1 0 0 0
910 49 14107 1 0 0 0
911 49 14076 1 0 0 0
912 49 14074 1 0 0 0
913 49 14114 1 0 0 0
914 49 14134 1 0 0 0
915 49 14236 0 0 0 0
916 49 14244 0 0 0 0
917 49 14291 0 0 0 0
918 50 14639 0 0 0 0
919 49 14413 0 0 0 0
920 49 14470 0 0 0 0
921 48 14219 0 0 1 1
922 49 14547 0 0 1 0
923 49 14543 0 0 1 0
924 49 14528 0 0 1 0
925 49 14451 0 0 0 0
926 49 14440 0 0 0 0
927 49 14461 0 0 0 0
928 49 14486 0 0 1 1
929 49 14487 0 0 1 0
930 48 14199 0 0 1 0
931 48 14175 0 0 0 0
932 48 14152 0 0 0 0
933 49 14435 0 0 0 0
934 48 14126 0 0 0 0
935 49 14433 0 0 0 0
936 49 14441 0 0 0 0
937 49 14501 0 0 1 1
938 49 14495 0 0 1 0
939 49 14496 0 0 1 0
940 49 14507 0 0 1 0
941 49 14529 0 0 1 0
942 49 14524 0 0 1 0
943 49 14537 0 0 1 1
944 49 14565 0 0 1 0
945 49 14590 0 0 1 0
946 49 14562 0 0 1 0
947 48 14279 0 0 1 0
948 48 14281 0 0 1 0
949 48 14290 0 0 1 1
950 48 14332 0 0 1 0
951 48 14349 0 0 1 0
952 48 14359 0 0 1 0
953 48 14375 0 0 1 0
954 48 14402 0 0 1 0
955 48 14407 0 0 1 1
956 48 14370 0 0 1 0
957 48 14361 0 0 1 0
958 48 14428 0 0 1 0
959 48 14449 0 0 1 0
960 48 14454 0 0 1 0
961 48 14439 0 0 1 1
962 48 14424 0 0 1 0
963 48 14407 0 0 1 0
964 48 14385 0 0 1 0
965 48 14367 0 0 1 0
966 48 14389 0 0 1 0
967 48 14408 0 0 1 1
968 48 14445 0 0 1 0
969 48 14450 0 0 1 0
970 48 14435 0 0 1 0
971 48 14426 0 0 1 0
972 48 14426 0 0 1 0
973 48 14436 0 0 1 1
974 48 14444 0 0 1 0
975 48 14462 0 0 1 0
976 48 14477 0 0 1 0
977 48 14478 0 0 1 0
978 48 14462 0 0 1 0
979 48 14466 0 0 1 1
980 48 14465 0 0 1 0
981 47 14159 0 0 1 0
982 47 14175 0 0 1 0
983 47 14172 0 0 1 0
984 47 14169 0 0 1 0
985 47 14176 0 0 1 1
986 47 14189 0 0 1 0
987 47 14197 0 0 1 0
988 47 14181 0 0 1 0
989 47 14158 0 0 1 0
990 48 14439 0 0 1 0
991 47 14137 0 0 1 1
992 47 14137 0 0 1 0
993 49 14589 0 0 1 0
994 50 14526 0 0 0 0
995 51 14526 0 0 0 0
996 52 14657 0 0 0 0
997 52 14588 0 0 0 0
998 52 14472 0 0 0 0
999 52 14454 0 0 0 0
1000 52 14488 0 0 0 0
1001 52 14549 0 0 0 0
1002 51 14334 0 0 0 0
1003 52 14677 0 0 0 0
1004 51 14378 0 0 0 0
1005 50 14239 0 0 0 0
1006 49 14282 0 0 0 0
1007 48 14323 0 0 1 1
1008 47 14245 0 0 1 0
1009 47 14359 0 0 1 0
1010 47 14483 0 0 1 0
1011 47 14540 0 0 1 0
1012 47 14573 0 0 1 0
1013 46 14263 0 0 1 1
1014 46 14208 0 0 1 0
1015 46 14186 0 0 1 0
1016 47 14538 0 0 1 0
1017 47 14568 0 0 1 0
1018 47 14594 0 0 1 0
1019 47 14578 0 0 1 1
1020 47 14419 0 0 1 0
1021 47 14412 0 0 1 0
1022 47 14461 0 0 1 0
1023 46 14162 0 0 1 0
1024 46 14164 0 0 1 0
1025 47 14452 0 0 1 1
1026 47 14451 0 0 1 0
1027 47 14376 0 0 1 0
1028 48 14555 0 0 1 0
1029 48 14432 0 0 1 0
1030 49 14475 0 0 1 0
1031 49 14393 0 0 0 0
1032 49 14348 0 0 0 0
1033 49 14248 0 0 0 0
1034 50 14410 0 0 0 0
1035 51 14637 0 0 0 0
1036 51 14580 0 0 0 0
1037 51 14552 0 0 0 0
1038 51 14518 0 0 0 0
1039 51 14537 0 0 0 0
1040 50 14278 0 0 0 0
1041 50 14327 0 0 0 0
1042 49 14253 0 0 0 0
1043 49 14316 0 0 0 0
1044 49 14482 0 0 1 1
1045 49 14548 0 0 1 0
1046 48 14327 0 0 1 0
1047 48 14337 0 0 1 0
1048 48 14318 0 0 1 0
1049 48 14294 0 0 1 0
1050 48 14264 0 0 1 1
1051 48 14250 0 0 1 0
1052 49 14461 0 0 0 0
1053 49 14442 0 0 0 0
1054 49 14373 0 0 0 0
1055 49 14312 0 0 0 0
1056 49 14260 0 0 0 0
1057 49 14260 0 0 0 0
1058 49 14253 0 0 0 0
1059 49 14275 0 0 0 0
1060 49 14326 0 0 0 0
1061 49 14393 0 0 0 0
1062 49 14478 0 0 1 1
1063 49 14540 0 0 1 0
1064 48 14350 0 0 1 0
1065 48 14382 0 0 1 0
1066 48 14448 0 0 1 0
1067 48 14489 0 0 1 0
1068 48 14522 0 0 1 1
1069 48 14516 0 0 1 0
1070 48 14407 0 0 1 0
1071 49 14614 0 0 1 0
1072 49 14489 0 0 1 0
1073 49 14361 0 0 0 0
1074 50 14470 0 0 0 0
1075 51 14505 0 0 0 0
1076 52 14473 0 0 0 0
1077 52 14347 0 0 0 0
1078 52 14373 0 0 0 0
1079 52 14341 0 0 0 0
1080 53 14498 0 0 0 0
1081 53 14466 0 0 0 0
1082 53 14540 0 0 0 0
1083 52 14202 0 0 0 0
1084 53 14384 0 0 0 0
1085 53 14363 0 0 0 0
1086 53 14474 0 0 0 0
1087 51 14153 0 0 0 0
1088 50 14246 0 0 0 0
1089 50 14432 0 0 0 0
1090 50 14473 0 0 0 0
1091 50 14575 0 0 0 0
1092 48 14166 0 0 0 0
1093 48 14259 0 0 1 1
1094 48 14352 0 0 1 0
1095 49 14591 0 0 1 0
1096 48 14517 0 0 1 0
1097 48 14660 0 0 1 0
1098 47 14397 0 0 1 0
1099 47 14376 0 0 1 1
1100 47 14367 0 0 1 0
1101 47 14374 0 0 1 0
1102 47 14374 0 0 1 0
1103 47 14342 0 0 1 0
1104 48 14622 0 0 1 0
1105 48 14592 0 0 1 1
1106 48 14559 0 0 1 0
1107 47 14434 0 0 1 0
1108 47 14425 0 0 1 0
1109 47 14400 0 0 1 0
1110 47 14357 0 0 1 0
1111 48 14619 0 0 1 1
1112 48 14488 0 0 1 0
1113 49 14530 0 0 1 0
1114 49 14465 0 0 0 0
1115 49 14449 0 0 0 0
1116 49 14424 0 0 0 0
1117 49 14421 0 0 0 0
1118 48 14117 0 0 0 0
1119 48 14128 0 0 0 0
1120 48 14134 0 0 0 0
1121 48 14145 0 0 0 0
1122 48 14218 0 0 1 1
1123 48 14267 0 0 1 0
1124 48 14346 0 0 1 0
1125 47 14249 0 0 1 0
1126 48 14412 0 0 1 0
1127 48 14386 0 0 1 0
1128 48 14345 0 0 1 1
1129 48 14323 0 0 1 0
1130 49 14571 0 0 1 0
1131 49 14501 0 0 1 0
1132 49 14409 0 0 0 0
1133 49 14411 0 0 0 0
1134 50 14595 0 0 0 0
1135 50 14521 0 0 0 0
1136 50 14498 0 0 0 0
1137 50 14422 0 0 0 0
1138 49 14207 0 0 0 0
1139 50 14429 0 0 0 0
1140 50 14494 0 0 0 0
1141 50 14488 0 0 0 0
1142 49 14226 0 0 0 0
1143 49 14312 0 0 0 0
1144 49 14424 0 0 0 0
1145 49 14445 0 0 0 0
1146 48 14286 0 0 1 1
1147 48 14377 0 0 1 0
1148 48 14422 0 0 1 0
1149 48 14517 0 0 1 0
1150 48 14597 0 0 1 0
1151 47 14402 0 0 1 0
1152 46 14111 0 0 1 1
1153 46 14151 0 0 1 0
1154 47 14469 0 0 1 0
1155 47 14464 0 0 1 0
1156 47 14464 0 0 1 0
1157 47 14460 0 0 1 0
1158 47 14441 0 0 1 1
1159 47 14412 0 0 1 0
1160 47 14391 0 0 1 0
1161 47 14368 0 0 1 0
1162 47 14287 0 0 1 0
1163 47 14238 0 0 1 0
1164 48 14518 0 0 1 1
1165 48 14454 0 0 1 0
1166 48 14446 0 0 1 0
1167 48 14438 0 0 1 0
1168 48 14420 0 0 1 0
1169 48 14401 0 0 1 0
1170 48 14378 0 0 1 1
1171 48 14355 0 0 1 0
1172 48 14358 0 0 1 0
1173 48 14368 0 0 1 0
1174 48 14424 0 0 1 0
1175 48 14450 0 0 1 0
1176 48 14422 0 0 1 1
1177 48 14400 0 0 1 0
1178 48 14345 0 0 1 0
1179 48 14327 0 0 1 0
1180 48 14316 0 0 1 0
1181 48 14293 0 0 1 0
1182 48 14283 0 0 1 1
1183 48 14274 0 0 1 0
1184 48 14261 0 0 1 0
1185 48 14280 0 0 1 0
1186 48 14327 0 0 1 0
1187 48 14357 0 0 1 0
1188 48 14387 0 0 1 1
1189 48 14456 0 0 1 0
1190 48 14511 0 0 1 0
1191 48 14536 0 0 1 0
1192 48 14540 0 0 1 0
1193 48 14547 0 0 1 0
1194 48 14544 0 0 1 1
1195 48 14541 0 0 1 0
1196 48 14507 0 0 1 0
1197 48 14479 0 0 1 0
1198 48 14426 0 0 1 0
1199 48 14424 0 0 1 0
1200 48 14420 0 0 1 1
1201 48 14423 0 0 1 0
1202 48 14412 0 0 1 0
1203 48 14391 0 0 1 0
1204 48 14382 0 0 1 0
1205 48 14287 0 0 1 0
1206 48 14254 0 0 1 1
1207 49 14513 0 0 1 0
1208 49 14495 0 0 1 0
1209 49 14451 0 0 0 0
1210 49 14454 0 0 0 0
1211 49 14415 0 0 0 0
1212 49 14387 0 0 0 0
1213 49 14339 0 0 0 0
1214 49 14322 0 0 0 0
1215 49 14331 0 0 0 0
1216 49 14333 0 0 0 0
1217 49 14425 0 0 0 0
1218 49 14466 0 0 0 0
1219 48 14224 0 0 1 1
1220 48 14262 0 0 1 0
1221 48 14276 0 0 1 0
1222 48 14257 0 0 1 0
1223 48 14263 0 0 1 0
1224 48 14275 0 0 1 0
1225 48 14301 0 0 1 1
1226 49 14564 0 0 1 0
1227 49 14557 0 0 1 0
1228 49 14576 0 0 1 0
1229 48 14305 0 0 1 0
1230 48 14315 0 0 1 0
1231 48 14328 0 0 1 1
1232 48 14346 0 0 1 0
1233 48 14379 0 0 1 0
1234 48 14421 0 0 1 0
1235 48 14431 0 0 1 0
1236 48 14442 0 0 1 0
1237 49 14620 0 0 1 1
1238 48 14253 0 0 1 0
1239 48 14233 0 0 1 0
1240 48 14230 0 0 1 0
1241 49 14541 0 0 1 0
1242 49 14540 0 0 1 0
1243 49 14525 0 0 1 1
1244 49 14531 0 0 1 0
1245 49 14540 0 0 1 0
1246 49 14533 0 0 1 0
1247 49 14547 0 0 1 0
1248 49 14561 0 0 1 0
1249 48 14393 0 0 1 1
1250 48 14520 0 0 1 0
1251 48 14561 0 0 1 0
1252 48 14565 0 0 1 0
1253 47 14252 0 0 1 0
1254 47 14265 0 0 1 0
1255 47 14273 0 0 1 1
1256 47 14274 0 0 1 0
1257 47 14284 0 0 1 0
1258 47 14294 0 0 1 0
1259 47 14289 0 0 1 0
1260 47 14285 0 0 1 0
1261 47 14309 0 0 1 1
1262 47 14322 0 0 1 0
1263 47 14314 0 0 1 0
1264 47 14306 0 0 1 0
1265 48 14589 0 0 1 0
1266 48 14555 0 0 1 0
1267 48 14515 0 0 1 1
1268 48 14489 0 0 1 0
1269 48 14439 0 0 1 0
1270 48 14376 0 0 1 0
1271 48 14375 0 0 1 0
1272 48 14367 0 0 1 0
1273 48 14330 0 0 1 1
1274 48 14244 0 0 1 0
1275 49 14510 0 0 1 0
1276 49 14501 0 0 1 0
1277 48 14214 0 0 1 0
1278 48 14241 0 0 1 0
1279 48 14288 0 0 1 1
1280 48 14323 0 0 1 0
1281 48 14359 0 0 1 0
1282 48 14401 0 0 1 0
1283 48 14386 0 0 1 0
1284 48 14374 0 0 1 0
1285 48 14378 0 0 1 1
1286 48 14455 0 0 1 0
1287 47 14177 0 0 1 0
1288 47 14173 0 0 1 0
1289 48 14448 0 0 1 0
1290 49 14671 0 0 1 0
1291 49 14626 0 0 1 1
1292 49 14563 0 0 1 0
1293 49 14556 0 0 1 0
1294 49 14571 0 0 1 0
1295 49 14599 0 0 1 0
1296 49 14630 0 0 1 0
1297 49 14648 0 0 1 1
1298 48 14340 0 0 1 0
1299 48 14353 0 0 1 0
1300 48 14354 0 0 1 0
1301 48 14358 0 0 1 0
1302 47 14108 0 0 1 0
1303 48 14424 0 0 1 1
1304 48 14436 0 0 1 0
1305 48 14408 0 0 1 0
1306 48 14354 0 0 1 0
1307 48 14332 0 0 1 0
1308 48 14332 0 0 1 0
1309 48 14339 0 0 1 1
1310 49 14659 0 0 1 0
1311 49 14654 0 0 1 0
1312 49 14650 0 0 1 0
1313 49 14665 0 0 1 0
1314 49 14684 0 0 1 0
1315 47 14120 0 0 1 1
1316 47 14190 0 0 1 0
1317 47 14251 0 0 1 0
1318 47 14317 0 0 1 0
1319 47 14357 0 0 1 0
1320 47 14354 0 0 1 0
1321 47 14341 0 0 1 1
1322 47 14326 0 0 1 0
1323 47 14324 0 0 1 0
1324 47 14303 0 0 1 0
1325 47 14316 0 0 1 0
1326 47 14323 0 0 1 0
1327 48 14616 0 0 1 1
1328 48 14589 0 0 1 0
1329 48 14552 0 0 1 0
1330 48 14535 0 0 1 0
1331 48 14516 0 0 1 0
1332 48 14515 0 0 1 0
1333 48 14506 0 0 1 1
1334 48 14405 0 0 1 0
1335 48 14338 0 0 1 0
1336 49 14483 0 0 1 0
1337 49 14467 0 0 0 0
1338 49 14458 0 0 0 0
1339 49 14461 0 0 0 0
1340 49 14436 0 0 0 0
1341 49 14458 0 0 0 0
1342 48 14171 0 0 0 0
1343 48 14188 0 0 1 1
1344 48 14219 0 0 1 0
1345 48 14253 0 0 1 0
1346 48 14387 0 0 1 0
1347 48 14498 0 0 1 0
1348 47 14414 0 0 1 0
1349 47 14431 0 0 1 1
1350 47 14420 0 0 1 0
1351 47 14361 0 0 1 0
1352 47 14373 0 0 1 0
1353 47 14356 0 0 1 0
1354 48 14644 0 0 1 0
1355 48 14640 0 0 1 1
1356 48 14589 0 0 1 0
1357 48 14556 0 0 1 0
1358 47 14226 0 0 1 0
1359 47 14187 0 0 1 0
1360 47 14156 0 0 1 0
1361 47 14130 0 0 1 1
1362 47 14129 0 0 1 0
1363 47 14182 0 0 1 0
1364 47 14214 0 0 1 0
1365 47 14258 0 0 1 0
1366 47 14287 0 0 1 0
1367 47 14279 0 0 1 1
1368 47 14276 0 0 1 0
1369 47 14293 0 0 1 0
1370 48 14601 0 0 1 0
1371 48 14611 0 0 1 0
1372 48 14629 0 0 1 0
1373 48 14670 0 0 1 1
1374 47 14395 0 0 1 0
1375 48 14596 0 0 1 0
1376 48 14533 0 0 1 0
1377 48 14454 0 0 1 0
1378 48 14367 0 0 1 0
1379 48 14309 0 0 1 1
1380 48 14284 0 0 1 0
1381 48 14257 0 0 1 0
1382 48 14234 0 0 1 0
1383 48 14223 0 0 1 0
1384 48 14206 0 0 1 0
1385 48 14168 0 0 0 0
1386 49 14440 0 0 0 0
1387 48 14233 0 0 1 1
1388 48 14250 0 0 1 0
1389 48 14265 0 0 1 0
1390 48 14299 0 0 1 0
1391 48 14349 0 0 1 0
1392 48 14402 0 0 1 0
1393 48 14378 0 0 1 1
1394 48 14365 0 0 1 0
1395 49 14627 0 0 1 0
1396 49 14592 0 0 1 0
1397 49 14565 0 0 1 0
1398 49 14546 0 0 1 0
1399 49 14528 0 0 1 1
1400 49 14521 0 0 1 0
1401 49 14466 0 0 0 0
1402 50 14672 0 0 0 0
1403 50 14611 0 0 0 0
1404 50 14603 0 0 0 0
1405 50 14640 0 0 0 0
1406 50 14673 0 0 0 0
1407 49 14407 0 0 0 0
1408 48 14147 0 0 0 0
1409 48 14198 0 0 1 1
1410 48 14258 0 0 1 0
1411 48 14280 0 0 1 0
1412 48 14327 0 0 1 0
1413 48 14413 0 0 1 0
1414 47 14222 0 0 1 0
1415 47 14261 0 0 1 1
1416 47 14237 0 0 1 0
1417 47 14226 0 0 1 0
1418 48 14339 0 0 1 0
1419 48 14320 0 0 1 0
1420 49 14596 0 0 1 0
1421 49 14584 0 0 1 1
1422 49 14566 0 0 1 0
1423 49 14569 0 0 1 0
1424 49 14575 0 0 1 0
1425 48 14287 0 0 1 0
1426 48 14307 0 0 1 0
1427 48 14344 0 0 1 1
1428 48 14375 0 0 1 0
1429 48 14383 0 0 1 0
1430 47 14271 0 0 1 0
1431 47 14301 0 0 1 0
1432 47 14325 0 0 1 0
1433 47 14342 0 0 1 1
1434 47 14349 0 0 1 0
1435 47 14302 0 0 1 0
1436 47 14315 0 0 1 0
1437 48 14634 0 0 1 0
1438 48 14653 0 0 1 0
1439 48 14645 0 0 1 1
1440 48 14617 0 0 1 0
1441 48 14602 0 0 1 0
1442 48 14584 0 0 1 0
1443 48 14562 0 0 1 0
1444 48 14561 0 0 1 0
1445 48 14532 0 0 1 1
1446 48 14488 0 0 1 0
1447 48 14449 0 0 1 0
1448 48 14392 0 0 1 0
1449 48 14356 0 0 1 0
1450 48 14346 0 0 1 0
1451 48 14359 0 0 1 1
1452 48 14375 0 0 1 0
1453 48 14418 0 0 1 0
1454 47 14132 0 0 1 0
1455 47 14156 0 0 1 0
1456 47 14177 0 0 1 0
1457 47 14191 0 0 1 1
1458 47 14242 0 0 1 0
1459 47 14339 0 0 1 0
1460 47 14369 0 0 1 0
1461 47 14413 0 0 1 0
1462 47 14426 0 0 1 0
1463 47 14436 0 0 1 1
1464 47 14441 0 0 1 0
1465 47 14317 0 0 1 0
1466 48 14435 0 0 1 0
1467 48 14394 0 0 1 0
1468 48 14373 0 0 1 0
1469 48 14348 0 0 1 1
1470 48 14310 0 0 1 0
1471 49 14554 0 0 1 0
1472 49 14524 0 0 1 0
1473 49 14459 0 0 0 0
1474 49 14418 0 0 0 0
1475 49 14378 0 0 0 0
1476 49 14359 0 0 0 0
1477 49 14429 0 0 0 0
1478 49 14598 0 0 1 1
1479 49 14634 0 0 1 0
1480 49 14629 0 0 1 0
1481 49 14653 0 0 1 0
1482 49 14672 0 0 1 0
1483 47 14127 0 0 1 0
1484 47 14156 0 0 1 1
1485 47 14203 0 0 1 0
1486 47 14227 0 0 1 0
1487 47 14243 0 0 1 0
1488 47 14260 0 0 1 0
1489 47 14273 0 0 1 0
1490 47 14275 0 0 1 1
1491 47 14276 0 0 1 0
1492 47 14279 0 0 1 0
1493 47 14301 0 0 1 0
1494 47 14324 0 0 1 0
1495 48 14618 0 0 1 0
1496 48 14620 0 0 1 1
1497 48 14617 0 0 1 0
1498 48 14615 0 0 1 0
1499 48 14597 0 0 1 0
1500 48 14499 0 0 1 0
1501 48 14510 0 0 1 0
1502 48 14504 0 0 1 1
1503 48 14475 0 0 1 0
1504 48 14403 0 0 1 0
1505 48 14371 0 0 1 0
1506 48 14366 0 0 1 0
1507 48 14363 0 0 1 0
1508 48 14347 0 0 1 1
1509 48 14319 0 0 1 0
1510 48 14317 0 0 1 0
1511 48 14348 0 0 1 0
1512 48 14473 0 0 1 0
1513 47 14194 0 0 1 0
1514 47 14222 0 0 1 1
1515 47 14272 0 0 1 0
1516 47 14332 0 0 1 0
1517 47 14332 0 0 1 0
1518 48 14501 0 0 1 0
1519 48 14473 0 0 1 0
1520 48 14484 0 0 1 1
1521 47 14211 0 0 1 0
1522 47 14234 0 0 1 0
1523 47 14239 0 0 1 0
1524 47 14209 0 0 1 0
1525 48 14507 0 0 1 0
1526 48 14512 0 0 1 1
1527 48 14493 0 0 1 0
1528 48 14546 0 0 1 0
1529 48 14610 0 0 1 0
1530 46 14148 0 0 1 0
1531 46 14198 0 0 1 0
1532 46 14200 0 0 1 1
1533 47 14488 0 0 1 0
1534 47 14459 0 0 1 0
1535 47 14443 0 0 1 0
1536 47 14444 0 0 1 0
1537 47 14430 0 0 1 0
1538 47 14402 0 0 1 1
1539 47 14394 0 0 1 0
1540 47 14367 0 0 1 0
1541 47 14322 0 0 1 0
1542 48 14623 0 0 1 0
1543 48 14628 0 0 1 0
1544 48 14537 0 0 1 1
1545 48 14522 0 0 1 0
1546 48 14488 0 0 1 0
1547 48 14465 0 0 1 0
1548 48 14467 0 0 1 0
1549 48 14481 0 0 1 0
1550 48 14491 0 0 1 1
1551 48 14489 0 0 1 0
1552 48 14471 0 0 1 0
1553 48 14449 0 0 1 0
1554 48 14421 0 0 1 0
1555 48 14387 0 0 1 0
1556 48 14443 0 0 1 1
1557 48 14435 0 0 1 0
1558 48 14483 0 0 1 0
1559 47 14209 0 0 1 0
