block n60 sum_rr60 bad60 hold drowsy
0 4 697 2 1 0
1 10 1908 2 1 0
2 16 3116 2 1 0
3 23 4422 2 1 0
4 29 5508 2 1 0
5 36 6822 2 1 0
6 42 8005 2 1 0
7 48 9187 2 1 0
8 54 10379 2 1 0
9 60 11528 2 1 0
10 66 12695 2 1 0
11 72 13882 2 1 0
12 75 14511 0 1 0
13 75 14450 0 1 0
14 75 14373 0 1 0
15 74 14267 0 1 0
16 74 14478 0 1 0
17 72 14244 0 1 0
18 72 14268 0 1 0
19 72 14345 0 1 0
20 72 14358 0 1 0
21 72 14439 0 1 0
22 71 14372 0 1 0
23 71 14440 0 1 0
24 69 14257 0 1 0
25 69 14413 0 1 0
26 69 14533 0 1 0
27 68 14370 0 1 0
28 69 14442 0 1 0
29 70 14569 0 1 0
30 70 14551 0 1 0
31 70 14494 0 1 0
32 69 14345 0 1 0
33 69 14348 0 1 0
34 70 14475 0 1 0
35 70 14439 0 1 0
36 71 14539 0 0 0
37 71 14441 0 0 0
38 71 14429 0 0 0
39 71 14418 0 0 0
40 70 14241 0 0 0
41 71 14403 0 0 0
42 71 14412 0 0 0
43 71 14427 0 0 0
44 71 14370 0 0 0
45 71 14390 0 0 0
46 71 14421 0 0 0
47 71 14432 0 0 0
48 71 14441 0 0 0
49 71 14438 0 0 0
50 71 14396 0 0 0
51 72 14554 0 0 0
52 72 14546 0 0 0
53 71 14321 0 0 0
54 71 14335 0 0 0
55 71 14311 0 0 0
56 72 14497 0 0 0
57 72 14472 0 0 0
58 72 14454 0 0 0
59 72 14401 0 0 0
60 72 14325 0 0 0
61 72 14295 0 0 0
62 72 14270 0 0 0
63 72 14237 0 0 0
64 73 14396 0 0 0
65 73 14443 0 0 0
66 73 14456 0 0 0
67 72 14306 0 0 0
68 72 14352 0 0 0
69 72 14359 0 0 0
70 72 14335 0 0 0
71 72 14368 0 0 0
72 72 14358 0 0 0
73 72 14387 0 0 0
74 72 14445 0 0 0
75 72 14543 0 0 0
76 70 14242 0 0 0
77 70 14279 0 0 0
78 70 14259 0 0 0
79 71 14409 0 0 0
80 71 14372 0 0 0
81 71 14384 0 0 0
82 71 14431 0 0 0
83 71 14466 0 0 0
84 70 14380 0 0 0
85 70 14387 0 0 0
86 71 14467 0 0 0
87 70 14262 0 0 0
88 71 14471 0 0 0
89 71 14518 0 0 0
90 71 14512 0 0 0
91 71 14461 0 0 0
92 72 14562 0 0 0
93 72 14437 0 0 0
94 73 14468 0 0 0
95 73 14414 0 0 0
96 74 14547 0 0 0
97 73 14370 0 0 0
98 72 14276 0 0 0
99 73 14499 0 0 0
100 73 14449 0 0 0
101 73 14361 0 0 0
102 73 14400 0 0 0
103 73 14481 0 0 0
104 72 14331 0 0 0
105 72 14466 0 0 0
106 70 14207 0 0 0
107 70 14215 0 0 0
108 70 14241 0 0 0
109 71 14410 0 0 0
110 71 14378 0 0 0
111 72 14481 0 0 0
112 72 14459 0 0 0
113 72 14427 0 0 0
114 72 14387 0 0 0
115 72 14349 0 0 0
116 72 14325 0 0 0
117 73 14413 0 0 0
118 74 14576 0 0 0
119 74 14564 0 0 0
120 74 14495 0 0 0
121 74 14502 0 0 0
122 74 14504 0 0 0
123 73 14306 0 0 0
124 73 14288 0 0 0
125 73 14322 0 0 0
126 73 14312 0 0 0
127 73 14293 0 0 0
128 74 14500 0 0 0
129 73 14319 0 0 0
130 73 14267 0 0 0
131 74 14375 0 0 0
132 74 14319 0 0 0
133 75 14374 0 0 0
134 76 14451 0 0 0
135 76 14431 0 0 0
136 76 14418 0 0 0
137 76 14354 0 0 0
138 77 14538 0 0 0
139 76 14401 0 0 0
140 76 14441 0 0 0
141 76 14449 0 0 0
142 76 14501 0 0 0
143 75 14456 0 0 0
144 75 14542 0 0 0
145 73 14302 0 0 0
146 72 14250 0 0 0
147 72 14322 0 0 0
148 72 14403 0 0 0
149 72 14479 0 0 0
150 71 14328 0 0 0
151 72 14489 0 0 0
152 71 14415 0 0 0
153 70 14319 0 0 0
154 70 14418 0 0 0
155 69 14244 0 0 0
156 69 14344 0 0 0
157 70 14555 0 0 0
158 69 14353 0 0 0
159 69 14374 0 0 0
160 69 14424 0 0 0
161 69 14468 0 0 0
162 69 14379 0 0 0
163 69 14420 0 0 0
164 69 14350 0 0 0
165 69 14331 0 0 0
166 69 14273 0 0 0
167 70 14436 0 0 0
168 70 14369 0 0 0
169 70 14361 0 0 0
170 71 14613 0 0 0
171 70 14420 0 0 0
172 70 14422 0 0 0
173 70 14442 0 0 0
174 69 14321 0 0 0
175 69 14355 0 0 0
176 69 14431 0 0 0
177 69 14406 0 0 0
178 69 14440 0 0 0
179 69 14444 0 0 0
180 69 14402 0 0 0
181 69 14350 0 0 0
182 69 14256 0 0 0
183 70 14391 0 0 0
184 70 14304 0 0 0
185 70 14250 0 0 0
186 71 14437 0 0 0
187 71 14415 0 0 0
188 71 14304 0 0 0
189 72 14448 0 0 0
190 72 14426 0 0 0
191 72 14396 0 0 0
192 72 14429 0 0 0
193 72 14468 0 0 0
194 72 14514 0 0 0
195 72 14541 0 0 0
196 72 14540 0 0 0
197 71 14360 0 0 0
198 71 14366 0 0 0
199 71 14316 0 0 0
200 71 14342 0 0 0
201 71 14354 0 0 0
202 71 14334 0 0 0
203 71 14316 0 0 0
204 71 14346 0 0 0
205 71 14389 0 0 0
206 71 14373 0 0 0
207 70 14202 0 0 0
208 70 14279 0 0 0
209 71 14497 0 0 0
210 71 14566 0 0 0
211 71 14583 0 0 0
212 71 14571 0 0 0
213 70 14407 0 0 0
214 70 14380 0 0 0
215 70 14413 0 0 0
216 70 14349 0 0 0
217 70 14278 0 0 0
218 70 14273 0 0 0
219 72 14581 0 0 0
220 72 14469 0 0 0
221 72 14425 0 0 0
222 72 14361 0 0 0
223 72 14328 0 0 0
224 72 14367 0 0 0
225 72 14390 0 0 0
226 72 14474 0 0 0
227 72 14414 0 0 0
228 72 14521 0 0 0
229 71 14535 0 0 0
230 71 14563 0 0 0
231 70 14380 0 0 0
232 69 14314 0 0 0
233 69 14348 0 0 0
234 69 14319 0 0 0
235 69 14362 0 0 0
236 69 14319 0 0 0
237 70 14513 0 0 0
238 70 14473 0 0 0
239 70 14539 0 0 0
240 69 14329 0 0 0
241 70 14379 0 0 0
242 70 14374 0 0 0
243 70 14448 0 0 0
244 70 14397 0 0 0
245 70 14402 0 0 0
246 70 14438 0 0 0
247 70 14384 0 0 0
248 70 14366 0 0 0
249 70 14388 0 0 0
250 69 14244 0 0 0
251 69 14291 0 0 0
252 70 14397 0 0 0
253 70 14328 0 0 0
254 70 14329 0 0 0
255 70 14346 0 0 0
256 70 14385 0 0 0
257 70 14340 0 0 0
258 70 14371 0 0 0
259 70 14399 0 0 0
260 70 14457 0 0 0
261 70 14457 0 0 0
262 70 14389 0 0 0
263 70 14333 0 0 0
264 71 14478 0 0 0
265 70 14332 0 0 0
266 70 14349 0 0 0
267 70 14296 0 0 0
268 71 14440 0 0 0
269 71 14452 0 0 0
270 71 14401 0 0 0
271 71 14450 0 0 0
272 71 14402 0 0 0
273 71 14285 0 0 0
274 71 14119 2 0 0
275 72 14264 2 0 0
276 71 14126 2 0 0
277 71 14134 2 0 0
278 71 14190 2 0 0
279 71 14202 2 0 0
280 71 14182 2 0 0
281 71 14193 2 0 0
282 70 14095 2 0 0
283 70 14188 2 0 0
284 69 14095 2 0 0
285 69 14273 2 0 0
286 69 14467 0 0 0
287 68 14363 0 0 0
288 67 14222 0 0 0
289 68 14450 0 0 0
290 68 14393 0 0 0
291 68 14442 0 0 0
292 67 14296 0 0 1
293 67 14278 0 0 1
294 68 14373 0 0 0
295 68 14339 0 0 0
296 68 14321 0 0 0
297 68 14263 0 0 0
298 69 14499 0 0 0
299 68 14274 0 0 0
300 69 14465 0 0 0
301 69 14434 0 0 0
302 69 14390 0 0 0
303 69 14428 0 0 0
304 70 14577 0 0 0
305 69 14465 0 0 0
306 69 14472 0 0 0
307 69 14382 0 0 0
308 70 14541 0 0 0
309 70 14480 0 0 0
310 70 14357 0 0 0
311 71 14511 0 0 0
312 71 14469 0 0 0
313 71 14484 0 0 0
314 71 14469 0 0 0
315 70 14236 0 0 0
316 70 14336 0 0 0
317 70 14332 0 0 0
318 70 14409 0 0 0
319 70 14420 0 0 0
320 70 14366 0 0 0
321 70 14321 0 0 0
322 70 14343 0 0 0
323 70 14426 0 0 0
324 70 14448 0 0 0
325 70 14396 0 0 0
326 69 14307 0 0 0
327 70 14485 0 0 0
328 70 14385 0 0 0
329 71 14558 0 0 0
330 70 14309 0 0 0
331 70 14326 0 0 0
332 70 14337 0 0 0
333 70 14357 0 0 0
334 71 14524 0 0 0
335 71 14438 0 0 0
336 71 14306 0 0 0
337 71 14327 0 0 0
338 72 14463 0 0 0
339 72 14449 0 0 0
340 71 14343 0 0 0
341 71 14297 0 0 0
342 72 14552 0 0 0
343 72 14553 0 0 0
344 71 14378 0 0 0
345 71 14459 0 0 0
346 70 14302 0 0 0
347 70 14282 0 0 0
348 70 14346 0 0 0
349 70 14411 0 0 0
350 70 14417 0 0 0
351 70 14420 0 0 0
352 71 14541 0 0 0
353 71 14492 0 0 0
354 71 14387 0 0 0
355 71 14347 0 0 0
356 72 14551 0 0 0
357 71 14325 0 0 0
358 71 14355 0 0 0
359 71 14509 0 0 0
360 71 14516 0 0 0
361 70 14301 0 0 0
362 70 14326 0 0 0
363 70 14273 0 0 0
364 70 14313 0 0 0
365 70 14312 0 0 0
366 70 14310 0 0 0
367 70 14312 0 0 0
368 70 14263 0 0 0
369 71 14488 0 0 0
370 71 14488 0 0 0
371 71 14352 0 0 0
372 71 14305 0 0 0
373 73 14541 0 0 0
374 73 14415 0 0 0
375 73 14407 0 0 0
376 73 14306 0 0 0
377 73 14376 0 0 0
378 73 14461 0 0 0
379 73 14478 0 0 0
380 73 14532 0 0 0
381 72 14328 0 0 0
382 72 14308 0 0 0
383 73 14465 0 0 0
384 73 14509 0 0 0
385 72 14408 0 0 0
386 72 14470 0 0 0
387 72 14472 0 0 0
388 72 14499 0 0 0
389 72 14407 0 0 0
390 72 14420 0 0 0
391 71 14299 0 0 0
392 71 14287 0 0 0
393 72 14484 0 0 0
394 72 14534 0 0 0
395 71 14386 0 0 0
396 70 14250 0 0 0
397 70 14338 0 0 0
398 70 14341 0 0 0
399 70 14384 0 0 0
400 70 14367 0 0 0
401 70 14403 0 0 0
402 70 14315 0 0 0
403 71 14379 0 0 0
404 71 14400 0 0 0
405 71 14398 0 0 0
406 71 14335 0 0 0
407 71 14309 0 0 0
408 73 14593 0 0 0
409 73 14447 0 0 0
410 73 14462 0 0 0
411 73 14434 0 0 0
412 73 14429 0 0 0
413 73 14437 0 0 0
414 73 14372 0 0 0
415 74 14511 0 0 0
416 74 14420 0 0 0
417 74 14393 0 0 0
418 74 14386 0 0 0
419 74 14461 0 0 0
420 72 14202 0 0 0
421 73 14445 0 0 0
422 73 14388 0 0 0
423 73 14355 0 0 0
424 73 14360 0 0 0
425 73 14330 0 0 0
426 74 14555 0 0 0
427 73 14447 0 0 0
428 72 14335 0 0 0
429 72 14346 0 0 0
430 72 14381 0 0 0
431 72 14276 0 0 0
432 74 14589 0 0 0
433 73 14375 0 0 0
434 73 14388 0 0 0
435 73 14398 0 0 0
436 73 14442 0 0 0
437 73 14450 0 0 0
438 72 14237 0 0 0
439 72 14252 0 0 0
440 73 14441 0 0 0
441 73 14400 0 0 0
442 73 14441 0 0 0
443 73 14497 0 0 0
444 72 14355 0 0 0
445 72 14379 0 0 0
446 72 14376 0 0 0
447 72 14452 0 0 0
448 71 14287 0 0 0
449 71 14443 0 0 0
450 71 14564 0 0 0
451 70 14424 0 0 0
452 70 14473 0 0 0
453 70 14487 0 0 0
454 70 14336 0 0 0
455 70 14285 0 0 0
456 70 14272 0 0 0
457 70 14306 0 0 0
458 70 14356 0 0 0
459 70 14273 0 0 0
460 72 14582 0 0 0
461 72 14424 0 0 0
462 72 14417 0 0 0
463 72 14378 0 0 0
464 72 14344 0 0 0
465 72 14341 0 0 0
466 72 14466 0 0 0
467 72 14513 0 0 0
468 72 14458 0 0 0
469 72 14383 0 0 0
470 73 14538 0 0 0
471 73 14573 0 0 0
472 72 14396 0 0 0
473 72 14400 0 0 0
474 72 14368 0 0 0
475 73 14519 0 0 0
476 73 14520 0 0 0
477 73 14410 0 0 0
478 73 14364 0 0 0
479 73 14413 0 0 0
480 73 14526 0 0 0
481 73 14501 0 0 0
482 72 14366 0 0 0
483 72 14337 0 0 0
484 72 14274 0 0 0
485 73 14427 0 0 0
486 73 14377 0 0 0
487 73 14306 0 0 0
488 74 14292 0 0 0
489 74 14389 0 0 0
490 74 14403 0 0 0
491 74 14331 0 0 0
492 74 14263 0 0 0
493 74 14307 0 0 0
494 74 14336 0 0 0
495 74 14365 0 0 0
496 74 14393 0 0 0
497 73 14242 0 0 0
498 73 14357 0 0 0
499 73 14487 0 0 0
500 72 14504 0 0 0
501 71 14352 0 0 0
502 71 14388 0 0 0
503 71 14413 0 0 0
504 71 14412 0 0 0
505 71 14454 0 0 0
506 71 14347 0 0 0
507 71 14334 0 0 0
508 71 14385 0 0 0
509 71 14390 0 0 0
510 71 14309 0 0 0
511 72 14394 0 0 0
512 72 14317 0 0 0
513 73 14500 0 0 0
514 73 14515 0 0 0
515 72 14345 0 0 0
516 72 14420 0 0 0
517 72 14486 0 0 0
518 71 14391 0 0 0
519 71 14408 0 0 0
520 71 14487 0 0 0
521 71 14549 0 0 0
522 71 14553 0 0 0
523 70 14410 0 0 0
524 69 14289 0 0 0
525 70 14453 0 0 0
526 70 14349 0 0 0
527 70 14395 0 0 0
528 70 14362 0 0 0
529 70 14343 0 0 0
530 71 14464 0 0 0
531 71 14472 0 0 0
532 71 14400 0 0 0
533 71 14422 0 0 0
534 70 14310 0 0 0
535 70 14397 0 0 0
536 71 14553 0 0 0
537 70 14404 0 0 0
538 70 14406 0 0 0
539 71 14460 0 0 0
540 71 14440 0 0 0
541 71 14375 0 0 0
542 71 14420 0 0 0
543 71 14398 0 0 0
544 71 14384 0 0 0
545 71 14355 0 0 0
546 72 14483 0 0 0
547 72 14442 0 0 0
548 72 14400 0 0 0
549 72 14352 0 0 0
550 72 14412 0 0 0
551 72 14499 0 0 0
552 72 14452 0 0 0
553 71 14300 0 0 0
554 71 14304 0 0 0
555 71 14392 0 0 0
556 71 14403 0 0 0
557 71 14328 0 0 0
558 71 14340 0 0 0
559 71 14340 0 0 0
560 71 14386 0 0 0
561 71 14378 0 0 0
562 71 14422 0 0 0
563 70 14248 0 0 0
564 70 14275 0 0 0
565 72 14562 0 0 0
566 72 14528 0 0 0
567 71 14299 0 0 0
568 71 14299 0 0 0
569 71 14535 0 0 0
570 70 14437 0 0 0
571 69 14284 0 0 0
572 70 14469 0 0 0
573 69 14340 0 0 0
574 69 14226 0 0 0
575 71 14568 0 0 0
576 70 14387 0 0 0
577 69 14332 0 0 0
578 69 14380 0 0 0
579 70 14585 0 0 0
580 69 14462 0 0 0
581 69 14342 0 0 0
582 69 14330 0 0 0
583 70 14517 0 0 0
584 69 14357 0 0 0
585 70 14522 0 0 0
586 70 14565 0 0 0
587 68 14250 0 0 0
588 69 14453 0 0 0
589 69 14340 0 0 0
590 69 14303 0 0 0
591 69 14262 0 0 0
592 70 14360 0 0 0
593 71 14422 0 0 0
594 72 14451 0 0 0
595 73 14455 0 0 0
596 73 14375 0 0 0
597 73 14336 0 0 0
598 73 14287 0 0 0
599 75 14529 0 0 0
600 75 14412 0 0 0
601 76 14538 0 0 0
602 75 14378 0 0 0
603 75 14394 0 0 0
604 75 14495 0 0 0
605 74 14424 0 0 0
606 73 14373 0 0 0
607 72 14343 0 0 0
608 72 14405 0 0 0
609 72 14407 0 0 0
610 72 14388 0 0 0
611 72 14409 0 0 0
612 72 14373 0 0 0
613 71 14240 0 0 0
614 72 14412 0 0 0
615 72 14375 0 0 0
616 72 14348 0 0 0
617 72 14324 0 0 0
618 73 14417 0 0 0
619 73 14462 0 0 0
620 73 14449 0 0 0
621 73 14473 0 0 0
622 73 14497 0 0 0
623 72 14306 0 0 0
624 73 14542 0 0 0
625 73 14500 0 0 0
626 73 14497 0 0 0
627 73 14526 0 0 0
628 73 14503 0 0 0
629 73 14485 0 0 0
630 73 14482 0 0 0
631 72 14242 0 0 0
632 73 14353 0 0 0
633 73 14371 0 0 0
634 73 14423 0 0 0
635 73 14460 0 0 0
636 72 14277 0 0 0
637 72 14351 0 0 0
638 72 14330 0 0 0
639 73 14449 0 0 0
640 72 14356 0 0 0
641 71 14248 0 0 0
642 71 14336 0 0 0
643 71 14383 0 0 0
644 70 14318 0 0 0
645 71 14433 0 0 0
646 71 14382 0 0 0
647 71 14353 0 0 0
648 71 14410 0 0 0
649 71 14433 0 0 0
650 71 14422 0 0 0
651 70 14281 0 0 0
652 71 14298 0 0 0
653 72 14418 0 0 0
654 72 14310 0 0 0
655 74 14584 0 0 0
656 74 14512 0 0 0
657 73 14354 0 0 0
658 73 14432 0 0 0
659 72 14342 0 0 0
660 73 14487 0 0 0
661 73 14483 0 0 0
662 72 14336 0 0 0
663 72 14370 0 0 0
664 72 14464 0 0 0
665 72 14456 0 0 0
666 72 14521 0 0 0
667 71 14366 0 0 0
668 71 14331 0 0 0
669 71 14369 0 0 0
670 71 14377 0 0 0
671 72 14519 0 0 0
672 71 14429 0 0 0
673 71 14400 0 0 0
674 72 14562 0 0 0
675 72 14500 0 0 0
676 72 14427 0 0 0
677 72 14458 0 0 0
678 71 14303 0 0 0
679 71 14311 0 0 0
680 71 14373 0 0 0
681 71 14368 0 0 0
682 71 14362 0 0 0
683 71 14412 0 0 0
684 70 14241 0 0 0
685 71 14362 0 0 0
686 71 14301 0 0 0
687 71 14344 0 0 0
688 71 14396 0 0 0
689 71 14327 0 0 0
690 73 14527 0 0 0
691 73 14499 0 0 0
692 72 14384 0 0 0
693 72 14343 0 0 0
694 72 14310 0 0 0
695 72 14272 0 0 0
696 73 14401 0 0 0
697 72 14294 0 0 0
698 72 14344 0 0 0
699 72 14335 0 0 0
700 73 14434 0 0 0
701 73 14369 0 0 0
702 72 14331 0 0 0
703 71 14279 0 0 0
704 72 14497 0 0 0
705 71 14426 0 0 0
706 71 14500 0 0 0
707 71 14493 0 0 0
708 71 14512 0 0 0
709 70 14359 0 0 0
710 70 14435 0 0 0
711 70 14457 0 0 0
712 68 14240 0 0 0
713 68 14407 0 0 0
714 68 14457 0 0 0
715 68 14346 0 0 0
716 68 14316 0 0 0
717 69 14447 0 0 0
718 69 14421 0 0 0
719 69 14394 0 0 0
720 69 14438 0 0 0
721 69 14414 0 0 0
722 70 14513 0 0 0
723 70 14501 0 0 0
724 70 14439 0 0 0
725 70 14383 0 0 0
726 70 14326 0 0 0
727 71 14461 0 0 0
728 71 14366 0 0 0
729 71 14334 0 0 0
730 71 14295 0 0 0
731 71 14287 0 0 0
732 72 14411 0 0 0
733 73 14583 0 0 0
734 72 14390 0 0 0
735 72 14317 0 0 0
736 73 14474 0 0 0
737 73 14456 0 0 0
738 73 14428 0 0 0
739 73 14465 0 0 0
740 73 14512 0 0 0
741 73 14523 0 0 0
742 73 14533 0 0 0
743 72 14452 0 0 0
744 71 14371 0 0 0
745 70 14236 0 0 0
746 70 14386 0 0 0
747 69 14311 0 0 0
748 69 14324 0 0 0
749 70 14483 0 0 0
750 70 14451 0 0 0
751 69 14337 0 0 0
752 69 14403 0 0 0
753 69 14445 0 0 0
754 68 14311 0 0 0
755 69 14474 0 0 0
756 69 14377 0 0 0
757 70 14503 0 0 0
758 70 14368 0 0 0
759 71 14481 0 0 0
760 71 14533 0 0 0
761 70 14342 0 0 0
762 69 14218 0 0 0
763 70 14430 0 0 0
764 70 14430 0 0 0
765 69 14227 0 0 0
766 70 14420 0 0 0
767 70 14405 0 0 0
768 70 14415 0 0 0
769 69 14255 0 0 0
770 69 14301 0 0 0
771 69 14342 0 0 0
772 69 14276 0 0 0
773 70 14434 0 0 0
774 71 14608 0 0 0
775 70 14347 0 0 0
776 71 14413 0 0 0
777 71 14405 0 0 0
778 71 14378 0 0 0
779 71 14410 0 0 0
780 71 14425 0 0 0
781 71 14435 0 0 0
782 71 14402 0 0 0
783 71 14394 0 0 0
784 71 14382 0 0 0
785 71 14415 0 0 0
786 71 14384 0 0 0
787 71 14414 0 0 0
788 70 14250 0 0 0
789 71 14525 0 0 0
790 70 14364 0 0 0
791 69 14258 0 0 0
792 69 14370 0 0 0
793 69 14437 0 0 0
794 69 14560 0 0 0
795 68 14406 0 0 0
796 68 14417 0 0 0
797 67 14321 0 0 1
798 67 14413 0 0 1
799 67 14463 0 0 1
800 67 14493 0 0 1
801 67 14370 0 0 1
802 68 14527 0 0 1
803 68 14391 0 0 0
804 69 14447 0 0 0
805 69 14387 0 0 0
806 69 14297 0 0 0
807 70 14485 0 0 0
808 70 14501 0 0 0
809 70 14430 0 0 0
810 70 14385 0 0 0
811 70 14324 0 0 0
812 70 14370 0 0 0
813 70 14339 0 0 0
814 70 14269 0 0 0
815 71 14405 0 0 0
816 71 14349 0 0 0
817 72 14462 0 0 0
818 73 14521 0 0 0
819 73 14379 0 0 0
820 73 14287 0 0 0
821 73 14273 0 0 0
822 74 14354 0 0 0
823 75 14500 0 0 0
824 75 14439 0 0 0
825 75 14510 0 0 0
826 74 14404 0 0 0
827 74 14506 0 0 0
828 73 14365 0 0 0
829 73 14408 0 0 0
830 72 14365 0 0 0
831 71 14335 0 0 0
832 71 14484 0 0 0
833 70 14364 0 0 0
834 69 14292 0 0 0
835 69 14393 0 0 0
836 69 14377 0 0 0
837 69 14341 0 0 0
838 70 14514 0 0 0
839 70 14454 0 0 0
840 69 14348 0 0 0
841 69 14402 0 0 0
842 68 14237 0 0 0
843 69 14405 0 0 0
844 69 14329 0 0 0
845 70 14487 0 0 0
846 70 14439 0 0 0
847 70 14383 0 0 0
848 70 14455 0 0 0
849 69 14360 0 0 0
850 69 14418 0 0 0
851 68 14255 0 0 0
852 69 14407 0 0 0
853 69 14438 0 0 0
854 70 14580 0 0 0
855 69 14360 0 0 0
856 69 14392 0 0 0
857 69 14450 0 0 0
858 69 14473 0 0 0
859 69 14489 0 0 0
860 68 14292 0 0 0
861 69 14504 0 0 0
862 68 14231 0 0 0
863 69 14452 0 0 0
864 69 14488 0 0 0
865 68 14262 0 0 0
866 68 14338 0 0 0
867 69 14576 0 0 0
868 69 14558 0 0 0
869 69 14461 0 0 0
870 69 14306 0 0 0
871 70 14399 0 0 0
872 70 14362 0 0 0
873 70 14339 0 0 0
874 71 14555 0 0 0
875 71 14524 0 0 0
876 70 14319 0 0 0
877 71 14510 0 0 0
878 71 14430 0 0 0
879 71 14339 0 0 0
880 71 14368 0 0 0
881 71 14419 0 0 0
882 70 14386 0 0 0
883 69 14296 0 0 0
884 70 14489 0 0 0
885 70 14446 0 0 0
886 69 14247 0 0 0
887 70 14353 0 0 0
888 70 14364 0 0 0
889 70 14402 0 0 0
890 69 14339 0 0 0
891 69 14464 0 0 0
892 68 14276 0 0 0
893 68 14341 0 0 0
894 69 14500 0 0 0
895 69 14499 0 0 0
896 68 14297 0 0 0
897 68 14314 0 0 0
898 69 14482 0 0 0
899 68 14433 0 0 0
900 68 14380 0 0 0
901 68 14378 0 0 0
902 69 14452 0 0 0
903 69 14280 0 0 0
904 71 14453 0 0 0
905 72 14435 0 0 0
906 72 14420 0 0 0
907 72 14398 0 0 0
908 72 14486 0 0 0
909 72 14469 0 0 0
910 72 14386 0 0 0
911 72 14292 0 0 0
912 73 14442 0 0 0
913 73 14445 0 0 0
914 73 14419 0 0 0
915 73 14481 0 0 0
916 71 14316 0 0 0
917 71 14414 0 0 0
918 70 14318 0 0 0
919 70 14361 0 0 0
920 71 14463 0 0 0
921 71 14391 0 0 0
922 71 14471 0 0 0
923 70 14395 0 0 0
924 70 14421 0 0 0
925 70 14285 0 0 0
926 70 14310 0 0 0
927 70 14446 0 0 0
928 70 14503 0 0 0
929 68 14247 0 0 0
930 69 14381 0 0 0
931 69 14405 0 0 0
932 68 14318 0 0 0
933 68 14380 0 0 0
934 68 14326 0 0 0
935 69 14456 0 0 0
936 69 14436 0 0 0
937 69 14360 0 0 0
938 69 14424 0 0 0
939 69 14412 0 0 0
940 69 14333 0 0 0
941 70 14488 0 0 0
942 70 14448 0 0 0
943 70 14363 0 0 0
944 71 14463 0 0 0
945 71 14463 0 0 0
946 71 14452 0 0 0
947 71 14435 0 0 0
948 71 14465 0 0 0
949 71 14596 0 0 0
950 70 14337 0 0 0
951 70 14221 0 0 0
952 71 14377 0 0 0
953 72 14434 0 0 0
954 72 14445 0 0 0
955 72 14410 0 0 0
956 72 14368 0 0 0
957 72 14402 0 0 0
958 72 14430 0 0 0
959 72 14392 0 0 0
960 72 14385 0 0 0
961 72 14348 0 0 0
962 73 14495 0 0 0
963 73 14429 0 0 0
964 73 14421 0 0 0
965 72 14275 0 0 0
966 72 14314 0 0 0
967 73 14442 0 0 0
968 73 14366 0 0 0
969 73 14255 0 0 0
970 73 14323 0 0 0
971 73 14260 0 0 0
972 74 14426 0 0 0
973 73 14304 0 0 0
974 73 14379 0 0 0
975 73 14533 0 0 0
976 72 14440 0 0 0
977 72 14454 0 0 0
978 72 14508 0 0 0
979 71 14385 0 0 0
980 70 14312 0 0 0
981 70 14476 0 0 0
982 70 14489 0 0 0
983 70 14542 0 0 0
984 68 14297 0 0 0
985 69 14535 0 0 0
986 68 14323 0 0 0
987 68 14279 0 0 0
988 69 14382 0 0 0
989 69 14354 0 0 0
990 69 14243 0 0 0
991 69 14262 0 0 0
992 70 14437 0 0 0
993 70 14370 0 0 0
994 70 14380 0 0 0
995 70 14333 0 0 0
996 71 14350 0 0 0
997 72 14368 0 0 0
998 73 14554 0 0 0
999 72 14447 0 0 0
1000 72 14437 0 0 0
1001 72 14507 0 0 0
1002 72 14570 0 0 0
1003 71 14401 0 0 0
1004 72 14549 0 0 0
1005 72 14433 0 0 0
1006 72 14298 0 0 0
1007 73 14483 0 0 0
1008 73 14488 0 0 0
1009 73 14416 0 0 0
1010 73 14342 0 0 0
1011 74 14449 0 0 0
1012 74 14437 0 0 0
1013 74 14362 0 0 0
1014 74 14288 0 0 0
1015 75 14390 0 0 0
1016 75 14414 0 0 0
1017 75 14431 0 0 0
1018 75 14438 0 0 0
1019 75 14361 0 0 0
1020 74 14285 0 0 0
1021 73 14405 0 0 0
1022 72 14409 0 0 0
1023 72 14428 0 0 0
1024 71 14306 0 0 0
1025 72 14455 0 0 0
1026 72 14462 0 0 0
1027 72 14463 0 0 0
1028 71 14320 0 0 0
1029 71 14350 0 0 0
1030 71 14359 0 0 0
1031 70 14308 0 0 0
1032 71 14422 0 0 0
1033 71 14291 0 0 0
1034 73 14466 0 0 0
1035 72 14243 0 0 0
1036 73 14534 0 0 0
1037 71 14275 0 0 0
1038 72 14422 0 0 0
1039 72 14432 0 0 0
1040 72 14372 0 0 0
1041 72 14364 0 0 0
1042 73 14499 0 0 0
1043 72 14332 0 0 0
1044 72 14509 0 0 0
1045 72 14537 0 0 0
1046 70 14253 0 0 0
1047 70 14399 0 0 0
1048 70 14371 0 0 0
1049 71 14556 0 0 0
1050 69 14258 0 0 0
1051 69 14330 0 0 0
1052 69 14322 0 0 0
1053 69 14432 0 0 0
1054 68 14426 0 0 0
1055 69 14581 0 0 0
1056 68 14335 0 0 0
1057 68 14383 0 0 0
1058 68 14524 0 0 1
1059 68 14497 0 0 1
1060 67 14301 0 0 1
1061 67 14239 0 0 0
1062 68 14501 0 0 1
1063 68 14551 0 0 1
1064 67 14522 0 0 1
1065 66 14319 0 0 1
1066 66 14301 0 0 1
1067 66 14384 0 0 1
1068 66 14321 0 0 1
1069 66 14254 0 0 1
1070 67 14300 0 0 1
1071 68 14375 0 0 0
1072 69 14382 0 0 0
1073 69 14407 0 0 0
1074 69 14440 0 0 0
1075 68 14217 0 0 0
1076 69 14331 0 0 0
1077 70 14515 0 0 0
1078 69 14330 0 0 0
1079 69 14282 0 0 0
1080 70 14433 0 0 0
1081 70 14407 0 0 0
1082 70 14370 0 0 0
1083 70 14481 0 0 0
1084 69 14456 0 0 0
1085 69 14512 0 0 0
1086 69 14402 0 0 0
1087 70 14481 0 0 0
1088 70 14455 0 0 0
1089 70 14463 0 0 0
1090 70 14443 0 0 0
1091 70 14550 0 0 0
1092 69 14383 0 0 0
1093 69 14493 0 0 0
1094 68 14393 0 0 0
1095 68 14370 0 0 0
1096 68 14330 0 0 0
1097 68 14361 0 0 0
1098 68 14394 0 0 0
1099 67 14343 0 0 1
1100 67 14376 0 0 1
1101 67 14351 0 0 1
1102 68 14468 0 0 0
1103 68 14405 0 0 0
1104 68 14404 0 0 0
1105 68 14336 0 0 0
1106 69 14542 0 0 0
1107 69 14451 0 0 0
1108 69 14403 0 0 0
1109 70 14454 0 0 0
1110 69 14266 0 0 0
1111 70 14398 0 0 0
1112 71 14509 0 0 0
1113 71 14427 0 0 0
1114 71 14460 0 0 0
1115 71 14360 0 0 0
1116 71 14364 0 0 0
1117 71 14422 0 0 0
1118 71 14336 0 0 0
1119 71 14259 0 0 0
1120 72 14443 0 0 0
1121 71 14426 0 0 0
1122 71 14420 0 0 0
1123 71 14388 0 0 0
1124 70 14207 0 0 0
1125 70 14240 0 0 0
1126 70 14349 0 0 0
1127 70 14436 0 0 0
1128 71 14520 0 0 0
1129 71 14440 0 0 0
1130 71 14445 0 0 0
1131 71 14525 0 0 0
1132 71 14513 0 0 0
1133 71 14299 0 0 0
1134 72 14399 0 0 0
1135 73 14537 0 0 0
1136 73 14576 0 0 0
1137 73 14582 0 0 0
1138 72 14280 0 0 0
1139 72 14293 0 0 0
1140 72 14379 0 0 0
1141 72 14458 0 0 0
1142 71 14216 1 0 0
1143 71 14165 1 0 0
1144 71 14207 1 0 0
1145 70 14090 1 0 0
1146 69 14152 1 0 0
1147 68 14152 1 0 0
1148 68 14038 1 0 0
1149 68 14020 1 0 0
1150 69 14349 1 0 0
1151 69 14274 1 0 0
1152 68 14257 1 0 0
1153 67 14165 1 0 0
1154 67 14369 0 0 1
1155 66 14255 0 0 1
1156 66 14299 0 0 1
1157 66 14429 0 0 1
1158 67 14514 0 0 1
1159 66 14290 0 0 1
1160 66 14486 0 0 1
1161 66 14546 0 0 1
1162 66 14358 0 0 1
1163 66 14278 0 0 1
1164 68 14337 0 0 0
1165 69 14340 0 0 0
1166 70 14356 0 0 0
1167 70 14418 0 0 0
1168 70 14468 0 0 0
1169 70 14468 0 0 0
1170 70 14448 0 0 0
1171 70 14426 0 0 0
1172 70 14446 0 0 0
1173 70 14347 0 0 0
1174 71 14473 0 0 0
1175 71 14448 0 0 0
1176 70 14288 0 0 0
1177 70 14434 0 0 0
1178 69 14363 0 0 0
1179 70 14534 0 0 0
1180 69 14306 0 0 0
1181 70 14399 0 0 0
1182 70 14312 0 0 0
1183 71 14429 0 0 0
1184 72 14354 0 0 0
1185 72 14327 0 0 0
1186 72 14391 0 0 0
1187 72 14510 0 0 0
1188 71 14484 0 0 0
1189 71 14419 0 0 0
1190 72 14516 0 0 0
1191 71 14236 0 0 0
1192 73 14496 0 0 0
1193 73 14351 0 0 0
1194 74 14511 0 0 0
1195 73 14367 0 0 0
1196 72 14352 0 0 0
1197 72 14401 0 0 0
1198 71 14228 0 0 0
1199 72 14371 0 0 0
1200 74 14523 0 0 0
1201 73 14290 0 0 0
1202 73 14332 0 0 0
1203 74 14542 0 0 0
1204 73 14414 0 0 0
1205 73 14551 0 0 0
1206 72 14389 0 0 0
1207 73 14557 0 0 0
1208 73 14481 0 0 0
1209 73 14527 0 0 0
1210 72 14434 0 0 0
1211 71 14402 0 0 0
1212 69 14245 0 0 0
1213 70 14407 0 0 0
1214 70 14394 0 0 0
1215 70 14423 0 0 0
1216 70 14419 0 0 0
1217 70 14310 0 0 0
1218 70 14296 0 0 0
1219 70 14340 0 0 0
1220 70 14302 0 0 0
1221 71 14367 0 0 0
1222 72 14538 0 0 0
1223 71 14265 0 0 0
1224 72 14420 0 0 0
1225 72 14491 0 0 0
1226 72 14474 0 0 0
1227 72 14420 0 0 0
1228 71 14256 0 0 0
1229 71 14397 0 0 0
1230 71 14497 0 0 0
1231 70 14302 0 0 0
1232 70 14401 0 0 0
1233 69 14306 0 0 0
1234 69 14275 0 0 0
1235 70 14537 0 0 0
1236 69 14371 0 0 0
1237 69 14296 0 0 0
1238 69 14313 0 0 0
1239 69 14312 0 0 0
1240 70 14492 0 0 0
1241 70 14446 0 0 0
1242 70 14361 0 0 0
1243 71 14538 0 0 0
1244 70 14353 0 0 0
1245 70 14371 0 0 0
1246 71 14522 0 0 0
1247 70 14269 0 0 0
1248 71 14451 0 0 0
1249 71 14437 0 0 0
1250 71 14430 0 0 0
1251 71 14464 0 0 0
1252 70 14258 0 0 0
1253 70 14283 0 0 0
1254 70 14345 0 0 0
1255 70 14309 0 0 0
1256 71 14484 0 0 0
1257 71 14438 0 0 0
1258 70 14266 0 0 0
1259 71 14442 0 0 0
1260 71 14404 1 0 0
1261 70 14066 2 0 0
1262 70 14016 2 0 0
1263 70 14043 2 0 0
1264 71 14250 2 0 0
1265 71 14266 2 0 0
1266 70 14069 2 0 0
1267 70 14073 2 0 0
1268 70 14091 2 0 0
1269 70 14201 2 0 0
1270 69 14058 2 0 0
1271 69 14093 2 0 0
1272 69 14162 1 0 0
1273 70 14514 0 0 0
1274 69 14360 0 0 0
1275 69 14413 0 0 0
1276 68 14250 0 0 0
1277 68 14304 0 0 0
1278 69 14479 0 0 0
1279 69 14509 0 0 0
1280 68 14368 0 0 0
1281 68 14303 0 0 0
1282 69 14471 0 0 0
1283 69 14452 0 0 0
1284 69 14447 0 0 0
1285 68 14251 0 0 0
1286 69 14436 0 0 0
1287 69 14340 0 0 0
1288 70 14497 0 0 0
1289 70 14484 0 0 0
1290 69 14339 0 0 0
1291 69 14373 0 0 0
1292 69 14362 0 0 0
1293 69 14350 0 0 0
1294 69 14384 0 0 0
1295 69 14354 0 0 0
1296 69 14303 0 0 0
1297 70 14530 0 0 0
1298 70 14522 0 0 0
1299 70 14524 0 0 0
1300 70 14484 0 0 0
1301 70 14403 0 0 0
1302 70 14373 0 0 0
1303 70 14352 0 0 0
1304 71 14551 0 0 0
1305 70 14394 0 0 0
1306 70 14362 0 0 0
1307 70 14360 0 0 0
1308 70 14337 0 0 0
1309 70 14379 0 0 0
1310 70 14389 0 0 0
1311 69 14225 0 0 0
1312 69 14287 0 0 0
1313 69 14278 0 0 0
1314 70 14411 0 0 0
1315 71 14503 0 0 0
1316 70 14245 0 0 0
1317 71 14477 0 0 0
1318 71 14493 0 0 0
1319 71 14545 0 0 0
1320 70 14386 0 0 0
1321 70 14309 0 0 0
1322 70 14310 0 0 0
1323 71 14519 0 0 0
1324 71 14497 0 0 0
1325 71 14510 0 0 0
1326 70 14443 0 0 0
1327 69 14297 0 0 0
1328 70 14549 0 0 0
1329 69 14354 0 0 0
1330 69 14330 0 0 0
1331 69 14337 0 0 0
1332 70 14550 0 0 0
1333 70 14516 0 0 0
1334 70 14514 0 0 0
1335 70 14435 0 0 0
1336 70 14378 0 0 0
1337 70 14424 0 0 0
1338 70 14314 0 0 0
1339 70 14372 0 0 0
1340 70 14405 0 0 0
1341 70 14397 0 0 0
1342 70 14446 0 0 0
1343 70 14366 0 0 0
1344 71 14427 0 0 0
1345 70 14318 0 0 0
1346 70 14349 0 0 0
1347 70 14330 0 0 0
1348 70 14310 0 0 0
1349 70 14228 0 0 0
1350 71 14422 0 0 0
1351 71 14389 0 0 0
1352 71 14260 0 0 0
1353 72 14386 0 0 0
1354 73 14496 0 0 0
1355 73 14434 0 0 0
1356 72 14272 0 0 0
1357 74 14494 0 0 0
1358 74 14358 0 0 0
1359 74 14323 0 0 0
1360 74 14359 0 0 0
1361 74 14397 0 0 0
1362 74 14444 0 0 0
1363 74 14452 0 0 0
1364 74 14502 0 0 0
1365 74 14561 0 0 0
1366 73 14387 0 0 0
1367 72 14313 0 0 0
1368 72 14493 0 0 0
1369 70 14303 0 0 0
1370 70 14508 0 0 0
1371 69 14471 0 0 0
1372 68 14393 0 0 0
1373 68 14529 0 0 1
1374 67 14376 0 0 1
1375 67 14422 0 0 1
1376 66 14269 0 0 1
1377 66 14323 0 0 1
1378 65 14208 0 0 1
1379 66 14384 0 0 1
1380 66 14243 0 0 1
1381 67 14379 0 0 1
1382 67 14271 0 0 1
1383 68 14450 0 0 0
1384 69 14593 0 0 0
1385 68 14387 0 0 0
1386 69 14556 0 0 0
1387 68 14324 0 0 0
1388 69 14467 0 0 0
1389 69 14376 0 0 0
1390 70 14496 0 0 0
1391 71 14574 0 0 0
1392 71 14539 0 0 0
1393 71 14523 0 0 0
1394 71 14509 0 0 0
1395 70 14406 0 0 0
1396 69 14241 0 0 0
1397 70 14292 0 0 0
1398 70 14379 0 0 0
1399 71 14550 0 0 0
1400 71 14515 0 0 0
1401 71 14493 0 0 0
1402 70 14393 0 0 0
1403 69 14373 0 0 0
1404 69 14456 0 0 0
1405 68 14269 0 0 0
1406 68 14298 0 0 0
1407 70 14416 0 0 0
1408 71 14502 0 0 0
1409 72 14557 0 0 0
1410 73 14345 0 0 0
1411 73 14325 0 0 0
1412 72 14231 0 0 0
1413 72 14286 0 0 0
1414 72 14325 0 0 0
1415 72 14428 0 0 0
1416 71 14283 0 0 0
1417 72 14506 0 0 0
1418 71 14348 0 0 0
1419 70 14318 0 0 0
1420 69 14308 0 0 0
1421 68 14356 0 0 0
1422 66 14465 0 0 1
1423 65 14364 0 0 1
1424 65 14378 0 0 1
1425 65 14517 0 0 1
1426 65 14452 0 0 1
1427 64 14223 0 0 1
1428 65 14435 0 0 1
1429 64 14295 0 0 1
1430 65 14462 0 0 1
1431 65 14394 0 0 1
1432 66 14545 0 0 1
1433 66 14435 0 0 1
1434 67 14272 0 0 1
1435 68 14449 0 0 0
1436 68 14428 0 0 0
1437 68 14254 0 0 0
1438 68 14325 0 0 0
1439 68 14441 0 0 0
1440 68 14484 0 0 1
1441 68 14462 0 0 0
1442 67 14313 0 0 1
1443 67 14413 0 0 1
1444 67 14370 0 0 1
1445 67 14386 0 0 1
1446 66 14388 0 0 1
1447 66 14401 0 0 1
1448 67 14559 0 0 1
1449 66 14399 0 0 1
1450 67 14556 0 0 1
1451 67 14360 0 0 1
1452 67 14232 0 0 0
1453 68 14448 0 0 0
1454 69 14601 0 0 0
1455 68 14318 0 0 0
1456 68 14269 0 0 0
1457 68 14374 0 0 0
1458 69 14526 0 0 0
1459 69 14471 0 0 0
1460 68 14254 0 0 0
1461 69 14463 0 0 0
1462 69 14356 0 0 0
1463 70 14505 0 0 0
1464 70 14529 0 0 0
1465 70 14362 0 0 0
1466 69 14210 0 0 0
1467 69 14355 0 0 0
1468 68 14363 0 0 0
1469 67 14274 0 0 1
1470 67 14415 0 0 1
1471 66 14267 0 0 1
1472 67 14559 0 0 1
1473 66 14451 0 0 1
1474 65 14356 0 0 1
1475 65 14478 0 0 1
1476 64 14321 0 0 1
1477 63 14281 0 0 1
1478 64 14555 0 0 1
1479 64 14514 0 0 1
1480 64 14404 0 0 1
1481 65 14512 0 0 1
1482 64 14267 0 0 1
1483 64 14330 0 0 1
1484 64 14336 0 0 1
1485 64 14287 0 0 1
1486 65 14498 0 0 1
1487 64 14253 0 0 1
1488 64 14375 0 0 1
1489 64 14425 0 0 1
1490 64 14390 0 0 1
1491 63 14274 0 0 1
1492 64 14587 0 0 1
1493 63 14380 0 0 1
1494 63 14396 0 0 1
1495 63 14403 0 0 1
1496 63 14351 0 0 1
1497 64 14529 0 0 1
1498 63 14341 0 0 1
1499 63 14371 0 0 1
1500 63 14334 0 0 1
1501 63 14415 0 0 1
1502 62 14248 0 0 1
1503 64 14625 0 0 1
1504 63 14279 0 0 1
1505 63 14282 0 0 1
