block n60 sum_rr60 bad60 hold drowsy alert
0 1 122 7 1 0 0
1 6 1328 7 1 0 0
2 11 2564 7 1 0 0
3 16 3691 7 1 0 0
4 21 4823 7 1 0 0
5 26 5987 7 1 0 0
6 31 7169 7 1 0 0
7 36 8322 7 1 0 0
8 41 9576 7 1 0 0
9 46 10861 7 1 0 0
10 51 12103 7 1 0 0
11 56 13374 7 1 0 0
12 59 14288 0 1 0 0
13 59 14364 0 1 0 0
14 59 14367 0 1 0 0
15 58 14270 0 1 0 0
16 58 14439 0 1 0 0
17 58 14519 0 1 0 0
18 57 14346 0 1 0 0
19 57 14389 0 1 0 0
20 57 14536 0 1 0 0
21 56 14297 0 1 0 0
22 56 14344 0 1 0 0
23 55 14163 0 1 0 0
24 56 14493 0 1 0 0
25 55 14282 0 1 0 0
26 55 14360 0 1 0 0
27 55 14448 0 1 0 0
28 54 14111 1 1 0 0
29 53 13920 1 1 0 0
30 54 14227 1 1 0 0
31 53 14114 1 1 0 0
32 53 14097 1 1 0 0
33 53 14119 1 1 0 0
34 53 14132 1 1 0 0
35 53 14110 1 1 0 0
36 53 14105 1 0 0 0
37 53 14140 1 0 0 0
38 52 13899 1 0 0 0
39 53 14149 1 0 0 0
40 53 14228 0 0 0 0
41 54 14495 0 0 0 0
42 53 14245 0 0 0 0
43 54 14515 0 0 0 0
44 54 14426 0 0 0 0
45 54 14393 0 0 0 0
46 54 14368 0 0 0 0
47 55 14605 0 0 0 0
48 54 14269 0 0 0 0
49 55 14503 0 0 0 0
50 55 14474 0 0 0 0
51 55 14435 0 0 0 0
52 56 14648 0 0 0 0
53 55 14375 0 0 0 0
54 56 14484 0 0 0 0
55 55 14271 0 0 0 0
56 55 14391 0 0 0 0
57 55 14455 0 0 0 0
58 54 14302 0 0 0 0
59 54 14348 0 0 0 0
60 54 14388 0 0 0 0
61 54 14381 0 0 0 0
62 54 14421 0 0 0 0
63 54 14375 0 0 0 0
64 53 14201 0 0 0 0
65 54 14472 0 0 0 0
66 53 14377 0 0 1 1
67 54 14508 0 0 0 0
68 53 14190 0 0 0 0
69 54 14375 0 0 0 0
70 55 14588 0 0 0 0
71 54 14225 0 0 0 0
72 55 14462 0 0 0 0
73 55 14366 0 0 0 0
74 56 14467 0 0 0 0
75 56 14396 0 0 0 0
76 56 14370 0 0 0 0
77 56 14383 0 0 0 0
78 57 14576 0 0 0 0
79 56 14394 0 0 0 0
80 56 14430 0 0 0 0
81 56 14490 0 0 0 0
82 55 14245 0 0 0 0
83 56 14542 0 0 0 0
84 55 14296 0 0 0 0
85 55 14371 0 0 0 0
86 55 14492 0 0 0 0
87 54 14356 0 0 0 0
88 55 14601 0 0 0 0
89 54 14281 0 0 0 0
90 54 14290 0 0 0 0
91 55 14442 0 0 0 0
92 55 14292 1 0 0 0
93 54 13976 1 0 0 0
94 55 14265 1 0 0 0
95 54 14024 1 0 0 0
96 55 14320 1 0 0 0
97 54 14019 1 0 0 0
98 54 14045 1 0 0 0
99 54 14075 1 0 0 0
100 54 14018 1 0 0 0
101 54 14060 1 0 0 0
102 54 14143 1 0 0 0
103 54 14209 1 0 0 0
104 54 14288 0 0 0 0
105 55 14594 0 0 0 0
106 54 14227 0 0 0 0
107 55 14484 0 0 0 0
108 55 14399 0 0 0 0
109 55 14462 0 0 0 0
110 55 14336 0 0 0 0
111 56 14577 0 0 0 0
112 55 14351 0 0 0 0
113 56 14632 0 0 0 0
114 55 14283 0 0 0 0
115 55 14191 0 0 0 0
116 57 14541 0 0 0 0
117 56 14228 0 0 0 0
118 57 14399 0 0 0 0
119 57 14276 0 0 0 0
120 57 14263 0 0 0 0
121 58 14415 0 0 0 0
122 58 14446 0 0 0 0
123 58 14310 0 0 0 0
124 59 14584 0 0 0 0
125 58 14289 0 0 0 0
126 59 14603 0 0 0 0
127 58 14444 0 0 0 0
128 57 14347 0 0 0 0
129 58 14565 0 0 0 0
130 57 14460 0 0 0 0
131 57 14546 0 0 0 0
132 56 14373 0 0 0 0
133 56 14428 0 0 0 0
134 56 14413 0 0 0 0
135 56 14483 0 0 0 0
136 55 14293 0 0 0 0
137 56 14541 0 0 0 0
138 55 14234 0 0 0 0
139 56 14492 0 0 0 0
140 55 14212 0 0 0 0
141 55 14394 0 0 0 0
142 55 14312 0 0 0 0
143 55 14412 0 0 0 0
144 55 14368 0 0 0 0
145 55 14430 0 0 0 0
146 55 14444 0 0 0 0
147 53 13981 2 0 0 0
148 53 14019 2 0 0 0
149 52 13843 2 0 0 0
150 52 13917 2 0 0 0
151 53 14020 2 0 0 0
152 53 14022 2 0 0 0
153 53 13812 2 0 0 0
154 54 14066 2 0 0 0
155 54 13957 2 0 0 0
156 54 13951 2 0 0 0
157 54 13931 2 0 0 0
158 54 13948 2 0 0 0
159 55 14141 0 0 0 0
160 56 14269 0 0 0 0
161 57 14437 0 0 0 0
162 58 14637 0 0 0 0
163 56 14313 0 0 0 0
164 57 14597 0 0 0 0
165 56 14434 0 0 0 0
166 56 14400 0 0 0 0
167 56 14316 0 0 0 0
168 57 14587 0 0 0 0
169 56 14282 0 0 0 0
170 56 14301 0 0 0 0
171 57 14605 0 0 0 0
172 56 14352 0 0 0 0
173 56 14355 0 0 0 0
174 57 14419 0 0 0 0
175 57 14334 0 0 0 0
176 57 14179 0 0 0 0
177 58 14385 0 0 0 0
178 58 14510 0 0 0 0
179 58 14541 0 0 0 0
180 57 14290 0 0 0 0
181 58 14561 0 0 0 0
182 57 14339 0 0 0 0
183 57 14301 0 0 0 0
184 58 14506 0 0 0 0
185 58 14439 0 0 0 0
186 57 14272 0 0 0 0
187 58 14484 0 0 0 0
188 57 14396 0 0 0 0
189 57 14356 0 0 0 0
190 57 14299 0 0 0 0
191 57 14289 0 0 0 0
192 58 14465 0 0 0 0
193 58 14414 0 0 0 0
194 58 14413 0 0 0 0
195 58 14465 0 0 0 0
196 57 14286 0 0 0 0
197 57 14386 0 0 0 0
198 57 14505 0 0 0 0
199 56 14301 0 0 0 0
200 57 14559 0 0 0 0
201 57 14591 0 0 0 0
202 57 14493 0 0 0 0
203 56 14372 0 0 0 0
204 56 14457 0 0 0 0
205 55 14291 0 0 0 0
206 56 14620 0 0 0 0
207 55 14305 0 0 0 0
208 56 14492 0 0 0 0
209 56 14375 0 0 0 0
210 56 14246 0 0 0 0
211 58 14561 0 0 0 0
212 57 14244 0 0 0 0
213 57 14247 0 0 0 0
214 57 14172 0 0 0 0
215 58 14470 0 0 0 0
216 57 14254 0 0 0 0
217 58 14537 0 0 0 0
218 57 14220 0 0 0 0
219 58 14535 0 0 0 0
220 58 14426 0 0 0 0
221 58 14502 0 0 0 0
222 57 14332 0 0 0 0
223 56 14297 0 0 0 0
224 57 14590 0 0 0 0
225 56 14430 0 0 0 0
226 56 14576 0 0 0 0
227 56 14456 0 0 0 0
228 56 14363 0 0 0 0
229 56 14261 0 0 0 0
230 57 14421 0 0 0 0
231 57 14296 0 0 0 0
232 57 14426 0 0 0 0
233 57 14382 0 0 0 0
234 58 14633 0 0 0 0
235 58 14535 0 0 0 0
236 57 14226 0 0 0 0
237 58 14449 0 0 0 0
238 59 14445 0 0 0 0
239 58 14239 0 0 0 0
240 59 14513 0 0 0 0
241 59 14583 0 0 0 0
242 58 14459 0 0 0 0
243 58 14518 0 0 0 0
244 57 14345 0 0 0 0
245 57 14365 0 0 0 0
246 57 14307 0 0 0 0
247 57 14339 0 0 0 0
248 58 14593 0 0 0 0
249 57 14383 0 0 0 0
250 56 14253 0 0 0 0
251 56 14309 1 0 0 0
252 55 14154 1 0 0 0
253 55 14065 1 0 0 0
254 55 14066 1 0 0 0
255 54 13905 1 0 0 0
256 55 14116 1 0 0 0
257 55 14071 1 0 0 0
258 56 14160 1 0 0 0
259 55 13999 1 0 0 0
260 55 14039 1 0 0 0
261 56 14086 1 0 0 0
262 56 14235 1 0 0 0
263 57 14325 0 0 0 0
264 58 14394 0 0 0 0
265 58 14369 0 0 0 0
266 59 14439 0 0 0 0
267 60 14564 0 0 0 0
268 60 14553 0 0 0 0
269 59 14388 0 0 0 0
270 58 14413 0 0 0 0
271 58 14395 0 0 0 0
272 58 14354 0 0 0 0
273 58 14276 0 0 0 0
274 58 14358 0 0 0 0
275 57 14245 0 0 0 0
276 57 14310 0 0 0 0
277 57 14334 0 0 0 0
278 57 14379 0 0 0 0
279 57 14457 0 0 0 0
280 57 14219 0 0 0 0
281 59 14562 0 0 0 0
282 58 14199 0 0 0 0
283 59 14434 0 0 0 0
284 59 14398 0 0 0 0
285 59 14567 0 0 0 0
286 59 14456 0 0 0 0
287 60 14529 0 0 0 0
288 60 14428 0 0 0 0
289 60 14332 0 0 0 0
290 61 14514 0 0 0 0
291 61 14391 0 0 0 0
292 60 14335 0 0 0 0
293 60 14388 0 0 0 0
294 62 14574 0 0 0 0
295 62 14361 0 0 0 0
296 62 14393 0 0 0 0
297 62 14354 0 0 0 0
298 62 14369 0 0 0 0
299 62 14437 0 0 0 0
300 61 14301 0 0 0 0
301 61 14412 0 0 0 0
302 60 14225 0 0 0 0
303 60 14250 0 0 0 0
304 62 14533 0 0 0 0
305 62 14413 0 0 0 0
306 60 14300 0 0 0 0
307 60 14434 0 0 0 0
308 61 14536 0 0 0 0
309 60 14321 0 0 0 0
310 60 14348 0 0 0 0
311 60 14273 0 0 0 0
312 61 14535 0 0 0 0
313 61 14402 0 0 0 0
314 61 14494 0 0 0 0
315 61 14499 0 0 0 0
316 60 14486 0 0 0 0
317 58 14218 0 0 0 0
318 59 14460 0 0 0 0
319 58 14321 0 0 0 0
320 57 14211 0 0 0 0
321 58 14461 0 0 0 0
322 59 14530 0 0 0 0
323 57 14083 1 0 0 0
324 57 14064 1 0 0 0
325 57 14159 1 0 0 0
326 57 14072 1 0 0 0
327 57 14135 1 0 0 0
328 56 13969 1 0 0 0
329 57 14174 1 0 0 0
330 57 14157 1 0 0 0
331 57 14147 1 0 0 0
332 57 14053 1 0 0 0
333 58 14257 1 0 0 0
334 56 13875 1 0 0 0
335 59 14589 0 0 0 0
336 59 14546 0 0 0 0
337 59 14514 0 0 0 0
338 59 14473 0 0 0 0
339 58 14310 0 0 0 0
340 58 14342 0 0 0 0
341 58 14441 0 0 0 0
342 58 14421 0 0 0 0
343 58 14363 0 0 0 0
344 58 14455 0 0 0 0
345 57 14237 0 0 0 0
346 58 14507 0 0 0 0
347 57 14262 0 0 0 0
348 57 14293 0 0 0 0
349 57 14354 0 0 0 0
350 57 14255 0 0 0 0
351 58 14355 0 0 0 0
352 59 14435 0 0 0 0
353 59 14295 0 0 0 0
354 59 14281 0 0 0 0
355 60 14426 0 0 0 0
356 61 14447 0 0 0 0
357 61 14398 0 0 0 0
358 61 14360 0 0 0 0
359 61 14428 0 0 0 0
360 61 14393 0 0 0 0
361 61 14415 0 0 0 0
362 61 14549 0 0 0 0
363 61 14577 0 0 0 0
364 61 14551 0 0 0 0
365 60 14380 0 0 0 0
366 61 14474 0 0 0 0
367 61 14557 0 0 0 0
368 60 14520 0 0 0 0
369 61 14445 0 0 0 0
370 60 14125 1 0 0 0
371 61 14277 1 0 0 0
372 61 14210 1 0 0 0
373 61 14078 1 0 0 0
374 61 14120 1 0 0 0
375 61 14034 1 0 0 0
376 61 14128 1 0 0 0
377 61 14125 1 0 0 0
378 61 14113 1 0 0 0
379 61 14166 1 0 0 0
380 61 14137 1 0 0 0
381 60 14217 1 0 0 0
382 61 14549 0 0 0 0
383 60 14381 0 0 0 0
384 60 14462 0 0 0 0
385 59 14322 0 0 0 0
386 60 14488 0 0 0 0
387 60 14522 0 0 0 0
388 60 14426 0 0 0 0
389 61 14484 0 0 0 0
390 60 14353 0 0 0 0
391 61 14414 0 0 0 0
392 61 14348 0 0 0 0
393 61 14297 0 0 0 0
394 61 14221 0 0 0 0
395 61 14220 0 0 0 0
396 61 14209 0 0 0 0
397 62 14491 0 0 0 0
398 61 14327 0 0 0 0
399 61 14322 0 0 0 0
400 61 14411 0 0 0 0
401 61 14472 0 0 0 0
402 61 14496 0 0 0 0
403 60 14366 0 0 0 0
404 60 14472 0 0 0 0
405 60 14565 0 0 0 0
406 59 14417 0 0 0 0
407 59 14449 0 0 0 0
408 59 14542 0 0 0 0
409 58 14298 0 0 0 0
410 58 14332 0 0 0 0
411 58 14418 0 0 0 0
412 58 14378 0 0 0 0
413 58 14455 0 0 0 0
414 57 14275 0 0 0 0
415 57 14328 0 0 0 0
416 57 14332 0 0 0 0
417 57 14264 0 0 0 0
418 59 14602 0 0 0 0
419 59 14505 0 0 0 0
420 59 14346 0 0 0 0
421 60 14511 0 0 0 0
422 60 14405 0 0 0 0
423 60 14404 0 0 0 0
424 59 14256 0 0 0 0
425 60 14362 0 0 0 0
426 60 14467 0 0 0 0
427 60 14456 0 0 0 0
428 60 14470 0 0 0 0
429 59 14337 0 0 0 0
430 58 14269 0 0 0 0
431 58 14393 0 0 0 0
432 58 14494 0 0 0 0
433 57 14291 0 0 0 0
434 57 14335 0 0 0 0
435 57 14232 0 0 0 0
436 58 14374 0 0 0 0
437 57 14255 0 0 0 0
438 58 14471 0 0 0 0
439 57 14271 0 0 0 0
440 58 14407 0 0 0 0
441 58 14446 0 0 0 0
442 59 14466 0 0 0 0
443 59 14428 0 0 0 0
444 59 14354 0 0 0 0
445 60 14556 0 0 0 0
446 59 14357 0 0 0 0
447 59 14447 0 0 0 0
448 59 14542 0 0 0 0
449 59 14578 0 0 0 0
450 59 14400 0 0 0 0
451 60 14527 0 0 0 0
452 59 14333 0 0 0 0
453 60 14454 0 0 0 0
454 59 14379 0 0 0 0
455 58 14202 0 0 0 0
456 58 14249 0 0 0 0
457 58 14337 0 0 0 0
458 59 14540 0 0 0 0
459 58 14341 0 0 0 0
460 58 14340 0 0 0 0
461 58 14331 0 0 0 0
462 58 14407 0 0 0 0
463 57 14127 1 0 0 0
464 56 13997 1 0 0 0
465 56 14177 1 0 0 0
466 55 13989 1 0 0 0
467 56 14246 1 0 0 0
468 56 14246 1 0 0 0
469 56 14270 1 0 0 0
470 55 14097 1 0 0 0
471 57 14313 1 0 0 0
472 57 14269 1 0 0 0
473 57 14187 1 0 0 0
474 56 13940 1 0 0 0
475 58 14435 0 0 0 0
476 58 14273 1 0 0 0
477 57 14038 1 0 0 0
478 58 14322 1 0 0 0
479 57 14131 1 0 0 0
480 57 14209 1 0 0 0
481 57 14095 1 0 0 0
482 58 14296 1 0 0 0
483 57 14194 1 0 0 0
484 56 14053 1 0 0 0
485 56 14213 1 0 0 0
486 56 14308 1 0 0 0
487 55 14213 1 0 0 0
488 55 14323 0 0 0 0
489 56 14523 0 0 0 0
490 55 14324 0 0 0 0
491 57 14549 0 0 0 0
492 56 14325 0 0 0 0
493 56 14415 0 0 0 0
494 55 14159 0 0 0 0
495 55 14334 0 0 0 0
496 56 14523 0 0 0 0
497 55 14298 0 0 0 0
498 56 14516 0 0 0 0
499 56 14399 0 0 0 0
500 57 14487 0 0 0 0
501 57 14459 0 0 0 0
502 57 14391 0 0 0 0
503 56 14361 0 0 0 0
504 57 14501 0 0 0 0
505 57 14464 0 0 0 0
506 58 14636 0 0 0 0
507 58 14357 0 0 0 0
508 58 14291 0 0 0 0
509 59 14411 0 0 0 0
510 59 14291 0 0 0 0
511 59 14338 0 0 0 0
512 59 14434 0 0 0 0
513 58 14198 0 0 0 0
514 59 14446 0 0 0 0
515 60 14447 0 0 0 0
516 60 14374 0 0 0 0
517 60 14395 0 0 0 0
518 60 14337 0 0 0 0
519 60 14527 0 0 0 0
520 59 14364 0 0 0 0
521 59 14314 0 0 0 0
522 59 14517 0 0 0 0
523 59 14479 0 0 0 0
524 60 14406 0 0 0 0
525 61 14558 0 0 0 0
526 61 14506 0 0 0 0
527 59 14213 0 0 0 0
528 60 14465 0 0 0 0
529 59 14197 0 0 0 0
530 59 14333 0 0 0 0
531 58 14169 0 0 0 0
532 59 14393 0 0 0 0
533 59 14527 0 0 0 0
534 58 14243 0 0 0 0
535 59 14402 0 0 0 0
536 57 14290 0 0 0 0
537 57 14322 0 0 0 0
538 57 14232 0 0 0 0
539 58 14538 0 0 0 0
540 57 14368 0 0 0 0
541 57 14410 0 0 0 0
542 57 14420 0 0 0 0
543 58 14527 0 0 0 0
544 58 14430 0 0 0 0
545 58 14253 0 0 0 0
546 59 14355 0 0 0 0
547 58 14286 0 0 0 0
548 59 14588 0 0 0 0
549 58 14371 0 0 0 0
550 58 14548 0 0 0 0
551 58 14318 0 0 0 0
552 58 14394 0 0 0 0
553 58 14356 0 0 0 0
554 58 14381 0 0 0 0
555 57 14020 1 0 0 0
556 57 14185 1 0 0 0
557 57 14339 1 0 0 0
558 56 14169 1 0 0 0
559 56 14214 1 0 0 0
560 56 14064 1 0 0 0
561 57 14202 1 0 0 0
562 57 14108 1 0 0 0
563 57 14259 1 0 0 0
564 57 14099 1 0 0 0
565 58 14313 1 0 0 0
566 58 14094 1 0 0 0
567 59 14525 0 0 0 0
568 59 14391 0 0 0 0
569 59 14293 0 0 0 0
570 60 14431 0 0 0 0
571 60 14308 0 0 0 0
572 60 14423 0 0 0 0
573 59 14293 0 0 0 0
574 60 14390 0 0 0 0
575 59 14168 0 0 0 0
576 59 14394 0 0 0 0
577 59 14466 0 0 0 0
578 58 14493 0 0 0 0
579 58 14480 0 0 0 0
580 57 14288 0 0 0 0
581 57 14395 0 0 0 0
582 57 14488 0 0 0 0
583 57 14485 0 0 0 0
584 57 14344 0 0 0 0
585 58 14433 0 0 0 0
586 58 14416 0 0 0 0
587 59 14603 0 0 0 0
588 59 14309 0 0 0 0
589 58 13977 1 0 0 0
590 58 14012 1 0 0 0
591 58 14061 1 0 0 0
592 59 14337 1 0 0 0
593 58 14075 1 0 0 0
594 58 14131 1 0 0 0
595 58 14096 1 0 0 0
596 57 14043 1 0 0 0
597 58 14315 1 0 0 0
598 56 14042 1 0 0 0
599 56 14027 1 0 0 0
600 56 14288 1 0 0 0
601 57 14541 0 0 0 0
602 58 14606 0 0 0 0
603 57 14369 0 0 0 0
604 57 14295 0 0 0 0
605 58 14416 0 0 0 0
606 58 14460 0 0 0 0
607 58 14409 0 0 0 0
608 59 14422 0 0 0 0
609 58 14264 0 0 0 0
610 60 14429 0 0 0 0
611 61 14571 0 0 0 0
612 60 14311 0 0 0 0
613 60 14319 0 0 0 0
614 59 14176 0 0 0 0
615 61 14558 0 0 0 0
616 61 14489 0 0 0 0
617 60 14353 0 0 0 0
618 60 14233 0 0 0 0
619 60 14354 0 0 0 0
620 62 14573 0 0 0 0
621 63 14455 0 0 0 0
622 62 14510 0 0 0 0
623 60 14213 0 0 0 0
624 61 14410 0 0 0 0
625 61 14331 0 0 0 0
626 63 14639 0 0 0 0
627 62 14326 0 0 0 0
628 62 14355 0 0 0 0
629 63 14513 0 0 0 0
630 63 14515 0 0 0 0
631 63 14476 0 0 0 0
632 60 14174 0 0 0 0
633 59 14352 0 0 0 0
634 59 14317 0 0 0 0
635 60 14485 0 0 0 0
636 60 14371 0 0 0 0
637 60 14401 0 0 0 0
638 59 14215 0 0 0 0
639 60 14414 0 0 0 0
640 60 14382 0 0 0 0
641 61 14479 0 0 0 0
642 61 14433 0 0 0 0
643 60 14265 0 0 0 0
644 62 14598 0 0 0 0
645 62 14540 0 0 0 0
646 62 14505 0 0 0 0
647 61 14280 0 0 0 0
648 61 14391 0 0 0 0
649 61 14503 0 0 0 0
650 61 14599 0 0 0 0
651 60 14467 0 0 0 0
652 60 14331 0 0 0 0
653 59 14226 0 0 0 0
654 59 14284 0 0 0 0
655 60 14532 0 0 0 0
656 58 14217 0 0 0 0
657 58 14224 0 0 0 0
658 58 14327 0 0 0 0
659 59 14527 0 0 0 0
660 58 14355 0 0 0 0
661 58 14333 0 0 0 0
662 58 14243 0 0 0 0
663 58 14387 0 0 0 0
664 57 14375 0 0 0 0
665 57 14449 0 0 0 0
666 57 14438 0 0 0 0
667 57 14431 0 0 0 0
668 57 14496 0 0 0 0
669 56 14360 0 0 0 0
670 56 14390 0 0 0 0
671 56 14411 0 0 0 0
672 57 14539 0 0 0 0
673 57 14352 0 0 0 0
674 58 14564 0 0 0 0
675 57 14239 0 0 0 0
676 58 14419 0 0 0 0
677 59 14536 0 0 0 0
678 58 14315 0 0 0 0
679 58 14338 0 0 0 0
680 59 14501 0 0 0 0
681 59 14388 0 0 0 0
682 59 14325 0 0 0 0
683 60 14339 0 0 0 0
684 61 14458 0 0 0 0
685 59 14059 1 0 0 0
686 58 14092 1 0 0 0
687 58 14150 1 0 0 0
688 58 14169 1 0 0 0
689 57 14128 1 0 0 0
690 58 14217 1 0 0 0
691 58 14191 1 0 0 0
692 58 14021 1 0 0 0
693 59 14255 1 0 0 0
694 59 14211 1 0 0 0
695 58 14184 1 0 0 0
696 58 14045 1 0 0 0
697 61 14580 0 0 0 0
698 61 14388 0 0 0 0
699 63 14541 0 0 0 0
700 62 14283 1 0 0 0
701 61 14035 1 0 0 0
702 61 14084 1 0 0 0
703 61 14009 1 0 0 0
704 62 14261 1 0 0 0
705 63 14164 1 0 0 0
706 63 14041 1 0 0 0
707 63 14141 1 0 0 0
708 63 14081 1 0 0 0
709 62 14086 1 0 0 0
710 62 14034 1 0 0 0
711 62 14131 1 0 0 0
712 63 14284 0 0 0 0
713 65 14528 0 0 0 0
714 65 14480 0 0 0 0
715 65 14393 0 0 0 0
716 65 14442 0 0 0 0
717 64 14375 0 0 0 0
718 65 14533 0 0 0 0
719 65 14316 0 0 0 0
720 64 14408 0 0 0 0
721 64 14345 0 0 0 0
722 64 14488 0 0 0 0
723 63 14304 0 0 0 0
724 64 14377 0 0 0 0
725 64 14292 0 0 0 0
726 64 14287 0 0 0 0
727 65 14538 0 0 0 0
728 63 14179 0 0 0 0
729 63 14360 0 0 0 0
730 62 14364 0 0 0 0
731 63 14585 0 0 0 0
732 63 14548 0 0 0 0
733 63 14574 0 0 0 0
734 64 14475 0 0 0 0
735 64 14484 0 0 0 0
736 63 14472 0 0 0 0
737 62 14504 0 0 0 0
738 62 14496 0 0 0 0
739 61 14309 0 0 0 0
740 62 14478 0 0 0 0
741 62 14455 0 0 0 0
742 63 14528 0 0 0 0
743 63 14348 0 0 0 0
744 63 14278 0 0 0 0
745 63 14270 0 0 0 0
746 63 14286 0 0 0 0
747 63 14319 0 0 0 0
748 63 14362 0 0 0 0
749 63 14355 0 0 0 0
750 63 14509 0 0 0 0
751 62 14378 0 0 0 0
752 62 14348 0 0 0 0
753 62 14286 0 0 0 0
754 62 14300 0 0 0 0
755 61 14360 0 0 0 0
756 61 14421 0 0 0 0
757 60 14137 1 0 0 0
758 60 14194 1 0 0 0
759 60 14084 1 0 0 0
760 60 14039 1 0 0 0
761 60 13965 1 0 0 0
762 60 13966 1 0 0 0
763 61 14267 1 0 0 0
764 62 14331 1 0 0 0
765 62 14131 1 0 0 0
766 61 14088 1 0 0 0
767 62 14209 1 0 0 0
768 60 13757 2 0 0 0
769 61 14178 1 0 0 0
770 61 14181 1 0 0 0
771 60 14193 1 0 0 0
772 60 14245 1 0 0 0
773 59 14122 1 0 0 0
774 59 14144 1 0 0 0
775 59 14149 1 0 0 0
776 58 14008 1 0 0 0
777 58 14189 1 0 0 0
778 58 14179 1 0 0 0
779 57 14106 1 0 0 0
780 58 14506 0 0 0 0
781 58 14344 0 0 0 0
782 57 14407 0 0 0 0
783 58 14518 0 0 0 0
784 57 14247 0 0 0 0
785 58 14628 0 0 0 0
786 57 14383 0 0 0 0
787 57 14285 0 0 0 0
788 58 14510 0 0 0 0
789 59 14554 0 0 0 0
790 59 14378 0 0 0 0
791 60 14320 0 0 0 0
792 62 14473 0 0 0 0
793 62 14437 0 0 0 0
794 62 14327 0 0 0 0
795 62 14373 0 0 0 0
796 63 14606 0 0 0 0
797 62 14209 0 0 0 0
798 63 14369 0 0 0 0
799 63 14405 0 0 0 0
800 62 14337 0 0 0 0
801 61 14358 0 0 0 0
802 61 14405 0 0 0 0
803 61 14383 0 0 0 0
804 60 14272 0 0 0 0
805 61 14421 0 0 0 0
806 62 14474 0 0 0 0
807 61 14225 0 0 0 0
808 61 14269 0 0 0 0
809 63 14585 0 0 0 0
810 62 14457 0 0 0 0
811 62 14530 0 0 0 0
812 61 14249 0 0 0 0
813 61 14367 0 0 0 0
814 61 14373 0 0 0 0
815 61 14510 0 0 0 0
816 61 14566 0 0 0 0
817 59 14386 0 0 0 0
818 58 14260 0 0 0 0
819 59 14581 0 0 0 0
820 58 14378 0 0 0 0
821 57 14309 0 0 0 0
822 58 14417 0 0 0 0
823 58 14261 0 0 0 0
824 59 14592 0 0 0 0
825 59 14420 0 0 0 0
826 59 14537 0 0 0 0
827 57 14390 0 0 0 0
828 56 14232 0 0 0 0
829 57 14273 0 0 0 0
830 57 14462 0 0 0 0
831 58 14351 0 0 0 0
832 58 14256 1 0 0 0
833 58 14214 1 0 0 0
834 57 14098 1 0 0 0
835 57 14234 1 0 0 0
836 57 14170 1 0 0 0
837 56 14160 1 0 0 0
838 57 14120 1 0 0 0
839 56 13737 2 0 0 0
840 57 13983 2 0 0 0
841 57 14027 2 0 0 0
842 56 13754 2 0 0 0
843 55 13765 2 0 0 0
844 56 14031 1 0 0 0
845 57 14106 1 0 0 0
846 59 14175 1 0 0 0
847 59 14036 1 0 0 0
848 60 14112 1 0 0 0
849 60 13973 1 0 0 0
850 60 14151 1 0 0 0
851 62 14529 0 0 0 0
852 62 14332 0 0 0 0
853 63 14519 0 0 0 0
854 66 14619 0 0 0 0
855 66 14331 1 0 0 0
856 66 14310 1 0 0 0
857 65 14166 1 0 0 0
858 64 14218 1 0 0 0
859 65 14302 1 0 0 0
860 64 14081 1 0 0 0
861 65 14311 1 0 0 0
862 63 13940 1 0 0 0
863 63 14067 1 0 0 0
864 64 14276 1 0 0 0
865 63 14051 1 0 0 0
866 61 14062 1 0 0 0
867 61 14381 0 0 0 0
868 61 14302 0 0 0 0
869 62 14340 0 0 0 0
870 63 14473 0 0 0 0
871 61 14279 0 0 0 0
872 61 14327 0 0 0 0
873 61 14280 0 0 0 0
874 62 14486 0 0 0 0
875 62 14530 0 0 0 0
876 60 14204 0 0 0 0
877 60 14301 0 0 0 0
878 60 14424 0 0 0 0
879 60 14340 0 0 0 0
880 59 14341 0 0 0 0
881 58 14429 0 0 0 0
882 57 14267 0 0 0 0
883 58 14409 0 0 0 0
884 59 14589 0 0 0 0
885 59 14461 0 0 0 0
886 59 14389 0 0 0 0
887 59 14306 0 0 0 0
888 60 14506 0 0 0 0
889 60 14516 0 0 0 0
890 61 14419 0 0 0 0
891 61 14367 0 0 0 0
892 62 14489 0 0 0 0
893 61 14269 0 0 0 0
894 61 14444 0 0 0 0
895 60 14259 0 0 0 0
896 59 14296 0 0 0 0
897 59 14540 0 0 0 0
898 58 14410 0 0 0 0
899 58 14506 0 0 0 0
900 58 14495 0 0 0 0
901 58 14436 0 0 0 0
902 57 14323 0 0 0 0
903 57 14439 0 0 0 0
904 57 14441 0 0 0 0
905 58 14599 0 0 0 0
906 57 14332 0 0 0 0
907 58 14593 0 0 0 0
908 57 14274 0 0 0 0
909 57 14249 0 0 0 0
910 59 14539 0 0 0 0
911 59 14422 0 0 0 0
912 59 14383 0 0 0 0
913 59 14408 0 0 0 0
914 59 14414 0 0 0 0
915 59 14358 0 0 0 0
916 59 14331 0 0 0 0
917 59 14348 0 0 0 0
918 60 14553 0 0 0 0
919 59 14295 0 0 0 0
920 60 14458 0 0 0 0
921 60 14499 0 0 0 0
922 59 14402 0 0 0 0
923 58 14207 0 0 0 0
924 59 14443 0 0 0 0
925 58 14393 0 0 0 0
926 57 14345 0 0 0 0
927 57 14489 0 0 0 0
928 56 14291 0 0 0 0
929 56 14332 0 0 0 0
930 56 14228 0 0 0 0
931 57 14381 0 0 0 0
932 57 14462 0 0 0 0
933 57 14291 0 0 0 0
934 57 14411 0 0 0 0
935 58 14523 0 0 0 0
936 57 14319 0 0 0 0
937 58 14412 0 0 0 0
938 59 14402 0 0 0 0
939 59 14280 0 0 0 0
940 61 14529 0 0 0 0
941 61 14387 0 0 0 0
942 60 14339 0 0 0 0
943 60 14469 0 0 0 0
944 61 14353 0 0 0 0
945 61 14546 0 0 0 0
946 61 14399 0 0 0 0
947 60 14333 0 0 0 0
948 60 14353 0 0 0 0
949 60 14384 0 0 0 0
950 60 14503 0 0 0 0
951 60 14439 0 0 0 0
952 59 14313 0 0 0 0
953 60 14446 0 0 0 0
954 61 14459 0 0 0 0
955 62 14497 0 0 0 0
956 61 14413 0 0 0 0
957 61 14284 0 0 0 0
958 61 14289 0 0 0 0
959 63 14362 0 0 0 0
960 64 14476 0 0 0 0
961 63 14236 0 0 0 0
962 63 14345 0 0 0 0
963 64 14515 0 0 0 0
964 63 14362 0 0 0 0
965 62 14315 0 0 0 0
966 62 14419 0 0 0 0
967 61 14217 0 0 0 0
968 61 14354 0 0 0 0
969 61 14463 0 0 0 0
970 61 14449 0 0 0 0
971 59 14361 0 0 0 0
972 59 14437 0 0 0 0
973 60 14583 0 0 0 0
974 59 14284 0 0 0 0
975 58 14381 0 0 0 0
976 58 14417 0 0 0 0
977 58 14466 0 0 0 0
978 57 14327 0 0 0 0
979 57 14441 0 0 0 0
980 57 14406 0 0 0 0
981 57 14316 0 0 0 0
982 57 14297 0 0 0 0
983 59 14602 0 0 0 0
984 57 14318 0 0 0 0
985 57 14263 0 0 0 0
986 59 14593 0 0 0 0
987 58 14307 0 0 0 0
988 60 14489 0 0 0 0
989 61 14339 0 0 0 0
990 62 14476 0 0 0 0
991 62 14327 0 0 0 0
992 62 14453 0 0 0 0
993 62 14460 0 0 0 0
994 62 14526 0 0 0 0
995 61 14242 0 0 0 0
996 62 14300 0 0 0 0
997 63 14449 0 0 0 0
998 62 14441 0 0 0 0
999 63 14435 0 0 0 0
1000 61 14318 0 0 0 0
1001 60 14578 0 0 0 0
1002 60 14411 0 0 0 0
1003 60 14446 0 0 0 0
1004 60 14316 0 0 0 0
1005 62 14482 0 0 0 0
1006 62 14237 0 0 0 0
1007 62 14566 0 0 0 0
1008 61 14436 0 0 0 0
1009 60 14238 1 0 0 0
1010 59 14088 1 0 0 0
1011 59 14125 1 0 0 0
1012 59 14154 1 0 0 0
1013 59 14080 1 0 0 0
1014 59 14092 1 0 0 0
1015 59 14110 1 0 0 0
1016 59 14142 1 0 0 0
1017 58 14074 1 0 0 0
1018 58 14307 1 0 0 0
1019 57 14026 1 0 0 0
1020 57 14034 1 0 0 0
1021 57 14217 0 0 0 0
1022 57 14170 0 0 0 0
1023 58 14435 0 0 0 0
1024 58 14309 1 0 0 0
1025 57 14159 1 0 0 0
1026 57 14320 1 0 0 0
1027 55 13949 2 0 0 0
1028 54 13862 2 0 0 0
1029 53 13569 3 0 0 0
1030 52 13361 3 0 0 0
1031 53 13569 3 0 0 0
1032 55 13701 3 0 0 0
1033 55 13493 3 0 0 0
1034 56 13623 3 0 0 0
1035 56 13533 3 0 0 0
1036 56 13596 2 0 0 0
1037 57 13853 2 0 0 0
1038 56 13697 2 0 0 0
1039 57 13958 1 0 0 0
1040 59 14251 1 0 0 0
1041 59 14421 0 0 0 0
1042 59 14424 0 0 0 0
1043 59 14396 0 0 0 0
1044 57 14239 0 0 0 0
1045 57 14553 0 0 0 0
1046 58 14592 0 0 0 0
1047 57 14395 0 0 0 0
1048 58 14565 0 0 0 0
1049 58 14372 0 0 0 0
1050 59 14478 0 0 0 0
1051 59 14459 0 0 0 0
1052 58 14357 0 0 0 0
1053 57 13980 1 0 0 0
1054 58 14202 1 0 0 0
1055 57 14013 1 0 0 0
1056 58 14308 1 0 0 0
1057 58 14099 1 0 0 0
1058 58 14120 1 0 0 0
1059 57 14098 1 0 0 0
1060 57 14198 1 0 0 0
1061 57 14124 1 0 0 0
1062 57 13991 1 0 0 0
1063 58 14256 1 0 0 0
1064 58 14173 1 0 0 0
1065 58 14353 0 0 0 0
1066 58 14307 0 0 0 0
1067 59 14477 0 0 0 0
1068 59 14490 0 0 0 0
1069 58 14458 0 0 0 0
1070 56 14227 0 0 0 0
1071 57 14476 0 0 0 0
1072 56 14261 0 0 0 0
1073 57 14366 0 0 0 0
1074 56 14394 0 0 0 0
1075 55 14232 0 0 0 0
1076 55 14324 0 0 0 0
1077 56 14399 0 0 0 0
1078 56 14423 0 0 0 0
1079 56 14453 0 0 0 0
1080 56 14392 0 0 0 0
1081 56 14348 0 0 0 0
1082 58 14566 0 0 0 0
1083 57 14279 0 0 0 0
1084 59 14533 0 0 0 0
1085 58 14398 0 0 0 0
1086 59 14515 0 0 0 0
1087 60 14635 0 0 0 0
1088 60 14433 0 0 0 0
1089 60 14489 0 0 0 0
1090 60 14474 0 0 0 0
1091 61 14488 0 0 0 0
1092 60 14259 0 0 0 0
1093 61 14523 0 0 0 0
1094 59 14305 0 0 0 0
1095 60 14576 0 0 0 0
1096 58 14289 0 0 0 0
1097 57 14235 0 0 0 0
1098 57 14390 0 0 0 0
1099 57 14344 0 0 0 0
1100 57 14462 0 0 0 0
1101 56 14346 0 0 0 0
1102 56 14329 0 0 0 0
1103 54 13906 1 0 0 0
1104 55 14202 1 0 0 0
1105 54 13990 1 0 0 0
1106 54 14026 1 0 0 0
1107 54 14075 1 0 0 0
1108 54 14106 1 0 0 0
1109 55 14181 1 0 0 0
1110 55 14212 1 0 0 0
1111 54 14153 1 0 0 0
1112 53 14023 1 0 0 0
1113 54 14106 1 0 0 0
1114 54 14239 1 0 0 0
1115 55 14559 0 0 0 0
1116 55 14403 0 0 0 0
1117 56 14549 0 0 0 0
1118 56 14438 0 0 0 0
1119 56 14254 0 0 0 0
1120 57 14502 0 0 0 0
1121 56 14340 0 0 0 0
1122 56 14262 0 0 0 0
1123 57 14415 0 0 0 0
1124 57 14337 0 0 0 0
1125 57 14509 0 0 0 0
1126 57 14446 0 0 0 0
1127 56 14266 0 0 0 0
1128 56 14334 0 0 0 0
1129 56 14287 0 0 0 0
1130 57 14527 0 0 0 0
1131 58 14496 0 0 0 0
1132 58 14425 0 0 0 0
1133 59 14650 0 0 0 0
1134 58 14329 0 0 0 0
1135 58 14307 0 0 0 0
1136 58 14365 0 0 0 0
1137 58 14431 0 0 0 0
1138 58 14308 0 0 0 0
1139 59 14545 0 0 0 0
1140 58 14311 0 0 0 0
1141 58 14343 0 0 0 0
1142 59 14446 0 0 0 0
1143 58 14427 0 0 0 0
1144 58 14334 0 0 0 0
1145 58 14346 0 0 0 0
1146 59 14603 0 0 0 0
1147 58 14271 0 0 0 0
1148 59 14498 0 0 0 0
1149 60 14460 0 0 0 0
1150 59 14300 0 0 0 0
1151 59 14349 0 0 0 0
1152 59 14380 0 0 0 0
1153 59 14516 0 0 0 0
1154 57 14310 0 0 0 0
1155 57 14336 0 0 0 0
1156 56 14249 0 0 0 0
1157 56 14370 0 0 0 0
1158 55 14315 0 0 0 0
1159 55 14433 0 0 0 0
1160 55 14492 0 0 0 0
1161 54 14390 0 0 0 0
1162 54 14395 0 0 0 0
1163 54 14383 0 0 0 0
1164 56 14474 0 0 0 0
1165 56 14248 0 0 0 0
1166 58 14398 0 0 0 0
1167 59 14370 0 0 0 0
1168 60 14553 0 0 0 0
1169 60 14287 0 0 0 0
1170 61 14442 0 0 0 0
1171 61 14496 0 0 0 0
1172 60 14188 0 0 0 0
1173 60 14211 0 0 0 0
1174 61 14455 0 0 0 0
1175 61 14385 0 0 0 0
1176 60 14386 0 0 0 0
1177 60 14438 0 0 0 0
1178 59 14390 0 0 0 0
1179 58 14541 0 0 0 0
1180 57 14320 0 0 0 0
1181 56 14356 0 0 0 0
1182 57 14429 0 0 0 0
1183 58 14449 0 0 0 0
1184 58 14395 0 0 0 0
1185 58 14494 0 0 0 0
1186 58 14419 0 0 0 0
1187 59 14493 0 0 0 0
1188 59 14572 0 0 0 0
1189 58 14368 0 0 0 0
1190 58 14382 0 0 0 0
1191 57 14169 0 0 0 0
1192 58 14427 0 0 0 0
1193 59 14601 0 0 0 0
1194 57 14215 0 0 0 0
1195 57 14437 0 0 0 0
1196 58 14512 0 0 0 0
1197 59 14505 0 0 0 0
1198 59 14392 0 0 0 0
1199 57 14175 0 0 0 0
1200 58 14374 0 0 0 0
1201 59 14580 0 0 0 0
1202 58 14485 0 0 0 0
1203 58 14572 0 0 0 0
1204 58 14474 0 0 0 0
1205 57 14228 0 0 0 0
1206 58 14396 0 0 0 0
1207 58 14233 0 0 0 0
1208 58 14534 0 0 0 0
1209 56 14275 0 0 0 0
1210 56 14553 0 0 0 0
1211 56 14511 0 0 0 0
1212 55 14316 0 0 0 0
1213 55 14334 0 0 0 0
1214 56 14406 0 0 0 0
1215 57 14438 0 0 0 0
1216 56 14226 0 0 0 0
1217 58 14547 0 0 0 0
1218 57 14394 0 0 0 0
1219 57 14399 0 0 0 0
1220 57 14270 0 0 0 0
1221 58 14390 0 0 0 0
1222 58 14281 0 0 0 0
1223 59 14408 0 0 0 0
1224 59 14415 0 0 0 0
1225 59 14428 0 0 0 0
1226 59 14362 0 0 0 0
1227 59 14304 0 0 0 0
1228 60 14482 0 0 0 0
1229 59 14295 0 0 0 0
1230 60 14435 0 0 0 0
1231 60 14413 0 0 0 0
1232 61 14518 0 0 0 0
1233 61 14489 0 0 0 0
1234 61 14446 0 0 0 0
1235 61 14496 0 0 0 0
1236 60 14274 0 0 0 0
1237 60 14270 0 0 0 0
1238 60 14389 0 0 0 0
1239 60 14515 0 0 0 0
1240 59 14375 0 0 0 0
1241 59 14567 0 0 0 0
1242 58 14407 0 0 0 0
1243 59 14538 0 0 0 0
1244 57 14247 0 0 0 0
1245 57 14373 0 0 0 0
1246 57 14458 0 0 0 0
1247 56 14267 0 0 0 0
1248 57 14490 0 0 0 0
1249 57 14512 0 0 0 0
1250 56 14308 0 0 0 0
1251 56 14289 0 0 0 0
1252 57 14551 0 0 0 0
1253 56 14221 0 0 0 0
1254 57 14569 0 0 0 0
1255 55 14242 0 0 0 0
1256 56 14481 0 0 0 0
1257 55 14344 0 0 0 0
1258 54 14179 0 0 0 0
1259 56 14553 0 0 0 0
1260 55 14353 0 0 0 0
1261 55 14298 0 0 0 0
1262 56 14447 0 0 0 0
1263 56 14429 0 0 0 0
1264 56 14419 0 0 0 0
1265 56 14397 0 0 0 0
1266 56 14384 0 0 0 0
1267 56 14378 0 0 0 0
1268 56 14380 0 0 0 0
1269 56 14331 0 0 0 0
1270 57 14495 0 0 0 0
1271 56 14322 0 0 0 0
1272 57 14544 0 0 0 0
1273 57 14552 0 0 0 0
1274 57 14481 0 0 0 0
1275 56 14267 0 0 0 0
1276 57 14391 0 0 0 0
1277 58 14547 0 0 0 0
1278 58 14301 0 0 0 0
1279 59 14478 0 0 0 0
1280 59 14500 0 0 0 0
1281 59 14451 0 0 0 0
1282 59 14486 0 0 0 0
1283 58 14339 0 0 0 0
1284 58 14422 0 0 0 0
1285 57 14288 0 0 0 0
1286 56 14225 0 0 0 0
1287 57 14517 0 0 0 0
1288 56 14419 0 0 0 0
1289 55 14286 0 0 0 0
1290 55 14493 0 0 0 0
1291 54 14350 0 0 0 0
1292 54 14355 0 0 0 0
1293 54 14350 0 0 0 0
1294 54 14354 0 0 0 0
1295 55 14468 0 0 0 0
1296 55 14247 0 0 0 0
1297 56 14533 0 0 0 0
1298 56 14434 0 0 0 0
1299 56 14509 0 0 0 0
1300 55 14219 0 0 0 0
1301 55 14325 0 0 0 0
1302 55 14379 0 0 0 0
1303 55 14455 0 0 0 0
1304 54 14179 0 0 0 0
1305 55 14492 0 0 0 0
1306 55 14507 0 0 0 0
1307 55 14414 0 0 0 0
1308 54 14248 1 0 0 0
1309 53 13923 1 0 0 0
1310 54 14157 1 0 0 0
1311 54 14082 1 0 0 0
1312 55 14296 1 0 0 0
1313 56 14321 1 0 0 0
1314 56 14193 1 0 0 0
1315 56 14093 1 0 0 0
1316 57 14229 1 0 0 0
1317 57 14195 1 0 0 0
1318 57 13960 1 0 0 0
1319 56 13926 2 0 0 0
1320 56 13987 1 0 0 0
1321 57 14243 1 0 0 0
1322 56 14043 1 0 0 0
1323 56 13980 1 0 0 0
1324 56 13985 1 0 0 0
1325 56 14095 1 0 0 0
1326 55 13876 1 0 0 0
1327 56 14148 1 0 0 0
1328 56 14184 1 0 0 0
1329 56 14180 1 0 0 0
1330 55 14063 1 0 0 0
1331 56 14290 0 0 0 0
1332 57 14596 0 0 0 0
1333 56 14367 0 0 0 0
1334 56 14394 0 0 0 0
1335 56 14488 0 0 0 0
1336 56 14362 0 0 0 0
1337 55 14167 1 0 0 0
1338 55 14277 1 0 0 0
1339 54 14128 1 0 0 0
1340 53 14022 1 0 0 0
1341 53 13981 1 0 0 0
1342 54 14194 1 0 0 0
1343 54 14209 1 0 0 0
1344 53 13948 1 0 0 0
1345 54 14070 1 0 0 0
1346 55 14367 1 0 0 0
1347 54 14027 1 0 0 0
1348 54 14165 1 0 0 0
1349 55 14349 0 0 0 0
1350 55 14220 0 0 0 0
1351 56 14477 0 0 0 0
1352 56 14390 0 0 0 0
1353 56 14473 0 0 0 0
1354 55 14340 0 0 0 0
1355 55 14268 0 0 0 0
1356 57 14546 0 0 0 0
1357 56 14443 0 0 0 0
1358 55 14162 0 0 0 0
1359 56 14589 0 0 0 0
1360 55 14423 0 0 0 0
1361 54 14268 0 0 0 0
1362 55 14621 0 0 0 0
1363 54 14321 0 0 0 0
1364 54 14341 0 0 0 0
1365 54 14401 0 0 0 0
1366 54 14460 0 0 0 0
1367 54 14495 0 0 0 0
1368 52 14170 0 0 1 1
1369 53 14396 0 0 1 0
1370 53 14418 0 0 1 0
1371 53 14285 0 0 1 0
1372 53 14314 0 0 1 0
1373 54 14415 0 0 0 0
1374 54 14271 0 0 0 0
1375 55 14300 0 0 0 0
1376 56 14516 0 0 0 0
1377 55 14204 0 0 0 0
1378 56 14440 0 0 0 0
1379 56 14322 0 0 0 0
1380 57 14618 0 0 0 0
1381 56 14315 0 0 0 0
1382 57 14537 0 0 0 0
1383 56 14269 0 0 0 0
1384 57 14441 0 0 0 0
1385 57 14175 1 0 0 0
1386 57 14312 1 0 0 0
1387 56 14215 1 0 0 0
1388 56 14250 1 0 0 0
1389 57 14379 1 0 0 0
1390 56 14129 1 0 0 0
1391 55 14077 1 0 0 0
1392 55 14112 1 0 0 0
1393 56 14267 1 0 0 0
1394 56 14079 1 0 0 0
1395 57 14280 1 0 0 0
1396 58 14290 1 0 0 0
1397 57 14345 0 0 0 0
1398 57 14261 0 0 0 0
1399 58 14466 0 0 0 0
1400 57 14259 0 0 0 0
1401 57 14334 0 0 0 0
1402 57 14337 0 0 0 0
1403 58 14545 0 0 0 0
1404 58 14293 0 0 0 0
1405 59 14449 0 0 0 0
1406 59 14502 0 0 0 0
1407 58 14293 0 0 0 0
1408 57 14313 0 0 0 0
1409 57 14372 0 0 0 0
1410 57 14452 0 0 0 0
1411 56 14262 0 0 0 0
1412 57 14549 0 0 0 0
1413 56 14371 0 0 0 0
1414 56 14372 0 0 0 0
1415 56 14448 0 0 0 0
1416 55 14422 0 0 0 0
1417 54 14420 0 0 0 0
1418 53 14339 0 0 1 1
1419 54 14552 0 0 1 0
1420 53 14290 0 0 1 0
1421 54 14573 0 0 1 0
1422 53 14244 0 0 0 0
1423 54 14522 0 0 0 0
1424 54 14428 0 0 0 0
1425 54 14375 0 0 0 0
1426 56 14583 0 0 0 0
1427 56 14298 0 0 0 0
1428 57 14431 0 0 0 0
1429 57 14363 0 0 0 0
1430 58 14374 0 0 0 0
1431 57 14220 0 0 0 0
1432 58 14385 0 0 0 0
1433 58 14355 0 0 0 0
1434 59 14536 0 0 0 0
1435 58 14332 0 0 0 0
1436 58 14326 0 0 0 0
1437 59 14496 0 0 0 0
1438 58 14415 0 0 0 0
1439 57 14370 0 0 0 0
1440 57 14454 0 0 0 0
1441 57 14437 0 0 0 0
1442 56 14320 0 0 0 0
1443 57 14436 0 0 0 0
1444 57 14402 0 0 0 0
1445 58 14484 0 0 0 0
1446 58 14455 0 0 0 0
1447 59 14595 0 0 0 0
1448 59 14486 0 0 0 0
1449 58 14265 0 0 0 0
1450 58 14213 0 0 0 0
1451 59 14438 0 0 0 0
1452 59 14365 0 0 0 0
1453 59 14327 0 0 0 0
1454 60 14524 0 0 0 0
1455 60 14549 0 0 0 0
1456 59 14378 0 0 0 0
1457 58 14291 0 0 0 0
1458 58 14408 0 0 0 0
1459 57 14183 0 0 0 0
1460 57 14244 0 0 0 0
1461 58 14453 0 0 0 0
1462 58 14447 0 0 0 0
1463 58 14507 0 0 0 0
1464 57 14411 0 0 0 0
1465 56 14362 0 0 0 0
1466 55 14367 0 0 0 0
1467 54 14312 0 0 0 0
1468 54 14436 0 0 0 0
1469 53 14269 0 0 0 0
1470 53 14382 0 0 1 1
1471 53 14384 0 0 1 0
1472 53 14353 0 0 1 0
1473 53 14313 0 0 1 0
1474 53 14388 0 0 1 0
1475 53 14321 0 0 1 0
1476 54 14489 0 0 0 0
1477 54 14380 0 0 0 0
1478 55 14481 0 0 0 0
1479 55 14362 0 0 0 0
1480 56 14545 0 0 0 0
1481 57 14583 0 0 0 0
1482 56 14337 0 0 0 0
1483 56 14397 0 0 0 0
1484 55 14323 0 0 0 0
1485 55 14588 0 0 0 0
1486 54 14465 0 0 0 0
1487 53 14298 0 0 1 1
1488 53 14381 0 0 1 0
1489 53 14446 0 0 1 0
1490 53 14415 0 0 1 0
1491 53 14282 1 0 1 0
1492 52 13965 1 0 0 0
1493 52 14025 1 0 1 1
1494 53 14209 1 0 0 0
1495 53 14207 1 0 0 0
1496 53 14192 1 0 0 0
1497 53 14094 1 0 0 0
1498 53 14111 1 0 0 0
1499 53 14133 1 0 0 0
1500 52 13863 1 0 0 0
1501 53 14038 1 0 0 0
1502 52 13918 1 0 0 0
1503 53 14399 0 0 1 1
1504 53 14541 0 0 1 0
1505 52 14376 0 0 1 0
