block n60 sum_rr60 hold drowsy
0 4 903 1 0
1 9 1965 1 0
2 15 3256 1 0
3 21 4474 1 0
4 27 5712 1 0
5 33 6928 1 0
6 39 8054 1 0
7 45 9255 1 0
8 51 10533 1 0
9 56 11670 1 0
10 61 12793 1 0
11 66 13972 1 0
12 67 14246 1 0
13 67 14390 1 0
14 66 14373 1 0
15 65 14359 1 0
16 64 14405 1 0
17 62 14209 1 0
18 61 14429 1 0
19 59 14277 1 0
20 58 14195 1 0
21 58 14311 1 0
22 58 14414 1 0
23 58 14452 1 0
24 58 14588 1 0
25 58 14554 1 0
26 58 14492 1 0
27 57 14285 1 0
28 57 14198 1 0
29 58 14367 1 0
30 59 14445 1 0
31 60 14595 1 0
32 60 14577 1 0
33 59 14330 1 0
34 59 14309 1 0
35 59 14354 1 0
36 59 14285 0 0
37 59 14300 0 0
38 59 14292 0 0
39 60 14423 0 0
40 60 14486 0 0
41 60 14554 0 0
42 59 14323 0 0
43 59 14395 0 0
44 59 14281 0 0
45 60 14434 0 0
46 60 14386 0 0
47 60 14379 0 0
48 60 14319 0 0
49 60 14243 0 0
50 60 14247 0 0
51 59 14124 0 0
52 59 14123 0 0
53 59 14100 0 0
54 59 14169 0 0
55 59 14115 0 0
56 59 14243 0 0
57 59 14249 0 0
58 59 14203 0 0
59 59 14156 0 0
60 59 14151 0 0
61 59 14266 0 0
62 59 14226 0 0
63 60 14430 0 0
64 61 14532 0 0
65 61 14470 0 0
66 61 14346 0 0
67 61 14347 0 0
68 61 14298 0 0
69 62 14360 0 0
70 63 14519 0 0
71 63 14388 0 0
72 63 14381 0 0
73 64 14518 0 0
74 64 14506 0 0
75 64 14409 0 0
76 63 14204 0 0
77 63 14262 0 0
78 63 14312 0 0
79 64 14489 0 0
80 64 14437 0 0
81 64 14445 0 0
82 63 14255 0 0
83 64 14464 0 0
84 64 14382 0 0
85 64 14408 0 0
86 64 14416 0 0
87 64 14534 0 0
88 63 14387 0 0
89 63 14414 0 0
90 63 14461 0 0
91 62 14306 0 0
92 62 14447 0 0
93 61 14321 0 0
94 61 14435 0 0
95 60 14316 0 0
96 60 14514 0 0
97 59 14399 0 0
98 59 14458 0 0
99 58 14239 0 0
100 59 14453 0 0
101 59 14442 0 0
102 59 14425 0 0
103 59 14373 0 0
104 59 14354 0 0
105 59 14418 0 0
106 59 14463 0 0
107 59 14546 0 0
108 59 14467 0 0
109 59 14392 0 0
110 59 14373 0 0
111 60 14571 0 0
112 60 14474 0 0
113 61 14503 0 0
114 61 14412 0 0
115 61 14364 0 0
116 62 14508 0 0
117 62 14515 0 0
118 62 14435 0 0
119 62 14416 0 0
120 62 14407 0 0
121 62 14364 0 0
122 62 14400 0 0
123 62 14309 0 0
124 62 14303 0 0
125 62 14397 0 0
126 62 14378 0 0
127 62 14432 0 0
128 61 14218 0 0
129 62 14424 0 0
130 62 14401 0 0
131 62 14246 0 0
132 62 14253 0 0
133 62 14262 0 0
134 62 14261 0 0
135 62 14373 0 0
136 62 14456 0 0
137 61 14299 0 0
138 61 14351 0 0
139 61 14381 0 0
140 61 14424 0 0
141 60 14249 0 0
142 60 14327 0 0
143 60 14376 0 0
144 60 14376 0 0
145 60 14424 0 0
146 60 14401 0 0
147 60 14368 0 0
148 60 14352 0 0
149 61 14521 0 0
150 61 14528 0 0
151 61 14448 0 0
152 61 14422 0 0
153 61 14319 0 0
154 62 14534 0 0
155 62 14569 0 0
156 62 14529 0 0
157 62 14495 0 0
158 62 14421 0 0
159 62 14425 0 0
160 62 14443 0 0
161 62 14304 0 0
162 62 14329 0 0
163 63 14499 0 0
164 62 14381 0 0
165 62 14504 0 0
166 61 14335 0 0
167 60 14202 0 0
168 60 14264 0 0
169 60 14321 0 0
170 60 14391 0 0
171 60 14365 0 0
172 60 14380 0 0
173 59 14318 0 0
174 59 14366 0 0
175 58 14263 0 0
176 59 14437 0 0
177 59 14431 0 0
178 59 14362 0 0
179 60 14550 0 0
180 60 14513 0 0
181 60 14477 0 0
182 60 14478 0 0
183 60 14551 0 0
184 60 14507 0 0
185 60 14510 0 0
186 60 14441 0 0
187 60 14452 0 0
188 60 14455 0 0
189 60 14435 0 0
190 60 14439 0 0
191 60 14457 0 0
192 60 14459 0 0
193 60 14462 0 0
194 60 14393 0 0
195 60 14287 0 0
196 60 14276 0 0
197 61 14406 0 0
198 62 14437 0 0
199 63 14379 0 0
200 64 14330 0 0
201 65 14363 0 0
202 66 14434 0 0
203 66 14355 0 0
204 66 14251 0 0
205 67 14357 0 0
206 68 14485 0 0
207 68 14398 0 0
208 68 14392 0 0
209 67 14265 0 0
210 66 14284 0 0
211 65 14350 0 0
212 64 14332 0 0
213 63 14296 0 0
214 63 14385 0 0
215 63 14356 0 0
216 63 14387 0 0
217 62 14299 0 0
218 61 14214 0 0
219 61 14367 0 0
220 61 14409 0 0
221 61 14417 0 0
222 61 14356 0 0
223 61 14388 0 0
224 61 14506 0 0
225 61 14590 0 0
226 59 14269 0 0
227 59 14468 0 0
228 59 14564 0 0
229 59 14546 0 0
230 58 14391 0 1
231 58 14387 0 1
232 58 14435 0 1
233 58 14455 0 1
234 58 14509 0 1
235 55 13726 0 1
236 50 12456 0 1
237 45 11170 0 1
238 45 10959 0 0
239 45 10839 0 0
240 45 10698 0 0
241 45 10629 0 0
242 47 11011 0 0
243 47 10995 0 0
244 47 10987 0 0
245 47 10966 0 0
246 47 10931 0 0
247 50 11680 0 0
248 55 12826 0 0
249 60 13960 0 0
250 61 14346 0 0
251 61 14399 0 0
252 60 14380 0 0
253 60 14472 0 0
254 59 14327 0 0
255 59 14403 0 0
256 58 14200 0 0
257 58 14264 0 0
258 58 14383 0 1
259 58 14287 0 0
260 58 14317 0 0
261 58 14320 0 0
262 59 14511 0 0
263 59 14419 0 0
264 60 14581 0 0
265 60 14554 0 0
266 60 14433 0 0
267 60 14287 0 0
268 61 14416 0 0
269 62 14502 0 0
270 62 14445 0 0
271 62 14515 0 0
272 61 14310 0 0
273 61 14417 0 0
274 60 14267 0 0
275 60 14395 0 0
276 59 14180 0 0
277 59 14185 0 0
278 60 14466 0 0
279 59 14339 0 0
280 59 14367 0 0
281 59 14379 0 0
282 59 14170 0 0
283 60 14394 0 0
284 60 14409 0 0
285 60 14405 0 0
286 60 14406 0 0
287 60 14376 0 0
288 61 14605 0 0
289 60 14385 0 0
290 60 14381 0 0
291 61 14569 0 0
292 61 14559 0 0
293 60 14289 0 0
294 60 14439 0 0
295 59 14203 0 0
296 61 14616 0 0
297 61 14457 0 0
298 62 14453 0 0
299 63 14459 0 0
300 63 14354 0 0
301 64 14567 0 0
302 63 14336 0 0
303 63 14365 0 0
304 63 14284 0 0
305 64 14546 0 0
306 64 14514 0 0
307 65 14553 0 0
308 64 14260 0 0
309 65 14441 0 0
310 64 14393 0 0
311 63 14361 0 0
312 63 14461 0 0
313 62 14242 0 0
314 63 14488 0 0
315 63 14432 0 0
316 63 14448 0 0
317 63 14340 0 0
318 63 14315 0 0
319 62 14238 0 0
320 62 14383 0 0
321 61 14444 0 0
322 60 14276 0 0
323 60 14296 0 0
324 60 14364 0 0
325 60 14416 0 0
326 59 14272 0 0
327 59 14371 0 0
328 58 14295 0 0
329 58 14446 0 1
330 58 14447 0 1
331 58 14459 0 1
332 58 14391 0 1
333 58 14307 0 0
334 59 14480 0 0
335 59 14489 0 0
336 58 14253 0 0
337 59 14427 0 0
338 59 14380 0 0
339 59 14396 0 0
340 60 14534 0 0
341 59 14408 0 0
342 59 14424 0 0
343 59 14506 0 0
344 58 14333 0 0
345 58 14328 0 0
346 58 14367 0 0
347 58 14388 0 1
348 59 14580 0 0
349 59 14590 0 0
350 58 14326 0 0
351 58 14287 0 0
352 58 14301 0 0
353 59 14359 0 0
354 59 14350 0 0
355 59 14251 0 0
356 61 14603 0 0
357 62 14577 0 0
358 62 14543 0 0
359 62 14373 0 0
360 62 14224 0 0
361 63 14394 0 0
362 64 14601 0 0
363 64 14538 0 0
364 64 14548 0 0
365 63 14472 0 0
366 62 14318 0 0
367 62 14418 0 0
368 61 14272 0 0
369 60 14240 0 0
370 60 14284 0 0
371 60 14351 0 0
372 60 14415 0 0
373 59 14227 0 0
374 60 14289 0 0
375 61 14405 0 0
376 61 14247 0 0
377 61 14159 0 0
378 63 14611 0 0
379 62 14340 0 0
380 62 14366 0 0
381 63 14577 0 0
382 63 14524 0 0
383 62 14333 0 0
384 62 14457 0 0
385 62 14552 0 0
386 60 14350 0 0
387 59 14337 0 0
388 59 14518 0 0
389 59 14511 0 0
390 58 14241 0 0
391 59 14428 0 0
392 59 14432 0 0
393 58 14300 0 0
394 58 14370 0 0
395 59 14571 0 0
396 59 14445 0 0
397 59 14273 0 0
398 61 14543 0 0
399 61 14417 0 0
400 61 14416 0 0
401 61 14445 0 0
402 61 14485 0 0
403 61 14561 0 0
404 60 14330 0 0
405 60 14315 0 0
406 60 14267 0 0
407 60 14328 0 0
408 60 14396 0 0
409 60 14494 0 0
410 59 14340 0 0
411 59 14355 0 0
412 59 14262 0 0
413 60 14485 0 0
414 60 14462 0 0
415 60 14407 0 0
416 61 14572 0 0
417 61 14460 0 0
418 62 14436 0 0
419 62 14332 0 0
420 63 14482 0 0
421 63 14441 0 0
422 63 14486 0 0
423 63 14532 0 0
424 62 14393 0 0
425 61 14234 0 0
426 62 14399 0 0
427 62 14373 0 0
428 61 14230 0 0
429 61 14340 0 0
430 61 14482 0 0
431 61 14557 0 0
432 60 14402 0 0
433 59 14266 0 0
434 59 14327 0 0
435 58 14204 0 0
436 59 14526 0 0
437 58 14339 0 0
438 57 14326 0 1
439 56 14262 0 1
440 57 14575 0 1
441 56 14370 0 1
442 55 14256 0 1
443 55 14285 0 1
444 55 14192 0 1
445 56 14425 0 1
446 56 14401 0 1
447 57 14589 0 1
448 56 14320 0 1
449 57 14509 0 1
450 57 14440 0 1
451 57 14388 0 1
452 57 14384 0 1
453 58 14613 0 1
454 57 14390 0 1
455 57 14352 0 1
456 57 14465 0 1
457 57 14387 0 1
458 57 14275 0 1
459 57 14202 0 1
460 59 14491 0 0
461 59 14369 0 0
462 60 14440 0 0
463 61 14539 0 0
464 61 14412 0 0
465 61 14343 0 0
466 62 14557 0 0
467 61 14356 0 0
468 61 14306 0 0
469 61 14334 0 0
470 61 14419 0 0
471 61 14376 0 0
472 60 14328 0 0
473 60 14409 0 0
474 59 14231 0 0
475 59 14286 0 0
476 59 14249 0 0
477 60 14416 0 0
478 60 14424 0 0
479 60 14421 0 0
480 60 14527 0 0
481 60 14574 0 0
482 59 14403 0 0
483 59 14576 0 0
484 59 14468 0 0
485 58 14320 0 0
486 58 14413 0 1
487 58 14442 0 1
488 58 14592 0 1
489 56 14243 0 1
490 56 14297 0 1
491 56 14375 0 1
492 56 14412 0 1
493 55 14206 0 1
494 56 14403 0 1
495 56 14344 0 1
496 56 14441 0 1
497 57 14582 0 1
498 56 14320 0 1
499 56 14357 0 1
500 57 14363 0 1
501 58 14490 0 1
502 58 14432 0 1
503 59 14528 0 0
504 59 14426 0 0
505 60 14550 0 0
506 60 14543 0 0
507 60 14479 0 0
508 60 14311 0 0
509 61 14412 0 0
510 62 14517 0 0
511 62 14492 0 0
512 61 14386 0 0
513 61 14423 0 0
514 61 14340 0 0
515 61 14337 0 0
516 61 14261 0 0
517 61 14289 0 0
518 61 14206 0 0
519 61 14303 0 0
520 61 14401 0 0
521 60 14313 0 0
522 60 14418 0 0
523 60 14331 0 0
524 60 14247 0 0
525 61 14422 0 0
526 61 14378 0 0
527 61 14397 0 0
528 61 14400 0 0
529 61 14423 0 0
530 61 14553 0 0
531 61 14515 0 0
532 61 14471 0 0
533 60 14261 0 0
534 60 14365 0 0
535 60 14493 0 0
536 60 14571 0 0
537 59 14372 0 0
538 59 14385 0 0
539 59 14354 0 0
540 59 14403 0 0
541 59 14390 0 0
542 59 14236 0 0
543 59 14190 0 0
544 60 14441 0 0
545 61 14625 0 0
546 61 14443 0 0
547 61 14285 0 0
548 61 14274 0 0
549 61 14390 0 0
550 61 14537 0 0
551 61 14600 0 0
552 60 14396 0 0
553 60 14466 0 0
554 60 14524 0 0
555 60 14551 0 0
556 59 14273 0 0
557 59 14219 0 0
558 60 14362 0 0
559 60 14394 0 0
560 60 14406 0 0
561 60 14337 0 0
562 60 14221 0 0
563 61 14364 0 0
564 62 14482 0 0
565 63 14494 0 0
566 63 14505 0 0
567 63 14453 0 0
568 63 14532 0 0
569 62 14389 0 0
570 61 14334 0 0
571 61 14448 0 0
572 61 14523 0 0
573 61 14554 0 0
574 61 14625 0 0
575 59 14243 0 0
576 59 14348 0 0
577 58 14313 0 0
578 58 14386 0 1
579 58 14402 0 1
580 58 14236 0 0
581 60 14514 0 0
582 61 14575 0 0
583 62 14420 0 0
584 63 14266 0 0
585 64 14304 0 0
586 64 14346 0 0
587 65 14530 0 0
588 65 14503 0 0
589 65 14371 0 0
590 65 14366 0 0
591 65 14407 0 0
592 64 14347 0 0
593 63 14305 0 0
594 63 14419 0 0
595 61 14319 0 0
596 60 14425 0 0
597 59 14443 0 0
598 59 14447 0 0
599 58 14347 0 0
600 58 14461 0 1
601 58 14517 0 1
602 58 14452 0 1
603 57 14223 0 1
604 58 14430 0 1
605 58 14454 0 1
606 57 14312 0 1
607 58 14584 0 1
608 57 14332 0 1
609 57 14363 0 1
610 57 14363 0 1
611 58 14516 0 1
612 57 14192 0 1
613 57 14201 0 1
614 57 14205 0 1
615 58 14362 0 0
616 58 14345 0 0
617 59 14540 0 0
618 59 14454 0 0
619 59 14381 0 0
620 60 14535 0 0
621 60 14417 0 0
622 60 14372 0 0
623 60 14300 0 0
624 61 14446 0 0
625 61 14442 0 0
626 61 14397 0 0
627 61 14404 0 0
628 61 14424 0 0
629 60 14211 0 0
630 60 14245 0 0
631 60 14217 0 0
632 60 14284 0 0
633 61 14437 0 0
634 61 14394 0 0
635 61 14431 0 0
636 61 14471 0 0
637 61 14354 0 0
638 61 14400 0 0
639 61 14424 0 0
640 61 14422 0 0
641 61 14437 0 0
642 61 14476 0 0
643 61 14445 0 0
644 61 14428 0 0
645 60 14252 0 0
646 60 14264 0 0
647 60 14305 0 0
648 60 14281 0 0
649 61 14620 0 0
650 61 14501 0 0
651 61 14502 0 0
652 62 14596 0 0
653 62 14496 0 0
654 62 14457 0 0
655 62 14428 0 0
656 63 14570 0 0
657 63 14506 0 0
658 63 14473 0 0
659 64 14553 0 0
660 64 14544 0 0
661 63 14257 0 0
662 64 14442 0 0
663 64 14285 0 0
664 64 14307 0 0
665 64 14272 0 0
666 65 14472 0 0
667 65 14491 0 0
668 64 14311 0 0
669 64 14339 0 0
670 64 14369 0 0
671 63 14248 0 0
672 64 14404 0 0
673 64 14451 0 0
674 63 14270 0 0
675 64 14481 0 0
676 64 14452 0 0
677 64 14498 0 0
678 63 14357 0 0
679 63 14445 0 0
680 62 14265 0 0
681 62 14407 0 0
682 62 14453 0 0
683 62 14529 0 0
684 61 14468 0 0
685 60 14275 0 0
686 61 14516 0 0
687 60 14475 0 0
688 59 14308 0 0
689 59 14321 0 0
690 59 14309 0 0
691 59 14279 0 0
692 60 14455 0 0
693 60 14387 0 0
694 60 14357 0 0
695 60 14259 0 0
696 60 14268 0 0
697 61 14507 0 0
698 60 14356 0 0
699 60 14355 0 0
700 60 14400 0 0
701 60 14418 0 0
702 60 14374 0 0
703 60 14390 0 0
704 60 14405 0 0
705 61 14411 0 0
706 62 14562 0 0
707 62 14521 0 0
708 62 14416 0 0
709 62 14422 0 0
710 62 14465 0 0
711 62 14424 0 0
712 62 14474 0 0
713 62 14528 0 0
714 61 14351 0 0
715 61 14354 0 0
716 61 14432 0 0
717 60 14409 0 0
718 60 14271 0 0
719 61 14474 0 0
720 61 14476 0 0
721 61 14445 0 0
722 61 14432 0 0
723 61 14443 0 0
724 61 14463 0 0
725 61 14248 0 0
726 61 14207 0 0
727 61 14249 0 0
728 61 14214 0 0
729 61 14258 0 0
730 59 14048 0 0
731 58 13937 0 0
732 59 14199 0 0
733 58 13963 0 0
734 59 14182 0 0
735 59 14094 0 0
736 59 14124 0 0
737 59 14320 0 0
738 60 14519 0 0
739 59 14272 0 0
740 60 14297 0 0
741 61 14292 0 0
742 64 14605 0 0
743 63 14182 0 0
744 63 14123 0 0
745 64 14256 0 0
746 63 13943 0 0
747 63 14147 0 0
748 63 14120 0 0
749 63 14144 0 0
750 62 13982 0 0
751 63 14255 0 0
752 62 14190 0 0
753 61 14261 0 0
754 59 14118 0 0
755 60 14495 0 0
756 59 14345 0 0
757 59 14422 0 0
758 59 14495 0 0
759 59 14351 0 0
760 60 14404 0 0
761 59 14193 0 0
762 60 14403 0 0
763 61 14480 0 0
764 60 14350 0 0
765 61 14364 0 0
766 61 14152 0 0
767 61 14167 0 0
768 61 14183 0 0
769 61 14170 0 0
770 60 14036 0 0
771 60 14214 0 0
772 59 14203 0 0
773 59 14217 0 0
774 59 14281 0 0
775 58 14091 0 0
776 59 14240 0 0
777 58 14181 0 0
778 57 14223 0 1
779 57 14286 0 1
780 58 14331 0 0
781 58 14398 0 1
782 59 14474 0 0
783 59 14345 0 0
784 59 14312 0 0
785 60 14526 0 0
786 59 14263 0 0
787 59 14324 0 0
788 59 14314 0 0
789 59 14239 0 0
790 61 14589 0 0
791 61 14478 0 0
792 60 14344 0 0
793 60 14342 0 0
794 60 14411 0 0
795 60 14409 0 0
796 60 14379 0 0
797 60 14285 0 0
798 61 14464 0 0
799 61 14376 0 0
800 63 14567 0 0
801 63 14485 0 0
802 62 14395 0 0
803 62 14504 0 0
804 61 14409 0 0
805 61 14450 0 0
806 60 14304 0 0
807 60 14409 0 0
808 60 14450 0 0
809 60 14428 0 0
810 60 14342 0 0
811 60 14369 0 0
812 58 14189 0 0
813 58 14365 0 0
814 58 14374 0 0
815 58 14380 0 1
816 59 14547 0 0
817 59 14450 0 0
818 60 14357 0 0
819 60 14179 0 0
820 60 14025 0 0
821 60 14089 0 0
822 60 14260 0 0
823 60 14353 0 0
824 59 14184 0 0
825 59 14219 0 0
826 59 14210 0 0
827 58 13943 0 0
828 58 13995 0 0
829 58 14094 0 0
830 58 14341 0 0
831 57 14254 0 1
832 57 14385 0 1
833 57 14373 0 1
834 58 14408 0 1
835 59 14305 0 0
836 61 14424 0 0
837 62 14399 0 0
838 62 14335 0 0
839 64 14479 0 0
840 63 14225 0 0
841 63 14244 0 0
842 63 14174 0 0
843 64 14263 0 0
844 63 14126 0 0
845 63 14204 0 0
846 62 14153 0 0
847 61 14277 0 0
848 59 14128 0 0
849 58 14036 0 0
850 58 14025 0 0
851 58 14185 0 0
852 60 14390 0 0
853 61 14283 0 0
854 62 14403 0 0
855 62 14280 0 0
856 63 14453 0 0
857 63 14433 0 0
858 63 14380 0 0
859 63 14322 0 0
860 64 14459 0 0
861 64 14507 0 0
862 64 14573 0 0
863 63 14483 0 0
864 62 14503 0 0
865 60 14282 0 0
866 59 14358 0 0
867 59 14572 0 0
868 59 14554 0 0
869 58 14328 0 0
870 58 14411 0 1
871 58 14384 0 1
872 58 14445 0 1
873 58 14468 0 1
874 58 14436 0 1
875 57 14267 0 1
876 57 14336 0 1
877 57 14415 0 1
878 57 14395 0 1
879 57 14476 0 1
880 56 14257 0 1
881 57 14477 0 1
882 58 14455 0 1
883 58 14322 0 0
884 59 14386 0 0
885 59 14251 0 0
886 59 14272 0 0
887 60 14440 0 0
888 60 14389 0 0
889 61 14531 0 0
890 61 14467 0 0
891 61 14250 0 0
892 63 14552 0 0
893 63 14449 0 0
894 62 14355 0 0
895 63 14397 0 0
896 62 14343 0 0
897 62 14420 0 0
898 62 14458 0 0
899 62 14388 0 0
900 62 14445 0 0
901 62 14495 0 0
902 61 14266 0 0
903 61 14433 0 0
904 60 14374 0 0
905 59 14240 0 0
906 59 14258 0 0
907 58 14364 0 0
908 58 14375 0 0
909 58 14391 0 1
910 58 14385 0 1
911 58 14541 0 1
912 57 14321 0 1
913 56 14184 0 1
914 57 14529 0 1
915 56 14425 0 1
916 56 14327 0 1
917 57 14508 0 1
918 57 14531 0 1
919 57 14504 0 1
920 57 14488 0 1
921 57 14562 0 1
922 56 14319 0 1
923 56 14290 0 1
924 57 14516 0 1
925 57 14437 0 1
926 57 14312 0 1
927 58 14356 0 0
928 59 14514 0 0
929 59 14450 0 0
930 59 14406 0 0
931 59 14453 0 0
932 58 14293 0 0
933 58 14280 0 0
934 59 14519 0 0
935 58 14272 0 0
936 58 14247 0 0
937 59 14431 0 0
938 59 14390 0 0
939 59 14383 0 0
940 59 14330 0 0
941 59 14324 0 0
942 59 14301 0 0
943 60 14341 0 0
944 61 14463 0 0
945 61 14444 0 0
946 61 14396 0 0
947 62 14585 0 0
948 63 14554 0 0
949 64 14420 0 0
950 65 14354 0 0
951 66 14446 0 0
952 65 14328 0 0
953 65 14397 0 0
954 65 14458 0 0
955 64 14366 0 0
956 64 14341 0 0
957 64 14262 0 0
958 65 14458 0 0
959 65 14375 0 0
960 64 14276 0 0
961 63 14428 0 0
962 62 14492 0 0
963 61 14314 0 0
964 61 14333 0 0
965 61 14397 0 0
966 61 14364 0 0
967 61 14451 0 0
968 60 14452 0 0
969 60 14599 0 0
970 58 14204 0 0
971 58 14310 0 0
972 58 14391 0 1
973 58 14434 0 1
974 58 14457 0 1
975 57 14368 0 1
976 57 14435 0 1
977 57 14375 0 1
978 58 14493 0 1
979 58 14294 0 0
980 60 14537 0 0
981 59 14183 0 0
982 61 14602 0 0
983 60 14372 0 0
984 60 14385 0 0
985 60 14265 0 0
986 60 14318 0 0
987 61 14596 0 0
988 61 14579 0 0
989 60 14386 0 0
990 61 14444 0 0
991 61 14471 0 0
992 60 14233 0 0
993 61 14529 0 0
994 60 14338 0 0
995 61 14580 0 0
996 61 14524 0 0
997 61 14549 0 0
998 61 14332 0 0
999 61 14245 0 0
1000 61 14270 0 0
1001 62 14542 0 0
1002 60 14266 0 0
1003 60 14440 0 0
1004 60 14501 0 0
1005 60 14455 0 0
1006 59 14231 0 0
1007 59 14229 0 0
1008 59 14216 0 0
1009 60 14460 0 0
1010 60 14508 0 0
1011 61 14557 0 0
1012 62 14521 0 0
1013 63 14413 0 0
1014 63 14476 0 0
1015 63 14457 0 0
1016 63 14371 0 0
1017 63 14256 0 0
1018 65 14612 0 0
1019 65 14468 0 0
1020 65 14471 0 0
1021 64 14266 0 0
1022 64 14404 0 0
1023 63 14378 0 0
1024 61 14168 0 0
1025 60 14252 0 0
1026 60 14354 0 0
1027 60 14419 0 0
1028 60 14465 0 0
1029 59 14378 0 0
1030 58 14280 0 0
1031 58 14436 0 1
1032 57 14275 0 1
1033 57 14383 0 1
1034 57 14403 0 1
1035 56 14218 0 1
1036 57 14485 0 1
1037 57 14531 0 1
1038 56 14354 0 1
1039 56 14355 0 1
1040 55 14197 0 1
1041 56 14518 0 1
1042 55 14301 0 1
1043 55 14304 0 1
1044 56 14584 0 1
1045 56 14527 0 1
1046 55 14272 0 1
1047 57 14579 0 1
1048 58 14467 0 1
1049 58 14285 0 0
1050 59 14424 0 0
1051 58 14195 0 0
1052 59 14521 0 0
1053 59 14487 0 0
1054 60 14599 0 0
1055 60 14567 0 0
1056 59 14327 0 0
1057 59 14351 0 0
1058 60 14588 0 0
1059 58 14246 0 0
1060 57 14378 0 1
1061 57 14440 0 1
1062 57 14494 0 1
1063 58 14632 0 1
1064 58 14524 0 1
1065 57 14241 0 1
1066 57 14368 0 1
1067 57 14408 0 1
1068 57 14401 0 1
1069 57 14413 0 1
1070 57 14385 0 1
1071 58 14562 0 1
1072 58 14325 0 0
1073 59 14513 0 0
1074 59 14416 0 0
1075 58 14212 0 0
1076 58 14278 0 0
1077 59 14478 0 0
1078 59 14389 0 0
1079 59 14360 0 0
1080 59 14335 0 0
1081 59 14343 0 0
1082 58 14169 0 0
1083 58 14355 0 0
1084 57 14364 0 1
1085 56 14301 0 1
1086 56 14260 0 1
1087 58 14595 0 1
1088 57 14345 0 1
1089 57 14462 0 1
1090 56 14331 0 1
1091 56 14440 0 1
1092 56 14453 0 1
1093 56 14439 0 1
1094 56 14475 0 1
1095 56 14396 0 1
1096 57 14609 0 1
1097 56 14368 0 1
1098 56 14474 0 1
1099 54 14177 0 1
1100 55 14419 0 1
1101 55 14397 0 1
1102 55 14382 0 1
1103 55 14307 0 1
1104 55 14311 0 1
1105 55 14318 0 1
1106 56 14535 0 1
1107 56 14485 0 1
1108 56 14325 0 1
1109 57 14411 0 1
1110 57 14333 0 1
1111 58 14484 0 1
1112 58 14540 0 1
1113 57 14267 0 1
1114 58 14506 0 1
1115 57 14284 0 1
1116 58 14563 0 1
1117 58 14518 0 1
1118 58 14377 0 0
1119 58 14359 0 0
1120 58 14392 0 1
1121 58 14460 0 1
1122 57 14352 0 1
1123 57 14370 0 1
1124 58 14424 0 1
1125 58 14416 0 1
1126 58 14389 0 1
1127 59 14508 0 0
1128 59 14402 0 0
1129 59 14337 0 0
1130 59 14381 0 0
1131 59 14379 0 0
1132 59 14385 0 0
1133 59 14345 0 0
1134 60 14530 0 0
1135 60 14541 0 0
1136 58 14191 0 0
1137 59 14380 0 0
1138 59 14396 0 0
1139 59 14411 0 0
1140 59 14404 0 0
1141 59 14314 0 0
1142 60 14333 0 0
1143 60 14244 0 0
1144 61 14493 0 0
1145 60 14368 0 0
1146 60 14481 0 0
1147 59 14295 0 0
1148 60 14471 0 0
1149 60 14566 0 0
1150 59 14361 0 0
1151 58 14298 0 0
1152 58 14447 0 1
1153 57 14436 0 1
1154 56 14528 0 1
1155 55 14439 0 1
1156 54 14299 0 1
1157 54 14288 0 1
1158 54 14327 0 1
1159 55 14519 0 1
1160 55 14531 0 1
1161 55 14389 0 1
1162 55 14286 0 1
1163 56 14453 0 1
1164 56 14408 0 1
1165 56 14327 0 1
1166 56 14269 0 1
1167 57 14497 0 1
1168 57 14472 0 1
1169 58 14673 0 1
1170 57 14272 0 1
1171 57 14286 0 1
1172 58 14388 0 1
1173 58 14333 0 0
1174 59 14501 0 0
1175 59 14433 0 0
1176 59 14404 0 0
1177 60 14624 0 0
1178 59 14353 0 0
1179 59 14420 0 0
1180 58 14208 0 0
1181 58 14231 0 0
1182 59 14487 0 0
1183 59 14505 0 0
1184 58 14399 0 1
1185 57 14036 0 0
1186 58 14270 0 0
1187 58 14127 0 0
1188 59 14139 0 0
1189 59 13983 0 0
1190 60 14225 0 0
1191 60 14098 0 0
1192 61 14343 0 0
1193 60 14105 0 0
1194 60 14153 0 0
1195 60 14186 0 0
1196 59 14014 0 0
1197 60 14438 0 0
1198 59 14339 0 0
1199 59 14499 0 0
1200 57 14221 0 1
1201 57 14438 0 1
1202 57 14547 0 1
1203 56 14408 0 1
1204 56 14377 0 1
1205 57 14575 0 1
1206 57 14535 0 1
1207 56 14206 0 1
1208 57 14389 0 1
1209 57 14445 0 1
1210 57 14368 0 1
1211 57 14435 0 1
1212 57 14413 0 1
1213 57 14430 0 1
1214 57 14393 0 1
1215 57 14367 0 1
1216 57 14377 0 1
1217 57 14425 0 1
1218 56 14232 0 1
1219 57 14445 0 1
1220 57 14544 0 1
1221 56 14291 0 1
1222 56 14348 0 1
1223 56 14322 0 1
1224 57 14565 0 1
1225 56 14294 0 1
1226 56 14141 0 1
1227 56 14065 0 1
1228 56 14032 0 1
1229 56 14027 0 1
1230 56 14046 0 1
1231 56 14165 0 1
1232 56 14137 0 1
1233 56 14161 0 1
1234 56 14244 0 1
1235 55 14059 0 1
1236 55 14127 0 1
1237 55 14118 0 1
1238 55 14364 0 1
1239 56 14523 0 1
1240 56 14424 0 1
1241 56 14488 0 1
1242 56 14483 0 1
1243 56 14510 0 1
1244 55 14334 0 1
1245 55 14385 0 1
1246 55 14373 0 1
1247 55 14347 0 1
1248 55 14310 0 1
1249 57 14619 0 1
1250 57 14305 0 1
1251 58 14419 0 1
1252 58 14395 0 1
1253 58 14339 0 0
1254 59 14482 0 0
1255 59 14367 0 0
1256 60 14326 0 0
1257 61 14444 0 0
1258 61 14377 0 0
1259 62 14580 0 0
1260 62 14372 0 0
1261 60 13971 0 0
1262 60 14153 0 0
1263 59 13986 0 0
1264 59 14146 0 0
1265 59 14150 0 0
1266 58 13976 0 0
1267 58 14038 0 0
1268 57 14030 0 0
1269 57 14156 0 1
1270 57 14040 0 0
1271 58 14112 0 0
1272 58 14169 0 0
1273 59 14418 0 0
1274 59 14448 0 0
1275 59 14607 0 0
1276 60 14542 0 0
1277 59 14069 0 0
1278 60 14262 0 0
1279 60 14132 0 0
1280 61 14231 0 0
1281 61 14146 0 0
1282 61 14100 0 0
1283 61 14126 0 0
1284 61 14244 0 0
1285 60 14138 0 0
1286 60 14097 0 0
1287 60 14136 0 0
1288 58 13959 0 0
1289 59 14470 0 0
1290 59 14429 0 0
1291 59 14536 0 0
1292 58 14348 0 0
1293 59 14353 0 0
1294 61 14608 0 0
1295 60 14292 0 0
1296 60 14178 0 0
1297 61 14284 0 0
1298 62 14460 0 0
1299 62 14377 0 0
1300 63 14566 0 0
1301 64 14467 0 0
1302 63 14007 0 0
1303 64 14107 0 0
1304 65 14174 0 0
1305 64 14091 0 0
1306 62 13992 0 0
1307 62 14190 0 0
1308 62 14308 0 0
1309 61 14144 0 0
1310 60 13953 0 0
1311 60 14015 0 0
1312 60 14051 0 0
1313 59 14096 0 0
1314 60 14534 0 0
1315 59 14343 0 0
1316 59 14357 0 0
1317 60 14536 0 0
1318 60 14476 0 0
1319 59 14252 0 0
1320 59 14267 0 0
1321 61 14452 0 0
1322 62 14506 0 0
1323 63 14534 0 0
1324 62 14263 0 0
1325 62 14305 0 0
1326 62 14451 0 0
1327 61 14324 0 0
1328 61 14565 0 0
1329 59 14245 0 0
1330 59 14308 0 0
1331 60 14575 0 0
1332 60 14434 0 0
1333 59 14461 0 0
1334 58 14290 0 0
1335 57 14182 0 1
1336 58 14436 0 1
1337 58 14434 0 1
1338 58 14392 0 1
1339 59 14548 0 0
1340 59 14279 0 0
1341 61 14600 0 0
1342 61 14373 0 0
1343 62 14455 0 0
1344 62 14493 0 0
1345 62 14363 0 0
1346 62 14417 0 0
1347 62 14476 0 0
1348 62 14504 0 0
1349 61 14238 0 0
1350 61 14245 0 0
1351 61 14253 0 0
1352 61 14422 0 0
1353 60 14249 0 0
1354 60 14364 0 0
1355 60 14338 0 0
1356 60 14206 0 0
1357 60 14343 0 0
1358 61 14534 0 0
1359 61 14369 0 0
1360 61 14292 0 0
1361 62 14518 0 0
1362 62 14498 0 0
1363 62 14524 0 0
1364 61 14302 0 0
1365 61 14361 0 0
1366 61 14509 0 0
1367 60 14356 0 0
1368 60 14599 0 0
1369 59 14394 0 0
1370 58 14262 0 0
1371 58 14491 0 1
1372 57 14350 0 1
1373 57 14399 0 1
1374 57 14289 0 1
1375 58 14412 0 1
1376 59 14509 0 0
1377 59 14524 0 0
1378 59 14456 0 0
1379 58 14286 0 0
1380 58 14310 0 0
1381 59 14601 0 0
1382 58 14425 0 1
1383 58 14441 0 1
1384 58 14471 0 1
1385 58 14456 0 1
1386 58 14572 0 1
1387 56 14181 0 1
1388 56 14340 0 1
1389 57 14468 0 1
1390 56 14230 0 1
1391 57 14477 0 1
1392 57 14469 0 1
1393 57 14371 0 1
1394 58 14547 0 1
1395 58 14428 0 1
1396 59 14532 0 0
1397 58 14286 0 0
1398 58 14309 0 0
1399 58 14390 0 1
1400 58 14429 0 1
1401 57 14352 0 1
1402 59 14590 0 0
1403 59 14382 0 0
1404 60 14386 0 0
1405 60 14177 0 0
1406 59 14141 0 0
1407 58 14037 0 0
1408 58 14192 0 0
1409 58 14238 0 0
1410 58 14196 0 0
1411 60 14360 0 0
1412 60 14166 0 0
1413 60 14195 0 0
1414 58 13967 0 0
1415 58 14165 0 0
1416 57 14225 0 1
1417 56 14296 0 1
1418 56 14210 0 1
1419 57 14448 0 1
1420 57 14302 0 1
1421 59 14430 0 0
1422 59 14287 0 0
1423 58 14334 0 0
1424 57 14345 0 1
1425 57 14316 0 1
1426 58 14567 0 1
1427 58 14543 0 1
1428 58 14382 0 1
1429 58 14312 0 0
1430 59 14454 0 0
1431 59 14381 0 0
1432 59 14439 0 0
1433 58 14308 0 0
1434 59 14509 0 0
1435 60 14485 0 0
1436 61 14499 0 0
1437 61 14412 0 0
1438 61 14390 0 0
1439 61 14372 0 0
1440 60 14256 0 0
1441 61 14536 0 0
1442 61 14530 0 0
1443 60 14297 0 0
1444 60 14278 0 0
1445 60 14374 0 0
1446 60 14352 0 0
1447 60 14363 0 0
1448 61 14463 0 0
1449 60 14304 0 0
1450 60 14282 0 0
1451 59 14191 0 0
1452 60 14536 0 0
1453 59 14358 0 0
1454 59 14416 0 0
1455 59 14465 0 0
1456 59 14469 0 0
1457 58 14361 0 0
1458 57 14469 0 1
1459 55 14290 0 1
1460 54 14297 0 1
1461 55 14504 0 1
1462 54 14322 0 1
1463 56 14514 0 1
1464 57 14363 0 1
1465 58 14407 0 1
1466 58 14275 0 0
1467 59 14464 0 0
1468 58 14320 0 0
1469 59 14623 0 0
1470 58 14363 0 0
1471 58 14370 0 0
1472 57 14256 0 1
1473 57 14399 0 1
1474 58 14622 0 1
1475 56 14382 0 1
1476 55 14415 0 1
1477 56 14470 0 1
1478 56 14354 0 1
1479 57 14348 0 1
1480 58 14414 0 1
1481 58 14280 0 0
1482 59 14380 0 0
1483 60 14495 0 0
1484 61 14560 0 0
1485 61 14387 0 0
1486 61 14226 0 0
1487 62 14319 0 0
1488 63 14437 0 0
1489 62 14392 0 0
1490 62 14520 0 0
1491 61 14452 0 0
1492 61 14548 0 0
1493 60 14325 0 0
1494 60 14491 0 0
1495 59 14342 0 0
1496 59 14512 0 0
1497 58 14391 0 1
1498 57 14391 0 1
1499 57 14614 0 1
1500 54 14099 0 1
1501 54 14419 0 1
1502 53 14366 0 1
1503 52 14353 0 1
1504 52 14412 0 1
1505 53 14589 0 1
1506 52 14188 0 1
1507 53 14416 0 1
1508 53 14335 0 1
1509 54 14455 0 1
1510 54 14392 0 1
1511 54 14309 0 1
1512 56 14702 0 1
1513 55 14239 0 1
1514 56 14337 0 1
1515 57 14422 0 1
1516 57 14393 0 1
1517 56 14211 0 1
1518 57 14507 0 1
1519 57 14532 0 1
1520 56 14321 0 1
1521 56 14424 0 1
1522 56 14463 0 1
1523 55 14282 0 1
1524 55 14271 0 1
1525 56 14488 0 1
1526 55 14337 0 1
1527 56 14448 0 1
1528 56 14393 0 1
1529 56 14373 0 1
1530 56 14382 0 1
1531 56 14341 0 1
1532 56 14316 0 1
1533 56 14275 0 1
1534 57 14402 0 1
1535 58 14526 0 1
1536 58 14522 0 1
1537 57 14322 0 1
1538 58 14484 0 1
1539 56 14233 0 1
1540 56 14377 0 1
1541 56 14437 0 1
1542 56 14479 0 1
1543 55 14253 0 1
1544 56 14450 0 1
1545 56 14474 0 1
1546 56 14438 0 1
1547 56 14443 0 1
1548 56 14360 0 1
1549 57 14495 0 1
1550 57 14373 0 1
1551 59 14594 0 0
1552 58 14193 0 0
1553 59 14416 0 0
1554 59 14312 0 0
1555 60 14560 0 0
1556 59 14346 0 0
1557 59 14340 0 0
1558 59 14426 0 0
1559 59 14278 0 0
1560 61 14437 0 0
1561 62 14372 0 0
1562 63 14518 0 0
1563 62 14316 0 0
1564 63 14497 0 0
1565 63 14392 0 0
1566 64 14467 0 0
1567 64 14331 0 0
1568 66 14540 0 0
1569 66 14312 0 0
1570 67 14385 0 0
1571 67 14401 0 0
1572 65 14306 0 0
1573 63 14261 0 0
1574 62 14282 0 0
1575 62 14380 0 0
1576 61 14162 0 0
1577 60 14074 0 0
1578 60 14199 0 0
1579 59 14039 0 0
1580 58 14067 0 0
1581 58 14221 0 0
1582 57 14138 0 1
1583 57 14124 0 0
1584 58 14135 0 0
1585 60 14371 0 0
1586 60 14240 0 0
1587 60 14244 0 0
1588 60 14314 0 0
1589 62 14613 0 0
1590 61 14351 0 0
1591 62 14459 0 0
1592 62 14358 0 0
1593 63 14465 0 0
1594 63 14334 0 0
1595 63 14366 0 0
1596 62 14325 0 0
1597 62 14406 0 0
1598 61 14331 0 0
1599 61 14408 0 0
1600 61 14422 0 0
1601 60 14186 0 0
1602 60 14287 0 0
1603 60 14454 0 0
1604 60 14441 0 0
1605 60 14352 0 0
1606 60 14350 0 0
1607 60 14431 0 0
1608 60 14522 0 0
1609 59 14401 0 0
1610 59 14319 0 0
1611 59 14307 0 0
1612 60 14529 0 0
1613 59 14450 0 0
1614 59 14488 0 0
1615 58 14312 0 0
1616 58 14521 0 1
1617 56 14342 0 1
1618 56 14489 0 1
1619 56 14366 0 1
1620 56 14307 0 1
1621 56 14290 0 1
1622 57 14599 0 1
1623 56 14306 0 1
1624 56 14439 0 1
1625 56 14410 0 1
1626 56 14339 0 1
1627 57 14500 0 1
1628 57 14332 0 1
1629 58 14519 0 1
1630 58 14517 0 1
1631 57 14486 0 1
1632 57 14543 0 1
1633 56 14360 0 1
1634 56 14385 0 1
1635 56 14421 0 1
1636 56 14285 0 1
1637 57 14436 0 1
1638 57 14401 0 1
1639 57 14363 0 1
1640 57 14485 0 1
1641 56 14226 0 1
1642 56 14201 0 1
1643 57 14365 0 1
1644 57 14296 0 1
1645 58 14493 0 1
1646 57 14191 0 1
1647 58 14356 0 0
1648 58 14433 0 1
1649 58 14485 0 1
1650 58 14336 0 0
1651 59 14464 0 0
1652 59 14313 0 0
1653 59 14429 0 0
1654 59 14505 0 0
1655 59 14523 0 0
1656 58 14356 0 0
1657 58 14425 0 1
1658 58 14488 0 1
1659 57 14356 0 1
1660 57 14342 0 1
1661 57 14282 0 1
1662 57 14380 0 1
1663 57 14450 0 1
1664 56 14372 0 1
1665 56 14394 0 1
1666 56 14427 0 1
1667 55 14237 0 1
1668 56 14330 0 1
1669 57 14395 0 1
1670 58 14488 0 1
1671 58 14457 0 1
1672 58 14556 0 1
1673 57 14431 0 1
1674 57 14565 0 1
1675 55 14189 0 1
1676 56 14402 0 1
1677 57 14554 0 1
1678 57 14473 0 1
1679 57 14439 0 1
1680 57 14452 0 1
1681 56 14235 0 1
1682 56 14319 0 1
1683 57 14581 0 1
1684 56 14192 0 1
1685 57 14447 0 1
1686 57 14420 0 1
1687 58 14573 0 1
1688 57 14302 0 1
1689 57 14301 0 1
1690 57 14257 0 1
1691 58 14548 0 1
1692 58 14484 0 1
1693 58 14544 0 1
1694 58 14395 0 1
1695 58 14327 0 0
1696 60 14603 0 0
1697 60 14357 0 0
1698 61 14435 0 0
1699 61 14450 0 0
1700 62 14589 0 0
1701 62 14532 0 0
1702 62 14470 0 0
1703 62 14321 0 0
1704 62 14440 0 0
1705 62 14389 0 0
1706 62 14508 0 0
1707 62 14475 0 0
1708 60 14177 0 0
1709 61 14515 0 0
1710 60 14207 0 0
1711 61 14404 0 0
1712 61 14373 0 0
1713 61 14356 0 0
1714 60 14251 0 0
1715 60 14398 0 0
1716 59 14202 0 0
1717 59 14292 0 0
1718 59 14370 0 0
1719 58 14214 0 0
1720 59 14520 0 0
1721 58 14191 0 0
1722 58 14421 0 1
1723 58 14367 0 0
1724 57 14255 0 1
1725 57 14307 0 1
1726 58 14548 0 1
1727 57 14253 0 1
1728 58 14470 0 1
1729 58 14551 0 1
1730 57 14304 0 1
1731 58 14576 0 1
1732 57 14337 0 1
1733 57 14570 0 1
1734 57 14542 0 1
1735 55 14266 0 1
1736 56 14539 0 1
1737 55 14311 0 1
1738 55 14293 0 1
1739 56 14538 0 1
1740 56 14590 0 1
1741 55 14233 0 1
1742 56 14407 0 1
1743 56 14335 0 1
1744 57 14525 0 1
1745 57 14406 0 1
1746 57 14416 0 1
1747 57 14330 0 1
1748 57 14306 0 1
1749 58 14527 0 1
1750 58 14445 0 1
1751 58 14382 0 1
1752 58 14241 0 0
1753 59 14438 0 0
1754 59 14345 0 0
1755 60 14487 0 0
1756 59 14234 0 0
1757 59 14300 0 0
1758 59 14293 0 0
1759 60 14551 0 0
1760 60 14538 0 0
1761 60 14516 0 0
1762 59 14331 0 0
1763 59 14392 0 0
1764 59 14496 0 0
1765 58 14313 0 0
1766 58 14455 0 1
1767 57 14318 0 1
1768 58 14605 0 1
1769 57 14339 0 1
