block n60 sum_rr60 bad60 hold drowsy alert
0 5 938 1 1 0 0
1 12 2187 1 1 0 0
2 18 3293 1 1 0 0
3 24 4466 1 1 0 0
4 30 5631 1 1 0 0
5 37 6986 1 1 0 0
6 42 8052 1 1 0 0
7 48 9227 1 1 0 0
8 55 10562 1 1 0 0
9 61 11782 1 1 0 0
10 66 12809 1 1 0 0
11 72 14005 1 1 0 0
12 73 14335 0 1 0 0
13 73 14409 0 1 0 0
14 73 14476 0 1 0 0
15 73 14536 0 1 0 0
16 73 14541 0 1 0 0
17 71 14251 0 1 0 0
18 72 14498 0 1 0 0
19 71 14395 0 1 0 0
20 70 14340 0 1 0 0
21 70 14312 0 1 0 0
22 71 14475 0 1 0 0
23 72 14578 0 1 0 0
24 71 14332 0 1 0 0
25 70 14227 0 1 0 0
26 70 14263 0 1 0 0
27 71 14397 0 1 0 0
28 70 14247 0 1 0 0
29 72 14558 0 1 0 0
30 72 14403 0 1 0 0
31 73 14462 0 1 0 0
32 73 14439 0 1 0 0
33 73 14474 0 1 0 0
34 72 14339 0 1 0 0
35 71 14306 0 1 0 0
36 72 14464 0 0 0 0
37 72 14467 0 0 0 0
38 73 14556 0 0 0 0
39 72 14371 0 0 0 0
40 73 14488 0 0 0 0
41 72 14271 0 0 0 0
42 73 14413 0 0 0 0
43 72 14380 0 0 0 0
44 72 14343 0 0 0 0
45 72 14332 0 0 0 0
46 73 14534 0 0 0 0
47 73 14462 0 0 0 0
48 73 14442 0 0 0 0
49 73 14412 0 0 0 0
50 72 14262 0 0 0 0
51 73 14408 0 0 0 0
52 73 14412 0 0 0 0
53 73 14395 0 0 0 0
54 72 14299 0 0 0 0
55 73 14371 0 0 0 0
56 73 14360 0 0 0 0
57 73 14311 0 0 0 0
58 74 14431 0 0 0 0
59 74 14373 0 0 0 0
60 74 14417 0 0 0 0
61 74 14442 0 0 0 0
62 74 14476 0 0 0 0
63 73 14351 0 0 0 0
64 73 14334 0 0 0 0
65 73 14363 0 0 0 0
66 73 14362 0 0 0 0
67 74 14559 0 0 0 0
68 74 14510 0 0 0 0
69 75 14584 0 0 0 0
70 74 14331 0 0 0 0
71 74 14328 0 0 0 0
72 75 14400 0 0 0 0
73 76 14448 0 0 0 0
74 76 14379 0 0 0 0
75 77 14456 0 0 0 0
76 77 14501 0 0 0 0
77 77 14465 0 0 0 0
78 77 14435 0 0 0 0
79 76 14298 0 0 0 0
80 76 14382 0 0 0 0
81 75 14377 0 0 0 0
82 74 14286 0 0 0 0
83 74 14371 0 0 0 0
84 73 14308 0 0 0 0
85 72 14245 0 0 0 0
86 72 14386 0 0 0 0
87 71 14301 0 0 0 0
88 71 14287 0 0 0 0
89 71 14362 0 0 0 0
90 72 14528 0 0 0 0
91 72 14484 0 0 0 0
92 72 14398 0 0 0 0
93 72 14279 0 0 0 0
94 74 14593 0 0 0 0
95 74 14492 0 0 0 0
96 74 14459 0 0 0 0
97 75 14543 0 0 0 0
98 75 14416 0 0 0 0
99 75 14381 0 0 0 0
100 76 14510 0 0 0 0
101 76 14478 0 0 0 0
102 75 14269 0 0 0 0
103 75 14260 0 0 0 0
104 75 14342 0 0 0 0
105 75 14372 0 0 0 0
106 75 14375 0 0 0 0
107 75 14467 0 0 0 0
108 75 14446 0 0 0 0
109 74 14310 0 0 0 0
110 74 14332 0 0 0 0
111 74 14351 0 0 0 0
112 73 14278 0 0 0 0
113 74 14472 0 0 0 0
114 74 14466 0 0 0 0
115 74 14505 0 0 0 0
116 74 14489 0 0 0 0
117 74 14540 0 0 0 0
118 73 14363 0 0 0 0
119 73 14302 0 0 0 0
120 73 14287 0 0 0 0
121 74 14445 0 0 0 0
122 74 14392 0 0 0 0
123 75 14500 0 0 0 0
124 76 14509 0 0 0 0
125 75 14262 0 0 0 0
126 76 14467 0 0 0 0
127 76 14405 0 0 0 0
128 76 14368 0 0 0 0
129 76 14408 0 0 0 0
130 75 14268 0 0 0 0
131 75 14332 0 0 0 0
132 75 14410 0 0 0 0
133 75 14436 0 0 0 0
134 75 14542 0 0 0 0
135 74 14379 0 0 0 0
136 73 14310 0 0 0 0
137 74 14478 0 0 0 0
138 74 14387 0 0 0 0
139 74 14330 0 0 0 0
140 74 14320 0 0 0 0
141 75 14386 0 0 0 0
142 76 14474 0 0 0 0
143 77 14544 0 0 0 0
144 77 14482 0 0 0 0
145 76 14271 0 0 0 0
146 77 14433 0 0 0 0
147 77 14509 0 0 0 0
148 76 14362 0 0 0 0
149 76 14433 0 0 0 0
150 75 14375 0 0 0 0
151 75 14499 0 0 0 0
152 75 14529 0 0 0 0
153 74 14439 0 0 0 0
154 74 14464 0 0 0 0
155 73 14380 0 0 0 0
156 73 14339 0 0 0 0
157 74 14512 0 0 0 0
158 73 14322 0 0 0 0
159 73 14237 0 0 0 0
160 76 14593 0 0 0 0
161 74 14246 0 0 0 0
162 75 14419 0 0 0 0
163 75 14394 0 0 0 0
164 74 14243 0 0 0 0
165 75 14345 0 0 0 0
166 75 14362 0 0 0 0
167 75 14398 0 0 0 0
168 75 14458 0 0 0 0
169 74 14388 0 0 0 0
170 74 14451 0 0 0 0
171 74 14476 0 0 0 0
172 72 14264 0 0 0 0
173 73 14462 0 0 0 0
174 72 14308 0 0 0 0
175 72 14271 0 0 0 0
176 73 14457 0 0 0 0
177 72 14331 0 0 0 0
178 73 14489 0 0 0 0
179 73 14382 0 0 0 0
180 74 14478 0 0 0 0
181 74 14392 0 0 0 0
182 74 14264 0 0 0 0
183 75 14420 0 0 0 0
184 75 14466 0 0 0 0
185 75 14389 0 0 0 0
186 75 14328 0 0 0 0
187 76 14562 0 0 0 0
188 75 14340 0 0 0 0
189 75 14359 0 0 0 0
190 74 14275 0 0 0 0
191 74 14380 0 0 0 0
192 73 14243 0 0 0 0
193 74 14458 0 0 0 0
194 74 14509 0 0 0 0
195 73 14358 0 0 0 0
196 73 14287 0 0 0 0
197 74 14482 0 0 0 0
198 74 14447 0 0 0 0
199 74 14331 0 0 0 0
200 75 14439 0 0 0 0
201 76 14559 0 0 0 0
202 76 14529 0 0 0 0
203 75 14315 0 0 0 0
204 76 14551 0 0 0 0
205 75 14379 0 0 0 0
206 74 14290 0 0 0 0
207 74 14335 0 0 0 0
208 74 14424 0 0 0 0
209 74 14433 0 0 0 0
210 74 14528 0 0 0 0
211 73 14371 0 0 0 0
212 73 14419 0 0 0 0
213 72 14251 0 0 0 0
214 72 14292 0 0 0 0
215 73 14529 0 0 0 0
216 71 14218 0 0 0 0
217 72 14415 0 0 0 0
218 72 14400 0 0 0 0
219 73 14542 0 0 0 0
220 73 14539 0 0 0 0
221 72 14333 0 0 0 0
222 72 14195 0 0 0 0
223 72 14365 0 0 0 0
224 73 14410 0 0 0 0
225 73 14361 0 0 0 0
226 74 14495 0 0 0 0
227 74 14374 0 0 0 0
228 75 14539 0 0 0 0
229 74 14265 0 0 0 0
230 75 14381 0 0 0 0
231 74 14278 0 0 0 0
232 74 14360 0 0 0 0
233 74 14436 0 0 0 0
234 73 14490 0 0 0 0
235 73 14462 0 0 0 0
236 72 14449 0 0 0 0
237 72 14567 0 0 0 0
238 71 14347 0 0 0 0
239 71 14442 0 0 0 0
240 71 14420 0 0 0 0
241 71 14497 0 0 0 0
242 71 14582 0 0 0 0
243 70 14357 0 0 0 0
244 70 14266 0 0 0 0
245 70 14356 0 0 0 0
246 70 14344 0 0 0 0
247 71 14429 0 0 0 0
248 71 14452 0 0 0 0
249 71 14340 0 0 0 0
250 71 14375 0 0 0 0
251 71 14327 0 0 0 0
252 72 14417 0 0 0 0
253 72 14209 1 0 0 0
254 71 14001 1 0 0 0
255 73 14377 1 0 0 0
256 72 14209 1 0 0 0
257 72 14111 1 0 0 0
258 74 14374 1 0 0 0
259 73 14209 1 0 0 0
260 73 14085 1 0 0 0
261 74 14253 1 0 0 0
262 74 14141 1 0 0 0
263 75 14256 1 0 0 0
264 75 14220 1 0 0 0
265 75 14371 0 0 0 0
266 76 14442 0 0 0 0
267 75 14251 0 0 0 0
268 76 14459 0 0 0 0
269 76 14444 0 0 0 0
270 75 14374 0 0 0 0
271 75 14365 0 0 0 0
272 75 14430 0 0 0 0
273 74 14410 0 0 0 0
274 74 14477 0 0 0 0
275 73 14319 0 0 0 0
276 72 14281 0 0 0 0
277 72 14379 0 0 0 0
278 72 14375 0 0 0 0
279 73 14559 0 0 0 0
280 73 14499 0 0 0 0
281 74 14542 0 0 0 0
282 72 14101 1 0 0 0
283 72 14211 1 0 0 0
284 71 14079 1 0 0 0
285 71 14165 1 0 0 0
286 70 14069 1 0 0 0
287 70 14157 1 0 0 0
288 70 14191 1 0 0 0
289 70 14136 1 0 0 0
290 71 14308 1 0 0 0
291 70 14100 1 0 0 0
292 70 14084 1 0 0 0
293 69 14093 1 0 0 0
294 71 14463 0 0 0 0
295 71 14340 0 0 0 0
296 72 14470 0 0 0 0
297 72 14333 0 0 0 0
298 74 14598 0 0 0 0
299 74 14495 0 0 0 0
300 74 14452 0 0 0 0
301 74 14440 0 0 0 0
302 74 14447 0 0 0 0
303 73 14394 0 0 0 0
304 73 14458 0 0 0 0
305 72 14270 0 0 0 0
306 72 14275 0 0 0 0
307 72 14317 0 0 0 0
308 72 14494 0 0 0 0
309 71 14353 0 0 0 0
310 70 14288 0 0 0 0
311 70 14435 0 0 0 0
312 70 14365 0 0 0 0
313 70 14457 0 0 0 0
314 69 14310 0 0 0 0
315 70 14489 0 0 0 0
316 69 14302 0 0 0 0
317 70 14489 0 0 0 0
318 70 14502 0 0 0 0
319 70 14547 0 0 0 0
320 69 14265 0 0 0 0
321 70 14480 0 0 0 0
322 70 14491 0 0 0 0
323 69 14283 0 0 0 0
324 69 14348 0 0 0 0
325 69 14272 0 0 0 0
326 70 14479 0 0 0 0
327 71 14409 0 0 0 0
328 72 14503 0 0 0 0
329 72 14512 0 0 0 0
330 72 14434 0 0 0 0
331 72 14426 0 0 0 0
332 72 14423 0 0 0 0
333 72 14307 0 0 0 0
334 72 14240 0 0 0 0
335 74 14545 0 0 0 0
336 74 14492 0 0 0 0
337 74 14501 0 0 0 0
338 73 14306 0 0 0 0
339 72 14266 0 0 0 0
340 72 14290 0 0 0 0
341 72 14279 0 0 0 0
342 72 14328 0 0 0 0
343 72 14318 0 0 0 0
344 74 14516 0 0 0 0
345 74 14472 0 0 0 0
346 74 14528 0 0 0 0
347 73 14394 0 0 0 0
348 72 14261 0 0 0 0
349 73 14468 0 0 0 0
350 73 14445 0 0 0 0
351 73 14476 0 0 0 0
352 73 14527 0 0 0 0
353 73 14532 0 0 0 0
354 72 14380 0 0 0 0
355 72 14312 0 0 0 0
356 72 14389 0 0 0 0
357 71 14307 0 0 0 0
358 71 14307 0 0 0 0
359 70 14217 0 0 0 0
360 71 14507 0 0 0 0
361 69 14218 0 0 0 0
362 69 14418 0 0 0 0
363 68 14249 0 0 0 0
364 68 14314 0 0 0 0
365 68 14264 0 0 0 0
366 69 14465 0 0 0 0
367 69 14549 0 0 0 0
368 68 14422 0 0 1 1
369 69 14448 0 0 0 0
370 69 14434 0 0 0 0
371 70 14470 0 0 0 0
372 70 14480 0 0 0 0
373 71 14541 0 0 0 0
374 71 14437 0 0 0 0
375 72 14598 0 0 0 0
376 72 14509 0 0 0 0
377 72 14452 0 0 0 0
378 73 14380 0 0 0 0
379 73 14296 0 0 0 0
380 74 14384 0 0 0 0
381 74 14451 0 0 0 0
382 73 14311 0 0 0 0
383 73 14378 0 0 0 0
384 73 14402 0 0 0 0
385 72 14290 0 0 0 0
386 72 14341 0 0 0 0
387 72 14389 0 0 0 0
388 71 14253 0 0 0 0
389 71 14387 0 0 0 0
390 70 14426 0 0 0 0
391 70 14516 0 0 0 0
392 69 14385 0 0 0 0
393 69 14484 0 0 0 0
394 70 14546 0 0 0 0
395 70 14471 0 0 0 0
396 70 14336 0 0 0 0
397 71 14454 0 0 0 0
398 71 14370 0 0 0 0
399 71 14399 0 0 0 0
400 72 14529 0 0 0 0
401 71 14320 0 0 0 0
402 71 14431 0 0 0 0
403 71 14423 0 0 0 0
404 71 14405 0 0 0 0
405 71 14323 0 0 0 0
406 71 14436 0 0 0 0
407 70 14290 0 0 0 0
408 70 14287 0 0 0 0
409 70 14341 0 0 0 0
410 70 14354 0 0 0 0
411 70 14338 0 0 0 0
412 70 14389 0 0 0 0
413 71 14528 0 0 0 0
414 71 14438 0 0 0 0
415 71 14386 0 0 0 0
416 71 14436 0 0 0 0
417 70 14318 0 0 0 0
418 70 14333 0 0 0 0
419 71 14574 0 0 0 0
420 70 14402 0 0 0 0
421 71 14528 0 0 0 0
422 72 14523 0 0 0 0
423 71 14348 0 0 0 0
424 71 14314 0 0 0 0
425 72 14406 0 0 0 0
426 71 14212 0 0 0 0
427 72 14409 0 0 0 0
428 72 14387 0 0 0 0
429 73 14512 0 0 0 0
430 73 14371 0 0 0 0
431 74 14385 0 0 0 0
432 75 14534 0 0 0 0
433 74 14327 0 0 0 0
434 74 14385 0 0 0 0
435 75 14434 0 0 0 0
436 75 14285 1 0 0 0
437 73 14123 1 0 0 0
438 74 14244 1 0 0 0
439 73 14159 1 0 0 0
440 72 13997 1 0 0 0
441 72 14052 1 0 0 0
442 72 14158 1 0 0 0
443 71 14146 1 0 0 0
444 71 14143 1 0 0 0
445 71 14152 1 0 0 0
446 71 14177 1 0 0 0
447 71 14264 1 0 0 0
448 70 14224 0 0 0 0
449 71 14368 0 0 0 0
450 71 14452 0 0 0 0
451 71 14378 0 0 0 0
452 71 14406 0 0 0 0
453 71 14477 0 0 0 0
454 71 14383 0 0 0 0
455 71 14335 0 0 0 0
456 71 14308 0 0 0 0
457 72 14510 0 0 0 0
458 71 14419 0 0 0 0
459 70 14230 0 0 0 0
460 71 14441 0 0 0 0
461 71 14376 0 0 0 0
462 71 14333 0 0 0 0
463 71 14336 0 0 0 0
464 72 14531 0 0 0 0
465 72 14446 0 0 0 0
466 72 14457 0 0 0 0
467 72 14435 0 0 0 0
468 71 14366 0 0 0 0
469 70 14305 0 0 0 0
470 70 14342 0 0 0 0
471 70 14354 0 0 0 0
472 70 14400 0 0 0 0
473 70 14355 0 0 0 0
474 70 14339 0 0 0 0
475 71 14393 0 0 0 0
476 71 14301 0 0 0 0
477 73 14424 0 0 0 0
478 72 14291 0 0 0 0
479 72 14431 0 0 0 0
480 72 14401 0 0 0 0
481 72 14384 0 0 0 0
482 72 14391 0 0 0 0
483 73 14567 0 0 0 0
484 73 14502 0 0 0 0
485 73 14543 0 0 0 0
486 73 14532 0 0 0 0
487 72 14480 0 0 0 0
488 72 14525 0 0 0 0
489 70 14339 0 0 0 0
490 71 14488 0 0 0 0
491 71 14320 0 0 0 0
492 72 14451 0 0 0 0
493 72 14345 0 0 0 0
494 72 14338 0 0 0 0
495 73 14444 0 0 0 0
496 72 14369 0 0 0 0
497 72 14380 0 0 0 0
498 72 14389 0 0 0 0
499 71 14243 0 0 0 0
500 72 14392 0 0 0 0
501 72 14312 0 0 0 0
502 73 14469 0 0 0 0
503 73 14377 0 0 0 0
504 74 14332 1 0 0 0
505 73 14248 1 0 0 0
506 74 14308 1 0 0 0
507 72 14022 1 0 0 0
508 73 14128 1 0 0 0
509 73 14122 1 0 0 0
510 73 14120 1 0 0 0
511 74 14293 1 0 0 0
512 73 14183 1 0 0 0
513 73 14325 1 0 0 0
514 71 14080 1 0 0 0
515 72 14331 1 0 0 0
516 70 14216 0 0 0 0
517 71 14412 0 0 0 0
518 70 14292 0 0 0 0
519 71 14458 0 0 0 0
520 71 14427 0 0 0 0
521 71 14454 0 0 0 0
522 70 14369 0 0 0 0
523 70 14302 0 0 0 0
524 70 14296 0 0 0 0
525 70 14362 0 0 0 0
526 71 14491 0 0 0 0
527 70 14359 0 0 0 0
528 71 14547 0 0 0 0
529 70 14319 0 0 0 0
530 70 14403 0 0 0 0
531 70 14489 0 0 0 0
532 70 14465 0 0 0 0
533 69 14343 0 0 0 0
534 70 14369 0 0 0 0
535 70 14459 0 0 0 0
536 70 14480 0 0 0 0
537 70 14435 0 0 0 0
538 69 14267 0 0 0 0
539 70 14376 0 0 0 0
540 69 14255 0 0 0 0
541 69 14356 0 0 0 0
542 69 14378 0 0 0 0
543 70 14385 0 0 0 0
544 70 14440 0 0 0 0
545 70 14320 0 0 0 0
546 70 14500 0 0 0 0
547 70 14389 0 0 0 0
548 70 14122 1 0 0 0
549 70 14191 1 0 0 0
550 70 14211 1 0 0 0
551 69 14170 1 0 0 0
552 69 14199 1 0 0 0
553 70 14301 1 0 0 0
554 70 14247 1 0 0 0
555 69 14183 1 0 0 0
556 68 14065 1 0 0 0
557 69 14225 1 0 0 0
558 69 14198 1 0 0 0
559 69 14132 1 0 0 0
560 69 14370 0 0 0 0
561 69 14363 0 0 0 0
562 70 14489 0 0 0 0
563 70 14418 0 0 0 0
564 71 14512 0 0 0 0
565 70 14348 0 0 0 0
566 70 14353 0 0 0 0
567 70 14270 0 0 0 0
568 71 14317 0 0 0 0
569 72 14559 0 0 0 0
570 71 14336 0 0 0 0
571 71 14493 0 0 0 0
572 71 14519 0 0 0 0
573 71 14417 0 0 0 0
574 71 14435 0 0 0 0
575 70 14397 0 0 0 0
576 70 14388 0 0 0 0
577 71 14382 0 0 0 0
578 71 14403 0 0 0 0
579 71 14512 0 0 0 0
580 71 14555 0 0 0 0
581 69 14218 0 0 0 0
582 71 14509 0 0 0 0
583 71 14253 0 0 0 0
584 71 14306 0 0 0 0
585 71 14395 0 0 0 0
586 71 14248 0 0 0 0
587 72 14367 0 0 0 0
588 72 14386 0 0 0 0
589 72 14495 0 0 0 0
590 72 14469 0 0 0 0
591 72 14409 0 0 0 0
592 72 14346 0 0 0 0
593 73 14471 0 0 0 0
594 72 14363 0 0 0 0
595 72 14492 0 0 0 0
596 72 14419 0 0 0 0
597 72 14361 0 0 0 0
598 72 14474 0 0 0 0
599 71 14357 0 0 0 0
600 71 14359 0 0 0 0
601 71 14372 0 0 0 0
602 71 14376 0 0 0 0
603 71 14370 0 0 0 0
604 71 14393 0 0 0 0
605 71 14452 0 0 0 0
606 71 14409 0 0 0 0
607 71 14468 0 0 0 0
608 71 14476 0 0 0 0
609 70 14301 0 0 0 0
610 70 14369 0 0 0 0
611 71 14373 0 0 0 0
612 71 14316 0 0 0 0
613 72 14488 0 0 0 0
614 72 14437 0 0 0 0
615 72 14425 0 0 0 0
616 72 14419 0 0 0 0
617 72 14328 0 0 0 0
618 72 14252 0 0 0 0
619 72 14310 0 0 0 0
620 73 14428 0 0 0 0
621 75 14572 0 0 0 0
622 75 14496 0 0 0 0
623 75 14566 0 0 0 0
624 75 14479 0 0 0 0
625 74 14327 0 0 0 0
626 74 14348 0 0 0 0
627 73 14330 0 0 0 0
628 72 14322 0 0 0 0
629 71 14344 0 0 0 0
630 71 14532 0 0 0 0
631 70 14341 0 0 0 0
632 69 14349 0 0 0 0
633 68 14387 0 0 1 1
634 67 14315 0 0 1 0
635 67 14374 0 0 1 0
636 67 14515 0 0 1 0
637 66 14292 0 0 1 0
638 66 14342 0 0 1 0
639 67 14413 0 0 1 1
640 68 14486 0 0 1 0
641 69 14578 0 0 0 0
642 68 14312 0 0 0 0
643 69 14472 0 0 0 0
644 69 14442 0 0 0 0
645 69 14414 0 0 0 0
646 70 14423 0 0 0 0
647 70 14279 0 0 0 0
648 71 14330 0 0 0 0
649 73 14574 0 0 0 0
650 73 14391 0 0 0 0
651 73 14401 0 0 0 0
652 72 14281 0 0 0 0
653 72 14365 0 0 0 0
654 72 14392 0 0 0 0
655 72 14381 0 0 0 0
656 72 14304 0 0 0 0
657 72 14332 0 0 0 0
658 72 14422 0 0 0 0
659 72 14472 0 0 0 0
660 71 14459 0 0 0 0
661 69 14287 0 0 0 0
662 69 14486 0 0 0 0
663 68 14332 0 0 0 0
664 69 14493 0 0 0 0
665 69 14303 0 0 0 0
666 70 14449 0 0 0 0
667 70 14471 0 0 0 0
668 70 14469 0 0 0 0
669 69 14315 0 0 0 0
670 69 14360 0 0 0 0
671 69 14436 0 0 0 0
672 68 14234 0 0 0 0
673 70 14506 0 0 0 0
674 69 14415 0 0 0 0
675 69 14460 0 0 0 0
676 69 14375 0 0 0 0
677 69 14516 0 0 0 0
678 68 14337 0 0 0 0
679 68 14416 0 0 1 1
680 67 14271 0 0 1 0
681 68 14426 0 0 1 0
682 67 14329 0 0 1 0
683 67 14267 0 0 1 0
684 69 14556 0 0 0 0
685 67 14236 0 0 1 1
686 68 14419 0 0 1 0
687 68 14436 0 0 1 0
688 67 14385 0 0 1 0
689 67 14415 0 0 1 0
690 67 14433 0 0 1 0
691 67 14372 0 0 1 1
692 68 14534 0 0 1 0
693 68 14513 0 0 1 0
694 69 14538 0 0 0 0
695 69 14561 0 0 0 0
696 67 14293 0 0 1 0
697 67 14392 0 0 1 1
698 67 14350 0 0 1 0
699 68 14475 0 0 1 0
700 68 14415 0 0 1 0
701 68 14248 0 0 0 0
702 69 14446 0 0 0 0
703 69 14367 0 0 0 0
704 70 14417 0 0 0 0
705 68 14187 0 0 0 0
706 68 14397 0 0 1 1
707 67 14240 0 0 1 0
708 68 14515 0 0 1 0
709 68 14484 0 0 1 0
710 68 14409 0 0 1 0
711 67 14175 0 0 1 0
712 68 14486 0 0 1 1
713 67 14373 0 0 1 0
714 67 14503 0 0 1 0
715 67 14524 0 0 1 0
716 66 14335 0 0 1 0
717 68 14615 0 0 1 0
718 67 14361 0 0 1 1
719 67 14466 0 0 1 0
720 66 14303 0 0 1 0
721 66 14336 0 0 1 0
722 66 14431 0 0 1 0
723 66 14456 0 0 1 0
724 66 14366 0 0 1 1
725 66 14419 0 0 1 0
726 66 14306 0 0 1 0
727 66 14387 0 0 1 0
728 65 14381 0 0 1 0
729 65 14428 0 0 1 0
730 65 14366 0 0 1 1
731 66 14490 0 0 1 0
732 66 14355 0 0 1 0
733 67 14551 0 0 1 0
734 66 14250 0 0 1 0
735 67 14408 0 0 1 0
736 67 14370 0 0 1 1
737 68 14533 0 0 1 0
738 67 14321 0 0 1 0
739 67 14270 0 0 1 0
740 69 14444 0 0 0 0
741 69 14381 0 0 0 0
742 70 14489 0 0 0 0
743 69 14220 0 0 0 0
744 70 14383 0 0 0 0
745 70 14327 0 0 0 0
746 71 14533 0 0 0 0
747 70 14403 0 0 0 0
748 70 14406 0 0 0 0
749 70 14418 0 0 0 0
750 71 14545 0 0 0 0
751 70 14386 0 0 0 0
752 69 14378 0 0 0 0
753 68 14210 0 0 0 0
754 68 14308 0 0 0 0
755 69 14536 0 0 0 0
756 68 14372 0 0 0 0
757 68 14436 0 0 1 1
758 67 14281 0 0 1 0
759 68 14481 0 0 1 0
760 67 14338 0 0 1 0
761 67 14417 0 0 1 0
762 66 14353 0 0 1 0
763 66 14362 0 0 1 1
764 66 14400 0 0 1 0
765 66 14480 0 0 1 0
766 66 14350 0 0 1 0
767 66 14367 0 0 1 0
768 66 14397 0 0 1 0
769 66 14347 0 0 1 1
770 67 14505 0 0 1 0
771 67 14422 0 0 1 0
772 68 14567 0 0 1 0
773 67 14254 0 0 1 0
774 68 14355 0 0 0 0
775 69 14534 0 0 0 0
776 69 14444 0 0 0 0
777 70 14468 0 0 0 0
778 70 14572 0 0 0 0
779 69 14403 0 0 0 0
780 69 14418 0 0 0 0
781 69 14473 0 0 0 0
782 68 14364 0 0 0 0
783 67 14232 0 0 1 1
784 67 14316 0 0 1 0
785 68 14501 0 0 1 0
786 68 14492 0 0 1 0
787 68 14425 0 0 1 0
788 67 14224 0 0 1 0
789 67 14404 0 0 1 1
790 67 14360 0 0 1 0
791 67 14388 0 0 1 0
792 68 14557 0 0 1 0
793 67 14331 0 0 1 0
794 67 14321 0 0 1 0
795 68 14556 0 0 1 1
796 67 14354 0 0 1 0
797 66 14237 0 0 1 0
798 66 14305 0 0 1 0
799 66 14359 0 0 1 0
800 67 14604 0 0 1 0
801 66 14303 0 0 1 1
802 66 14250 0 0 1 0
803 68 14443 0 0 1 0
804 68 14315 0 0 0 0
805 71 14513 0 0 0 0
806 71 14462 0 0 0 0
807 70 14367 0 0 0 0
808 71 14526 0 0 0 0
809 71 14602 0 0 0 0
810 70 14523 0 0 0 0
811 69 14410 0 0 0 0
812 68 14262 0 0 0 0
813 69 14546 0 0 0 0
814 68 14425 0 0 1 1
815 67 14387 0 0 1 0
816 67 14410 0 0 1 0
817 65 14371 0 0 1 0
818 66 14521 0 0 1 0
819 66 14327 0 0 1 0
820 66 14296 0 0 1 1
821 67 14327 0 0 1 0
822 68 14379 0 0 0 0
823 68 14310 0 0 0 0
824 69 14442 0 0 0 0
825 69 14370 0 0 0 0
826 70 14558 0 0 0 0
827 69 14287 0 0 0 0
828 69 14338 0 0 0 0
829 69 14268 0 0 0 0
830 69 14346 0 0 0 0
831 69 14378 0 0 0 0
832 69 14451 0 0 0 0
833 68 14303 0 0 0 0
834 69 14411 0 0 0 0
835 69 14411 0 0 0 0
836 69 14336 0 0 0 0
837 69 14353 0 0 0 0
838 68 14302 0 0 0 0
839 68 14411 0 0 1 1
840 68 14540 0 0 1 0
841 67 14451 0 0 1 0
842 66 14277 0 0 1 0
843 67 14515 0 0 1 0
844 66 14320 0 0 1 0
845 66 14355 0 0 1 1
846 65 14339 0 0 1 0
847 66 14475 0 0 1 0
848 66 14487 0 0 1 0
849 66 14416 0 0 1 0
850 67 14254 1 0 1 0
851 67 14207 1 0 1 1
852 66 13987 1 0 1 0
853 67 13999 2 0 0 0
854 67 13894 2 0 0 0
855 67 13872 2 0 0 0
856 69 13992 2 0 0 0
857 69 13835 3 0 0 0
858 68 13574 3 0 0 0
859 68 13691 3 0 0 0
860 67 13619 3 0 0 0
861 67 13720 3 0 0 0
862 66 13852 2 0 0 0
863 66 13947 2 0 0 0
864 67 14080 2 0 0 0
865 66 14094 1 0 1 1
866 66 14226 1 0 1 0
867 66 14325 1 0 1 0
868 64 14161 1 0 1 0
869 65 14447 0 0 1 0
870 66 14534 0 0 1 0
871 66 14440 0 0 1 1
872 66 14419 0 0 1 0
873 66 14395 0 0 1 0
874 66 14300 0 0 1 0
875 67 14522 0 0 1 0
876 66 14367 0 0 1 0
877 66 14332 0 0 1 1
878 66 14340 0 0 1 0
879 65 14169 0 0 1 0
880 66 14444 0 0 1 0
881 65 14333 0 0 1 0
882 64 14269 0 0 1 0
883 64 14424 0 0 1 1
884 64 14432 0 0 1 0
885 63 14294 0 0 1 0
886 64 14445 0 0 1 0
887 64 14272 0 0 1 0
888 66 14418 0 0 1 0
889 67 14474 0 0 1 1
890 68 14477 0 0 1 0
891 69 14452 0 0 0 0
892 69 14367 0 0 0 0
893 70 14481 0 0 0 0
894 71 14463 0 0 0 0
895 70 14238 0 0 0 0
896 72 14449 0 0 0 0
897 73 14454 0 0 0 0
898 72 14392 0 0 0 0
899 72 14476 0 0 0 0
900 70 14356 0 0 0 0
901 69 14316 0 0 0 0
902 69 14463 0 0 0 0
903 68 14402 0 0 1 1
904 67 14305 0 0 1 0
905 66 14231 0 0 1 0
906 66 14494 0 0 1 0
907 66 14482 0 0 1 0
908 64 14284 0 0 1 0
909 64 14385 0 0 1 1
910 65 14480 0 0 1 0
911 65 14445 0 0 1 0
912 65 14331 0 0 1 0
913 66 14602 0 0 1 0
914 65 14451 0 0 1 0
915 65 14396 0 0 1 1
916 66 14497 0 0 1 0
917 67 14602 0 0 1 0
918 66 14267 0 0 1 0
919 67 14479 0 0 1 0
920 68 14501 0 0 1 0
921 67 14341 0 0 1 1
922 67 14414 0 0 1 0
923 67 14244 0 0 1 0
924 67 14405 0 0 1 0
925 67 14357 0 0 1 0
926 67 14236 0 0 1 0
927 68 14480 0 0 1 1
928 68 14394 0 0 1 0
929 68 14416 0 0 1 0
930 68 14545 0 0 1 0
931 67 14276 0 0 1 0
932 66 14355 0 0 1 0
933 66 14419 0 0 1 1
934 66 14444 0 0 1 0
935 65 14532 0 0 1 0
936 65 14426 0 0 1 0
937 65 14427 0 0 1 0
938 65 14443 0 0 1 0
939 65 14376 0 0 1 1
940 65 14463 0 0 1 0
941 64 14336 0 0 1 0
942 64 14316 0 0 1 0
943 64 14400 0 0 1 0
944 64 14363 0 0 1 0
945 64 14400 0 0 1 1
946 64 14401 0 0 1 0
947 64 14369 0 0 1 0
948 64 14442 0 0 1 0
949 63 14242 0 0 1 0
950 64 14551 0 0 1 0
951 63 14416 0 0 1 1
952 62 14232 0 0 1 0
953 64 14455 0 0 1 0
954 64 14328 0 0 1 0
955 65 14398 0 0 1 0
956 67 14534 0 0 1 0
957 67 14420 0 0 1 1
958 67 14426 0 0 1 0
959 67 14383 0 0 1 0
960 68 14489 0 0 1 0
961 69 14559 0 0 0 0
962 69 14375 0 0 0 0
963 70 14422 0 0 0 0
964 70 14454 0 0 0 0
965 69 14369 0 0 0 0
966 69 14481 0 0 0 0
967 68 14381 0 0 0 0
968 67 14413 0 0 1 1
969 67 14469 0 0 1 0
970 66 14305 0 0 1 0
971 66 14317 0 0 1 0
972 66 14370 0 0 1 0
973 65 14307 0 0 1 0
974 64 14279 0 0 1 1
975 63 14286 0 0 1 0
976 64 14543 0 0 1 0
977 63 14315 0 0 1 0
978 63 14337 0 0 1 0
979 63 14392 0 0 1 0
980 62 14234 0 0 1 1
981 63 14479 0 0 1 0
982 63 14373 0 0 1 0
983 64 14527 0 0 1 0
984 63 14288 0 0 1 0
985 64 14489 0 0 1 0
986 64 14455 0 0 1 1
987 64 14391 0 0 1 0
988 64 14318 0 0 1 0
989 64 14346 0 0 1 0
990 65 14570 0 0 1 0
991 65 14560 0 0 1 0
992 65 14426 0 0 1 1
993 65 14386 0 0 1 0
994 65 14474 0 0 1 0
995 65 14442 0 0 1 0
996 65 14522 0 0 1 0
997 64 14286 0 0 1 0
998 65 14488 0 0 1 1
999 65 14502 0 0 1 0
1000 65 14479 0 0 1 0
1001 65 14454 0 0 1 0
1002 65 14306 0 0 1 0
1003 65 14266 0 0 1 0
1004 66 14567 0 0 1 1
1005 65 14361 0 0 1 0
1006 65 14413 0 0 1 0
1007 64 14275 0 0 1 0
1008 64 14303 0 0 1 0
1009 64 14364 0 0 1 0
1010 64 14394 0 0 1 1
1011 64 14457 0 0 1 0
1012 63 14313 0 0 1 0
1013 63 14329 0 0 1 0
1014 63 14445 0 0 1 0
1015 63 14386 0 0 1 0
1016 63 14357 0 0 1 1
1017 63 14361 0 0 1 0
1018 64 14398 0 0 1 0
1019 64 14381 0 0 1 0
1020 65 14425 0 0 1 0
1021 66 14566 0 0 1 0
1022 65 14419 0 0 1 1
1023 65 14445 0 0 1 0
1024 65 14446 0 0 1 0
1025 65 14546 0 0 1 0
1026 64 14350 0 0 1 0
1027 65 14537 0 0 1 0
1028 64 14261 0 0 1 1
1029 65 14390 0 0 1 0
1030 64 14242 0 0 1 0
1031 65 14481 0 0 1 0
1032 64 14379 0 0 1 0
1033 64 14373 0 0 1 0
1034 64 14191 0 0 1 1
1035 65 14319 0 0 1 0
1036 66 14405 0 0 1 0
1037 67 14452 0 0 1 0
1038 67 14432 0 0 1 0
1039 67 14397 0 0 1 0
1040 67 14405 0 0 1 1
1041 68 14433 0 0 1 0
1042 70 14560 0 0 0 0
1043 70 14287 0 0 0 0
1044 71 14400 0 0 0 0
1045 71 14367 0 0 0 0
1046 71 14578 0 0 0 0
1047 71 14434 0 0 0 0
1048 70 14386 0 0 0 0
1049 69 14377 0 0 0 0
1050 69 14451 0 0 0 0
1051 68 14422 0 0 1 1
1052 68 14568 0 0 1 0
1053 66 14469 0 0 1 0
1054 64 14407 0 0 1 0
1055 63 14483 0 0 1 0
1056 62 14352 0 0 1 0
1057 62 14395 0 0 1 1
1058 62 14284 0 0 1 0
1059 62 14415 0 0 1 0
1060 62 14305 0 0 1 0
1061 63 14351 0 0 1 0
1062 63 14284 0 0 1 0
1063 64 14414 0 0 1 1
1064 64 14263 0 0 1 0
1065 64 14232 0 0 1 0
1066 65 14435 0 0 1 0
1067 65 14463 0 0 1 0
1068 65 14499 0 0 1 0
1069 64 14341 0 0 1 1
1070 64 14380 0 0 1 0
1071 64 14401 0 0 1 0
1072 64 14433 0 0 1 0
1073 64 14409 0 0 1 0
1074 64 14347 0 0 1 0
1075 64 14359 0 0 1 1
1076 64 14402 0 0 1 0
1077 64 14391 0 0 1 0
1078 64 14315 0 0 1 0
1079 65 14435 0 0 1 0
1080 65 14350 0 0 1 0
1081 66 14510 0 0 1 1
1082 66 14429 0 0 1 0
1083 66 14408 0 0 1 0
1084 66 14328 0 0 1 0
1085 66 14375 0 0 1 0
1086 67 14568 0 0 1 0
1087 67 14282 0 0 1 1
1088 68 14535 0 0 1 0
1089 68 14462 0 0 1 0
1090 67 14347 0 0 1 0
1091 66 14244 0 0 1 0
1092 66 14398 0 0 1 0
1093 66 14401 0 0 1 1
1094 66 14406 0 0 1 0
1095 66 14305 0 0 1 0
1096 67 14484 0 0 1 0
1097 67 14325 0 0 1 0
1098 67 14323 0 0 1 0
1099 67 14524 0 0 1 1
1100 66 14305 0 0 1 0
1101 67 14487 0 0 1 0
1102 67 14464 0 0 1 0
1103 67 14445 0 0 1 0
1104 67 14374 0 0 1 0
1105 67 14333 0 0 1 1
1106 67 14345 0 0 1 0
1107 67 14439 0 0 1 0
1108 66 14315 0 0 1 0
1109 65 14398 0 0 1 0
1110 65 14499 0 0 1 0
1111 64 14375 0 0 1 1
1112 64 14374 0 0 1 0
1113 64 14432 0 0 1 0
1114 64 14467 0 0 1 0
1115 64 14460 0 0 1 0
1116 64 14482 0 0 1 0
1117 63 14385 0 0 1 1
1118 63 14427 0 0 1 0
1119 63 14486 0 0 1 0
1120 63 14506 0 0 1 0
1121 63 14398 0 0 1 0
1122 63 14266 0 0 1 0
1123 64 14303 0 0 1 1
1124 65 14343 0 0 1 0
1125 66 14373 0 0 1 0
1126 66 14228 0 0 1 0
1127 67 14409 0 0 1 0
1128 67 14410 0 0 1 0
1129 67 14320 0 0 1 1
1130 68 14572 0 0 1 0
1131 67 14327 0 0 1 0
1132 69 14468 0 0 0 0
1133 68 14237 1 0 0 0
1134 67 14161 1 0 0 0
1135 67 14306 1 0 1 1
1136 66 14181 1 0 1 0
1137 65 14108 1 0 1 0
1138 65 14244 1 0 1 0
1139 64 14082 1 0 1 0
1140 64 14096 1 0 1 0
1141 64 14181 1 0 1 1
1142 63 13951 1 0 1 0
1143 64 14096 1 0 1 0
1144 62 13959 1 0 1 0
1145 64 14334 0 0 1 0
1146 65 14489 0 0 1 0
1147 64 14302 0 0 1 1
1148 65 14523 0 0 1 0
1149 64 14376 0 0 1 0
1150 65 14434 0 0 1 0
1151 65 14387 0 0 1 0
1152 66 14522 0 0 1 0
1153 67 14541 0 0 1 1
1154 67 14511 0 0 1 0
1155 66 14320 0 0 1 0
1156 68 14486 0 0 1 0
1157 68 14472 0 0 1 0
1158 68 14411 0 0 1 0
1159 68 14409 0 0 1 1
1160 68 14406 0 0 1 0
1161 68 14324 0 0 0 0
1162 68 14322 0 0 0 0
1163 69 14493 0 0 0 0
1164 68 14307 0 0 0 0
1165 67 14222 0 0 1 1
1166 69 14449 0 0 0 0
1167 70 14532 0 0 0 0
1168 68 14171 1 0 0 0
1169 67 14061 1 0 0 0
1170 67 14121 1 0 0 0
1171 67 14095 1 0 0 0
1172 66 14008 1 0 1 1
1173 66 14128 1 0 1 0
1174 66 14275 1 0 1 0
1175 65 14154 1 0 1 0
1176 65 14180 1 0 1 0
1177 66 14344 1 0 1 0
1178 64 14172 1 0 1 1
1179 63 14129 1 0 1 0
1180 64 14461 0 0 1 0
1181 64 14450 0 0 1 0
1182 64 14438 0 0 1 0
1183 64 14367 0 0 1 0
1184 65 14487 0 0 1 1
1185 65 14412 0 0 1 0
1186 65 14328 0 0 1 0
1187 66 14390 0 0 1 0
1188 66 14354 0 0 1 0
1189 66 14426 0 0 1 0
1190 66 14373 0 0 1 1
1191 66 14423 0 0 1 0
1192 65 14306 0 0 1 0
1193 66 14488 0 0 1 0
1194 65 14354 0 0 1 0
1195 66 14604 0 0 1 0
1196 65 14372 0 0 1 1
1197 66 14521 0 0 1 0
1198 66 14397 0 0 1 0
1199 66 14325 0 0 1 0
1200 67 14424 0 0 1 0
1201 67 14232 0 0 1 0
1202 68 14439 0 0 1 1
1203 68 14458 0 0 1 0
1204 68 14420 0 0 1 0
1205 67 14289 0 0 1 0
1206 68 14450 0 0 1 0
1207 67 14307 0 0 1 0
1208 67 14297 0 0 1 1
1209 67 14432 0 0 1 0
1210 66 14321 0 0 1 0
1211 66 14474 0 0 1 0
1212 65 14429 0 0 1 0
1213 64 14440 0 0 1 0
1214 63 14221 0 0 1 1
1215 64 14413 0 0 1 0
1216 64 14440 0 0 1 0
1217 64 14369 0 0 1 0
1218 64 14341 0 0 1 0
1219 64 14352 0 0 1 0
1220 64 14461 0 0 1 1
1221 64 14440 0 0 1 0
1222 64 14501 0 0 1 0
1223 63 14274 0 0 1 0
1224 64 14447 0 0 1 0
1225 64 14420 0 0 1 0
1226 65 14509 0 0 1 1
1227 64 14269 0 0 1 0
1228 64 14289 0 0 1 0
1229 64 14360 0 0 1 0
1230 64 14483 0 0 1 0
1231 64 14497 0 0 1 0
1232 64 14551 0 0 1 1
1233 63 14328 0 0 1 0
1234 63 14417 0 0 1 0
1235 63 14443 0 0 1 0
1236 62 14240 0 0 1 0
1237 63 14368 0 0 1 0
1238 63 14482 0 0 1 1
1239 63 14446 0 0 1 0
1240 63 14510 0 0 1 0
1241 64 14578 0 0 1 0
1242 63 14345 0 0 1 0
1243 63 14375 0 0 1 0
1244 63 14275 0 0 1 1
1245 63 14355 0 0 1 0
1246 64 14465 0 0 1 0
1247 64 14422 0 0 1 0
1248 64 14451 0 0 1 0
1249 63 14353 0 0 1 0
1250 63 14393 0 0 1 1
1251 63 14466 0 0 1 0
1252 63 14398 0 0 1 0
1253 62 14260 0 0 1 0
1254 62 14290 0 0 1 0
1255 62 14331 0 0 1 0
1256 63 14538 0 0 1 1
1257 63 14493 0 0 1 0
1258 62 14303 0 0 1 0
1259 63 14503 0 0 1 0
1260 64 14558 0 0 1 0
1261 64 14558 0 0 1 0
1262 63 14244 0 0 1 1
1263 65 14309 0 0 1 0
1264 64 14118 1 0 1 0
1265 64 14114 1 0 1 0
1266 65 14182 1 0 1 0
1267 66 14233 1 0 1 0
1268 65 13998 1 0 1 1
1269 66 14149 1 0 1 0
1270 67 14174 1 0 0 0
1271 66 14069 1 0 1 0
1272 65 13973 1 0 1 0
1273 66 14115 1 0 1 0
1274 66 14263 1 0 1 1
1275 64 14180 1 0 1 0
1276 65 14302 0 0 1 0
1277 66 14517 0 0 1 0
1278 65 14321 0 0 1 0
1279 65 14342 0 0 1 0
1280 65 14389 0 0 1 1
1281 65 14328 0 0 1 0
1282 64 14298 0 0 1 0
1283 64 14267 0 0 1 0
1284 65 14455 0 0 1 0
1285 65 14349 0 0 1 0
1286 65 14300 0 0 1 1
1287 65 14256 0 0 1 0
1288 66 14573 0 0 1 0
1289 65 14342 0 0 1 0
1290 65 14476 0 0 1 0
1291 64 14292 0 0 1 0
1292 64 14366 0 0 1 1
1293 64 14470 0 0 1 0
1294 64 14460 0 0 1 0
1295 64 14453 0 0 1 0
1296 63 14330 0 0 1 0
1297 63 14449 0 0 1 0
1298 63 14394 0 0 1 1
1299 64 14495 0 0 1 0
1300 64 14397 0 0 1 0
1301 64 14357 0 0 1 0
1302 65 14490 0 0 1 0
1303 65 14492 0 0 1 0
1304 66 14585 0 0 1 1
1305 65 14080 1 0 1 0
1306 65 14219 1 0 1 0
1307 66 14208 1 0 1 0
1308 66 14094 2 0 1 0
1309 65 13814 2 0 1 0
1310 66 13939 2 0 0 0
1311 65 13855 2 0 1 1
1312 65 13906 2 0 1 0
1313 65 13930 2 0 1 0
1314 65 13956 2 0 1 0
1315 65 13906 2 0 1 0
1316 65 13863 2 0 1 0
1317 65 14105 1 0 1 1
1318 66 14180 1 0 1 0
1319 65 14181 1 0 1 0
1320 66 14393 0 0 1 0
1321 66 14391 0 0 1 0
1322 66 14538 0 0 1 0
1323 66 14471 0 0 1 1
1324 65 14223 0 0 1 0
1325 66 14557 0 0 1 0
1326 65 14280 0 0 1 0
1327 65 14400 0 0 1 0
1328 64 14260 0 0 1 0
1329 65 14553 0 0 1 1
1330 64 14406 0 0 1 0
1331 64 14397 0 0 1 0
1332 63 14266 0 0 1 0
1333 64 14505 0 0 1 0
1334 63 14253 0 0 1 0
1335 63 14346 0 0 1 1
1336 64 14550 0 0 1 0
1337 63 14304 0 0 1 0
1338 64 14373 0 0 1 0
1339 63 14086 1 0 1 0
1340 64 14265 1 0 1 0
1341 63 14038 1 0 1 1
1342 63 14057 1 0 1 0
1343 63 14060 1 0 1 0
1344 64 14303 1 0 1 0
1345 63 14148 1 0 1 0
1346 63 14201 1 0 1 0
1347 63 14178 1 0 1 1
1348 62 14090 1 0 1 0
1349 62 14115 1 0 1 0
1350 61 14110 1 0 1 0
1351 62 14400 0 0 1 0
1352 62 14457 0 0 1 0
1353 62 14420 0 0 1 1
1354 63 14516 0 0 1 0
1355 64 14555 0 0 1 0
1356 64 14372 0 0 1 0
1357 63 14231 0 0 1 0
1358 64 14345 0 0 1 0
1359 65 14408 0 0 1 1
1360 65 14348 0 0 1 0
1361 66 14500 0 0 1 0
1362 66 14486 0 0 1 0
1363 66 14471 0 0 1 0
1364 66 14400 0 0 1 0
1365 66 14363 0 0 1 1
1366 66 14394 0 0 1 0
1367 65 14375 0 0 1 0
1368 64 14348 0 0 1 0
1369 65 14531 0 0 1 0
1370 64 14509 0 0 1 0
1371 63 14442 0 0 1 1
1372 63 14417 0 0 1 0
1373 63 14435 0 0 1 0
1374 63 14398 0 0 1 0
1375 63 14386 0 0 1 0
1376 62 14250 0 0 1 0
1377 62 14362 0 0 1 1
1378 61 14187 0 0 1 0
1379 61 14255 0 0 1 0
1380 62 14405 0 0 1 0
1381 61 14265 0 0 1 0
1382 61 14251 0 0 1 0
1383 62 14481 0 0 1 1
1384 61 14407 0 0 1 0
1385 61 14426 0 0 1 0
1386 61 14500 0 0 1 0
1387 61 14553 0 0 1 0
1388 60 14354 0 0 1 0
1389 60 14402 0 0 1 1
1390 61 14625 0 0 1 0
1391 60 14375 0 0 1 0
1392 60 14435 0 0 1 0
1393 62 14583 0 0 1 0
1394 62 14423 0 0 1 0
1395 62 14279 0 0 1 1
1396 64 14428 0 0 1 0
1397 64 14261 0 0 1 0
1398 65 14167 1 0 1 0
1399 65 14050 1 0 1 0
1400 67 14294 1 0 1 0
1401 68 14224 1 0 0 0
1402 67 14100 1 0 0 0
1403 68 14304 1 0 0 0
1404 67 14017 1 0 0 0
1405 66 14020 1 0 1 1
1406 67 14202 1 0 1 0
1407 66 14111 1 0 1 0
1408 66 14273 1 0 1 0
1409 65 14268 1 0 1 0
1410 64 14264 0 0 1 0
1411 65 14377 0 0 1 1
1412 65 14441 0 0 1 0
1413 65 14510 0 0 1 0
1414 65 14305 0 0 1 0
1415 66 14480 0 0 1 0
1416 66 14508 0 0 1 0
1417 66 14497 0 0 1 1
1418 65 14414 0 0 1 0
1419 66 14619 0 0 1 0
1420 65 14285 0 0 1 0
1421 66 14407 0 0 1 0
1422 67 14501 0 0 1 0
1423 67 14427 0 0 1 1
1424 66 14277 0 0 1 0
1425 66 14369 0 0 1 0
1426 66 14460 0 0 1 0
1427 65 14233 0 0 1 0
1428 66 14467 0 0 1 0
1429 66 14460 0 0 1 1
1430 66 14405 0 0 1 0
1431 66 14380 0 0 1 0
1432 66 14409 0 0 1 0
1433 66 14382 0 0 1 0
1434 66 14412 0 0 1 0
1435 66 14518 0 0 1 1
1436 66 14480 0 0 1 0
1437 66 14367 0 0 1 0
1438 67 14439 0 0 1 0
1439 67 14414 0 0 1 0
1440 68 14418 0 0 1 0
1441 68 14359 0 0 0 0
1442 68 14442 0 0 1 1
1443 67 14236 0 0 1 0
1444 68 14523 0 0 1 0
1445 67 14292 0 0 1 0
1446 67 14433 0 0 1 0
1447 66 14319 0 0 1 0
1448 66 14363 0 0 1 1
1449 65 14336 0 0 1 0
1450 64 14284 0 0 1 0
1451 64 14388 0 0 1 0
1452 62 14218 0 0 1 0
1453 62 14290 0 0 1 0
1454 62 14281 0 0 1 1
1455 63 14580 0 0 1 0
1456 62 14403 0 0 1 0
1457 62 14467 0 0 1 0
1458 62 14403 0 0 1 0
1459 62 14332 0 0 1 0
1460 63 14511 0 0 1 1
1461 64 14463 0 0 1 0
1462 64 14286 1 0 1 0
1463 64 14187 1 0 1 0
1464 65 14295 1 0 1 0
1465 65 14260 1 0 1 0
1466 66 14358 1 0 1 1
1467 65 14170 1 0 1 0
1468 64 13966 1 0 1 0
1469 64 14110 1 0 1 0
1470 63 14007 1 0 1 0
1471 63 14098 1 0 1 0
1472 62 13982 1 0 1 1
1473 61 14025 1 0 1 0
1474 61 14248 0 0 1 0
1475 62 14561 0 0 1 0
1476 61 14406 0 0 1 0
1477 60 14262 0 0 1 0
1478 60 14321 0 0 1 1
1479 60 14332 0 0 1 0
1480 61 14531 0 0 1 0
1481 61 14496 0 0 1 0
1482 61 14383 0 0 1 0
1483 61 14423 0 0 1 0
1484 62 14618 0 0 1 1
1485 63 14619 0 0 1 0
1486 63 14548 0 0 1 0
1487 62 14317 0 0 1 0
1488 62 14286 0 0 1 0
1489 63 14468 0 0 1 0
1490 62 14381 0 0 1 1
1491 62 14353 0 0 1 0
1492 62 14416 0 0 1 0
1493 62 14386 0 0 1 0
1494 62 14368 0 0 1 0
1495 63 14557 0 0 1 0
1496 62 14316 0 0 1 1
1497 61 14270 0 0 1 0
1498 61 14275 0 0 1 0
1499 61 14315 0 0 1 0
