block n60 sum_rr60 hold drowsy
0 3 636 1 0
1 9 1859 1 0
2 15 3061 1 0
3 21 4273 1 0
4 27 5430 1 0
5 34 6747 1 0
6 41 7957 1 0
7 47 9039 1 0
8 54 10262 1 0
9 61 11505 1 0
10 68 12760 1 0
11 75 13959 1 0
12 79 14535 1 0
13 80 14540 1 0
14 80 14370 1 0
15 81 14418 1 0
16 82 14464 1 0
17 81 14306 1 0
18 81 14433 1 0
19 81 14490 1 0
20 80 14390 1 0
21 80 14413 1 0
22 80 14437 1 0
23 79 14343 1 0
24 78 14271 1 0
25 77 14243 1 0
26 78 14505 1 0
27 78 14498 1 0
28 77 14495 1 0
29 77 14496 1 0
30 76 14333 1 0
31 76 14322 1 0
32 77 14541 1 0
33 76 14388 1 0
34 75 14310 1 0
35 75 14424 1 0
36 75 14487 0 0
37 75 14464 0 0
38 74 14368 0 0
39 73 14251 0 0
40 73 14265 0 0
41 74 14409 0 0
42 74 14361 0 0
43 75 14531 0 0
44 73 14228 0 0
45 74 14463 0 0
46 74 14415 0 0
47 74 14313 0 0
48 75 14397 0 0
49 76 14488 0 0
50 76 14377 0 0
51 77 14525 0 0
52 77 14383 0 0
53 77 14356 0 0
54 78 14448 0 0
55 77 14282 0 0
56 79 14529 0 0
57 78 14298 0 0
58 78 14331 0 0
59 78 14392 0 0
60 78 14442 0 0
61 77 14348 0 0
62 77 14367 0 0
63 76 14252 0 0
64 77 14522 0 0
65 76 14433 0 0
66 75 14379 0 0
67 75 14453 0 0
68 74 14337 0 0
69 74 14375 0 0
70 75 14525 0 0
71 75 14483 0 0
72 74 14276 0 0
73 75 14350 0 0
74 76 14521 0 0
75 76 14447 0 0
76 76 14321 0 0
77 78 14449 0 0
78 78 14344 0 0
79 79 14390 0 0
80 80 14444 0 0
81 80 14409 0 0
82 80 14376 0 0
83 80 14326 0 0
84 81 14390 0 0
85 82 14496 0 0
86 81 14256 0 0
87 83 14523 0 0
88 83 14516 0 0
89 82 14366 0 0
90 82 14391 0 0
91 82 14332 0 0
92 82 14407 0 0
93 82 14402 0 0
94 82 14425 0 0
95 82 14474 0 0
96 81 14411 0 0
97 80 14335 0 0
98 80 14398 0 0
99 79 14352 0 0
100 78 14271 0 0
101 78 14414 0 0
102 78 14439 0 0
103 78 14553 0 0
104 77 14427 0 0
105 77 14437 0 0
106 76 14276 0 0
107 76 14341 0 0
108 77 14524 0 0
109 76 14363 0 0
110 76 14461 0 0
111 76 14435 0 0
112 76 14443 0 0
113 76 14389 0 0
114 76 14395 0 0
115 76 14359 0 0
116 76 14332 0 0
117 76 14337 0 0
118 77 14493 0 0
119 77 14434 0 0
120 77 14406 0 0
121 77 14470 0 0
122 78 14497 0 0
123 77 14333 0 0
124 78 14408 0 0
125 78 14371 0 0
126 79 14518 0 0
127 78 14315 0 0
128 78 14331 0 0
129 79 14524 0 0
130 78 14372 0 0
131 78 14351 0 0
132 78 14413 0 0
133 78 14417 0 0
134 77 14376 0 0
135 77 14460 0 0
136 76 14455 0 0
137 75 14397 0 0
138 74 14327 0 0
139 74 14465 0 0
140 74 14448 0 0
141 73 14325 0 0
142 74 14438 0 0
143 75 14557 0 0
144 74 14325 0 0
145 74 14299 0 0
146 75 14417 0 0
147 75 14410 0 0
148 75 14321 0 0
149 75 14346 0 0
150 75 14308 0 0
151 76 14446 0 0
152 76 14491 0 0
153 75 14341 0 0
154 75 14394 0 0
155 74 14338 0 0
156 74 14339 0 0
157 75 14505 0 0
158 74 14355 0 0
159 74 14277 0 0
160 75 14501 0 0
161 75 14436 0 0
162 75 14408 0 0
163 75 14391 0 0
164 75 14268 0 0
165 77 14478 0 0
166 76 14274 0 0
167 77 14385 0 0
168 78 14516 0 0
169 77 14252 0 0
170 78 14362 0 0
171 79 14479 0 0
172 79 14396 0 0
173 79 14332 0 0
174 80 14481 0 0
175 79 14273 0 0
176 80 14542 0 0
177 79 14409 0 0
178 79 14388 0 0
179 79 14349 0 0
180 79 14386 0 0
181 79 14436 0 0
182 79 14457 0 0
183 78 14336 0 0
184 77 14211 0 0
185 77 14382 0 0
186 77 14397 0 0
187 77 14411 0 0
188 77 14401 0 0
189 77 14356 0 0
190 77 14440 0 0
191 77 14518 0 0
192 76 14363 0 0
193 76 14376 0 0
194 76 14319 0 0
195 77 14519 0 0
196 78 14557 0 0
197 78 14403 0 0
198 78 14408 0 0
199 78 14433 0 0
200 77 14233 0 0
201 78 14469 0 0
202 78 14443 0 0
203 77 14319 0 0
204 77 14326 0 0
205 77 14373 0 0
206 77 14517 0 0
207 76 14353 0 0
208 75 14295 0 0
209 76 14537 0 0
210 75 14372 0 0
211 75 14397 0 0
212 75 14415 0 0
213 75 14437 0 0
214 75 14422 0 0
215 75 14369 0 0
216 75 14399 0 0
217 76 14588 0 0
218 75 14377 0 0
219 75 14385 0 0
220 75 14439 0 0
221 74 14294 0 0
222 74 14361 0 0
223 75 14517 0 0
224 75 14506 0 0
225 74 14279 0 0
226 75 14462 0 0
227 75 14416 0 0
228 75 14385 0 0
229 75 14379 0 0
230 75 14337 0 0
231 76 14444 0 0
232 76 14337 0 0
233 77 14532 0 0
234 77 14461 0 0
235 76 14291 0 0
236 76 14345 0 0
237 77 14554 0 0
238 76 14409 0 0
239 76 14501 0 0
240 76 14472 0 0
241 75 14257 0 0
242 75 14315 0 0
243 75 14349 0 0
244 75 14461 0 0
245 74 14273 0 0
246 74 14360 0 0
247 74 14353 0 0
248 75 14525 0 0
249 74 14350 0 0
250 74 14290 0 0
251 75 14376 0 0
252 75 14400 0 0
253 75 14405 0 0
254 76 14567 0 0
255 74 14290 0 0
256 75 14500 0 0
257 74 14342 0 0
258 74 14348 0 0
259 75 14546 0 0
260 74 14365 0 0
261 74 14383 0 0
262 74 14394 0 0
263 73 14273 0 0
264 74 14452 0 0
265 75 14555 0 0
266 74 14324 0 0
267 75 14462 0 0
268 74 14257 0 0
269 76 14566 0 0
270 76 14493 0 0
271 75 14277 0 0
272 75 14254 0 0
273 75 14281 0 0
274 76 14514 0 0
275 76 14519 0 0
276 75 14409 0 0
277 74 14355 0 0
278 74 14430 0 0
279 74 14429 0 0
280 74 14385 0 0
281 74 14404 0 0
282 74 14409 0 0
283 74 14380 0 0
284 75 14546 0 0
285 75 14481 0 0
286 74 14256 0 0
287 75 14408 0 0
288 75 14327 0 0
289 75 14277 0 0
290 76 14413 0 0
291 76 14434 0 0
292 76 14461 0 0
293 75 14259 0 0
294 76 14404 0 0
295 76 14452 0 0
296 75 14336 0 0
297 75 14403 0 0
298 75 14413 0 0
299 74 14255 0 0
300 74 14316 0 0
301 75 14514 0 0
302 74 14385 0 0
303 74 14357 0 0
304 74 14356 0 0
305 75 14553 0 0
306 74 14387 0 0
307 74 14312 0 0
308 75 14463 0 0
309 75 14412 0 0
310 75 14385 0 0
311 76 14475 0 0
312 77 14574 0 0
313 77 14425 0 0
314 78 14464 0 0
315 79 14478 0 0
316 79 14471 0 0
317 79 14325 0 0
318 80 14331 0 0
319 81 14449 0 0
320 81 14311 0 0
321 82 14424 0 0
322 83 14530 0 0
323 82 14499 0 0
324 82 14344 0 0
325 82 14386 0 0
326 82 14289 0 0
327 81 14321 0 0
328 82 14454 0 0
329 81 14460 0 0
330 80 14499 0 0
331 80 14395 0 0
332 81 14515 0 0
333 81 14400 0 0
334 80 14298 0 0
335 81 14382 0 0
336 80 14438 0 0
337 79 14339 0 0
338 78 14353 0 0
339 79 14430 0 0
340 78 14248 0 0
341 79 14339 0 0
342 79 14266 0 0
343 79 14461 0 0
344 78 14352 0 0
345 77 14323 0 0
346 78 14465 0 0
347 77 14325 0 0
348 77 14268 0 0
349 78 14456 0 0
350 78 14435 0 0
351 78 14480 0 0
352 78 14515 0 0
353 77 14419 0 0
354 78 14478 0 0
355 78 14415 0 0
356 77 14366 0 0
357 77 14372 0 0
358 76 14290 0 0
359 77 14431 0 0
360 77 14443 0 0
361 77 14434 0 0
362 77 14443 0 0
363 77 14401 0 0
364 77 14342 0 0
365 78 14430 0 0
366 77 14355 0 0
367 77 14424 0 0
368 78 14435 0 0
369 78 14405 0 0
370 79 14571 0 0
371 78 14394 0 0
372 78 14416 0 0
373 77 14266 0 0
374 78 14473 0 0
375 77 14331 0 0
376 77 14435 0 0
377 76 14304 0 0
378 76 14375 0 0
379 76 14399 0 0
380 75 14330 0 0
381 76 14556 0 0
382 75 14272 0 0
383 77 14426 0 0
384 78 14504 0 0
385 78 14428 0 0
386 77 14253 0 0
387 77 14298 0 0
388 78 14452 0 0
389 78 14477 0 0
390 78 14491 0 0
391 78 14433 0 0
392 78 14441 0 0
393 78 14340 0 0
394 79 14529 0 0
395 77 14330 0 0
396 77 14393 0 0
397 77 14428 0 0
398 77 14413 0 0
399 78 14509 0 0
400 77 14285 0 0
401 78 14399 0 0
402 78 14331 0 0
403 78 14310 0 0
404 79 14399 0 0
405 79 14386 0 0
406 80 14405 0 0
407 81 14470 0 0
408 81 14347 0 0
409 81 14490 0 0
410 81 14545 0 0
411 79 14313 0 0
412 80 14516 0 0
413 79 14384 0 0
414 79 14432 0 0
415 78 14372 0 0
416 77 14319 0 0
417 77 14468 0 0
418 75 14365 0 0
419 74 14374 0 0
420 73 14308 0 0
421 74 14369 0 0
422 74 14287 0 0
423 76 14519 0 0
424 75 14349 0 0
425 75 14311 0 0
426 76 14510 0 0
427 76 14480 0 0
428 76 14478 0 0
429 75 14298 0 0
430 75 14247 0 0
431 76 14401 0 0
432 77 14563 0 0
433 76 14344 0 0
434 77 14384 0 0
435 77 14338 0 0
436 78 14484 0 0
437 78 14431 0 0
438 78 14345 0 0
439 78 14364 0 0
440 78 14394 0 0
441 78 14419 0 0
442 78 14449 0 0
443 78 14466 0 0
444 77 14380 0 0
445 77 14432 0 0
446 76 14416 0 0
447 75 14345 0 0
448 74 14218 0 0
449 75 14505 0 0
450 74 14411 0 0
451 74 14364 0 0
452 74 14313 0 0
453 75 14454 0 0
454 75 14465 0 0
455 75 14403 0 0
456 76 14361 0 0
457 77 14422 0 0
458 77 14365 0 0
459 77 14351 0 0
460 78 14562 0 0
461 77 14345 0 0
462 77 14292 0 0
463 78 14455 0 0
464 78 14455 0 0
465 78 14444 0 0
466 78 14388 0 0
467 78 14353 0 0
468 78 14434 0 0
469 78 14372 0 0
470 78 14427 0 0
471 78 14429 0 0
472 78 14382 0 0
473 78 14306 0 0
474 79 14492 0 0
475 78 14354 0 0
476 78 14378 0 0
477 77 14276 0 0
478 77 14371 0 0
479 76 14331 0 0
480 75 14307 0 0
481 74 14350 0 0
482 74 14372 0 0
483 74 14403 0 0
484 74 14424 0 0
485 74 14437 0 0
486 74 14389 0 0
487 75 14458 0 0
488 75 14402 0 0
489 76 14527 0 0
490 76 14359 0 0
491 78 14512 0 0
492 79 14433 0 0
493 80 14414 0 0
494 80 14407 0 0
495 81 14550 0 0
496 80 14368 0 0
497 80 14395 0 0
498 80 14438 0 0
499 79 14374 0 0
500 79 14414 0 0
501 79 14400 0 0
502 79 14496 0 0
503 78 14382 0 0
504 78 14484 0 0
505 77 14381 0 0
506 78 14417 0 0
507 78 14397 0 0
508 78 14364 0 0
509 78 14419 0 0
510 77 14280 0 0
511 78 14485 0 0
512 78 14503 0 0
513 77 14277 0 0
514 77 14340 0 0
515 77 14394 0 0
516 76 14351 0 0
517 76 14425 0 0
518 75 14386 0 0
519 75 14414 0 0
520 74 14289 0 0
521 75 14504 0 0
522 75 14510 0 0
523 74 14295 0 0
524 74 14282 0 0
525 75 14485 0 0
526 76 14500 0 0
527 75 14322 0 0
528 75 14287 0 0
529 76 14476 0 0
530 76 14450 0 0
531 75 14290 0 0
532 76 14414 0 0
533 75 14245 0 0
534 76 14414 0 0
535 76 14421 0 0
536 76 14427 0 0
537 76 14415 0 0
538 75 14386 0 0
539 75 14445 0 0
540 75 14480 0 0
541 74 14312 0 0
542 74 14365 0 0
543 74 14365 0 0
544 74 14385 0 0
545 75 14498 0 0
546 74 14359 0 0
547 74 14403 0 0
548 74 14458 0 0
549 73 14337 0 0
550 73 14274 0 0
551 73 14309 0 0
552 73 14281 0 0
553 74 14489 0 0
554 74 14474 0 0
555 74 14439 0 0
556 75 14527 0 0
557 74 14436 0 0
558 74 14418 0 0
559 74 14387 0 0
560 75 14445 0 0
561 76 14410 0 0
562 76 14432 0 0
563 77 14381 0 0
564 77 14495 0 0
565 76 14370 0 0
566 76 14320 0 0
567 77 14467 0 0
568 77 14454 0 0
569 77 14293 0 0
570 78 14374 0 0
571 79 14478 0 0
572 78 14314 0 0
573 77 14285 0 0
574 78 14481 0 0
575 77 14432 0 0
576 78 14498 0 0
577 78 14399 0 0
578 78 14477 0 0
579 77 14402 0 0
580 76 14344 0 0
581 76 14404 0 0
582 76 14473 0 0
583 75 14328 0 0
584 76 14503 0 0
585 76 14560 0 0
586 75 14334 0 0
587 75 14392 0 0
588 75 14408 0 0
589 75 14382 0 0
590 75 14348 0 0
591 75 14311 0 0
592 75 14322 0 0
593 76 14532 0 0
594 75 14347 0 0
595 75 14358 0 0
596 75 14367 0 0
597 75 14323 0 0
598 76 14508 0 0
599 76 14500 0 0
600 75 14301 0 0
601 75 14323 0 0
602 75 14363 0 0
603 76 14518 0 0
604 76 14480 0 0
605 75 14282 0 0
606 76 14453 0 0
607 76 14509 0 0
608 75 14313 0 0
609 76 14366 0 0
610 77 14338 0 0
611 78 14328 0 0
612 79 14492 0 0
613 78 14367 0 0
614 79 14520 0 0
615 79 14362 0 0
616 79 14335 0 0
617 80 14472 0 0
618 79 14341 0 0
619 79 14270 0 0
620 80 14476 0 0
621 79 14464 0 0
622 77 14369 0 0
623 76 14379 0 0
624 75 14245 0 0
625 77 14543 0 0
626 76 14337 0 0
627 75 14327 0 0
628 75 14338 0 0
629 75 14411 0 0
630 75 14445 0 0
631 75 14504 0 0
632 73 14283 0 0
633 74 14460 0 0
634 73 14297 0 0
635 74 14462 0 0
636 75 14436 0 0
637 75 14349 0 0
638 75 14358 0 0
639 75 14365 0 0
640 75 14417 0 0
641 75 14421 0 0
642 75 14344 0 0
643 75 14306 0 0
644 77 14540 0 0
645 76 14304 0 0
646 79 14590 0 0
647 78 14339 0 0
648 78 14506 0 0
649 77 14472 0 0
650 77 14484 0 0
651 77 14430 0 0
652 77 14510 0 0
653 76 14276 0 0
654 76 14354 0 0
655 76 14374 0 0
656 76 14382 0 0
657 76 14483 0 0
658 74 14324 0 0
659 74 14406 0 0
660 74 14336 0 0
661 74 14342 0 0
662 74 14364 0 0
663 74 14406 0 0
664 75 14454 0 0
665 75 14481 0 0
666 75 14397 0 0
667 75 14382 0 0
668 75 14361 0 0
669 75 14321 0 0
670 75 14332 0 0
671 76 14530 0 0
672 75 14462 0 0
673 75 14370 0 0
674 75 14350 0 0
675 76 14458 0 0
676 75 14314 0 0
677 76 14440 0 0
678 76 14402 0 0
679 76 14413 0 0
680 76 14400 0 0
681 76 14380 0 0
682 77 14541 0 0
683 76 14334 0 0
684 76 14321 0 0
685 76 14318 0 0
686 77 14458 0 0
687 76 14341 0 0
688 76 14356 0 0
689 75 14250 0 0
690 76 14517 0 0
691 76 14493 0 0
692 75 14350 0 0
693 75 14340 0 0
694 75 14333 0 0
695 75 14334 0 0
696 76 14433 0 0
697 76 14524 0 0
698 75 14356 0 0
699 76 14515 0 0
700 76 14431 0 0
701 77 14575 0 0
702 76 14337 0 0
703 76 14314 0 0
704 77 14473 0 0
705 77 14504 0 0
706 76 14290 0 0
707 77 14445 0 0
708 76 14308 0 0
709 76 14291 0 0
710 77 14489 0 0
711 76 14357 0 0
712 76 14393 0 0
713 76 14383 0 0
714 76 14389 0 0
715 76 14449 0 0
716 75 14272 0 0
717 76 14459 0 0
718 77 14575 0 0
719 76 14387 0 0
720 76 14427 0 0
721 76 14396 0 0
722 76 14399 0 0
723 76 14328 0 0
724 77 14470 0 0
725 77 14375 0 0
726 78 14369 0 0
727 80 14430 0 0
728 80 14507 0 0
729 79 14299 0 0
730 79 14384 0 0
731 79 14458 0 0
732 79 14463 0 0
733 79 14441 0 0
734 79 14378 0 0
735 79 14412 0 0
736 79 14450 0 0
737 78 14377 0 0
738 77 14400 0 0
739 75 14330 0 0
740 76 14399 0 0
741 76 14365 0 0
742 76 14383 0 0
743 76 14344 0 0
744 76 14332 0 0
745 77 14513 0 0
746 76 14358 0 0
747 76 14343 0 0
748 76 14365 0 0
749 76 14348 0 0
750 76 14341 0 0
751 77 14448 0 0
752 77 14305 0 0
753 78 14401 0 0
754 78 14311 0 0
755 79 14462 0 0
756 79 14433 0 0
757 78 14231 0 0
758 78 14304 0 0
759 79 14460 0 0
760 79 14311 0 0
761 79 14345 0 0
762 80 14500 0 0
763 79 14388 0 0
764 78 14488 0 0
765 77 14447 0 0
766 76 14414 0 0
767 76 14420 0 0
768 76 14425 0 0
769 76 14420 0 0
770 77 14524 0 0
771 77 14505 0 0
772 76 14439 0 0
773 76 14418 0 0
774 76 14382 0 0
775 77 14519 0 0
776 77 14390 0 0
777 77 14335 0 0
778 78 14479 0 0
779 77 14284 0 0
780 77 14321 0 0
781 78 14520 0 0
782 77 14369 0 0
783 76 14261 0 0
784 77 14434 0 0
785 77 14482 0 0
786 76 14355 0 0
787 76 14330 0 0
788 76 14323 0 0
789 77 14495 0 0
790 77 14411 0 0
791 77 14421 0 0
792 77 14399 0 0
793 77 14388 0 0
794 77 14343 0 0
795 78 14481 0 0
796 77 14372 0 0
797 77 14328 0 0
798 78 14508 0 0
799 77 14328 0 0
800 78 14560 0 0
801 77 14332 0 0
802 78 14300 0 0
803 80 14403 0 0
804 81 14471 0 0
805 80 14347 0 0
806 80 14450 0 0
807 80 14461 0 0
808 80 14465 0 0
809 80 14479 0 0
810 79 14339 0 0
811 80 14522 0 0
812 79 14318 0 0
813 79 14383 0 0
814 77 14372 0 0
815 75 14329 0 0
816 75 14467 0 0
817 74 14338 0 0
818 75 14443 0 0
819 74 14230 0 0
820 75 14400 0 0
821 75 14322 0 0
822 75 14360 0 0
823 75 14329 0 0
824 75 14390 0 0
825 75 14449 0 0
826 75 14403 0 0
827 75 14391 0 0
828 75 14367 0 0
829 76 14505 0 0
830 75 14372 0 0
831 75 14450 0 0
832 74 14253 0 0
833 74 14366 0 0
834 75 14508 0 0
835 74 14430 0 0
836 74 14339 0 0
837 74 14342 0 0
838 74 14393 0 0
839 75 14546 0 0
840 74 14319 0 0
841 75 14388 0 0
842 76 14464 0 0
843 76 14424 0 0
844 77 14541 0 0
845 77 14505 0 0
846 76 14285 0 0
847 77 14415 0 0
848 78 14458 0 0
849 79 14422 0 0
850 81 14508 0 0
851 81 14322 0 0
852 82 14443 0 0
853 81 14332 0 0
854 81 14376 0 0
855 81 14397 0 0
856 80 14351 0 0
857 81 14410 0 0
858 81 14435 0 0
859 80 14361 0 0
860 79 14459 0 0
861 78 14468 0 0
862 76 14417 0 0
863 75 14400 0 0
864 75 14332 0 0
865 76 14490 0 0
866 75 14382 0 0
867 75 14448 0 0
868 75 14449 0 0
869 74 14455 0 0
870 73 14316 0 0
871 73 14312 0 0
872 73 14253 0 0
873 74 14476 0 0
874 73 14251 0 0
875 73 14365 0 0
876 72 14439 0 1
877 71 14375 0 1
878 71 14398 0 1
879 71 14333 0 1
880 71 14265 0 1
881 72 14269 0 0
882 74 14581 0 0
883 75 14550 0 0
884 76 14553 0 0
885 75 14349 0 0
886 76 14500 0 0
887 76 14496 0 0
888 76 14468 0 0
889 76 14396 0 0
890 76 14349 0 0
891 76 14327 0 0
892 77 14517 0 0
893 75 14350 0 0
894 75 14377 0 0
895 74 14329 0 0
896 73 14305 0 0
897 73 14301 0 0
898 73 14304 0 0
899 73 14291 0 0
900 74 14452 0 0
901 74 14483 0 0
902 74 14485 0 0
903 74 14504 0 0
904 73 14325 0 0
905 74 14412 0 0
906 74 14313 0 0
907 74 14323 0 0
908 75 14530 0 0
909 75 14548 0 0
910 75 14535 0 0
911 75 14470 0 0
912 74 14285 0 0
913 74 14253 0 0
914 75 14402 0 0
915 75 14399 0 0
916 75 14390 0 0
917 75 14406 0 0
918 74 14338 0 0
919 75 14569 0 0
920 74 14389 0 0
921 74 14385 0 0
922 74 14320 0 0
923 74 14378 0 0
924 75 14485 0 0
925 75 14410 0 0
926 75 14407 0 0
927 75 14341 0 0
928 76 14450 0 0
929 76 14435 0 0
930 77 14537 0 0
931 76 14279 0 0
932 76 14257 0 0
933 77 14351 0 0
934 77 14369 0 0
935 78 14390 0 0
936 78 14340 0 0
937 79 14408 0 0
938 79 14396 0 0
939 79 14476 0 0
940 78 14375 0 0
941 78 14417 0 0
942 77 14284 0 0
943 78 14458 0 0
944 78 14442 0 0
945 77 14328 0 0
946 77 14423 0 0
947 76 14398 0 0
948 75 14324 0 0
949 74 14363 0 0
950 74 14400 0 0
951 74 14409 0 0
952 74 14409 0 0
953 74 14396 0 0
954 74 14393 0 0
955 74 14452 0 0
956 74 14460 0 0
957 74 14492 0 0
958 74 14398 0 0
959 75 14481 0 0
960 75 14424 0 0
961 75 14403 0 0
962 75 14403 0 0
963 75 14417 0 0
964 75 14387 0 0
965 75 14369 0 0
966 76 14516 0 0
967 75 14354 0 0
968 75 14353 0 0
969 76 14442 0 0
970 77 14489 0 0
971 77 14453 0 0
972 77 14487 0 0
973 77 14444 0 0
974 77 14410 0 0
975 77 14405 0 0
976 77 14421 0 0
977 77 14456 0 0
978 76 14327 0 0
979 76 14357 0 0
980 76 14333 0 0
981 75 14300 0 0
982 74 14359 0 0
983 73 14273 0 0
984 73 14364 0 0
985 73 14340 0 0
986 73 14360 0 0
987 73 14314 0 0
988 74 14481 0 0
989 74 14435 0 0
990 74 14402 0 0
991 74 14349 0 0
992 74 14505 0 0
993 74 14483 0 0
994 73 14291 0 0
995 74 14507 0 0
996 74 14486 0 0
997 73 14389 0 0
998 72 14253 0 0
999 72 14349 0 1
1000 71 14267 0 1
1001 71 14301 0 1
1002 72 14525 0 1
1003 72 14497 0 1
1004 72 14366 0 1
1005 72 14270 0 0
1006 74 14599 0 0
1007 73 14356 0 0
1008 73 14337 0 0
1009 74 14480 0 0
1010 74 14482 0 0
1011 74 14432 0 0
1012 75 14505 0 0
1013 75 14458 0 0
1014 74 14239 0 0
1015 75 14447 0 0
1016 74 14324 0 0
1017 74 14378 0 0
1018 73 14216 0 0
1019 74 14422 0 0
1020 74 14369 0 0
1021 74 14352 0 0
1022 74 14341 0 0
1023 75 14497 0 0
1024 74 14331 0 0
1025 74 14365 0 0
1026 74 14393 0 0
1027 74 14336 0 0
1028 75 14426 0 0
1029 76 14557 0 0
1030 76 14502 0 0
1031 75 14251 0 0
1032 76 14477 0 0
1033 76 14431 0 0
1034 76 14407 0 0
1035 76 14346 0 0
1036 78 14484 0 0
1037 79 14433 0 0
1038 80 14402 0 0
1039 80 14365 0 0
1040 81 14480 0 0
1041 80 14344 0 0
1042 81 14465 0 0
1043 81 14581 0 0
1044 80 14352 0 0
1045 80 14430 0 0
1046 80 14416 0 0
1047 79 14342 0 0
1048 78 14359 0 0
1049 77 14397 0 0
1050 77 14561 0 0
1051 76 14462 0 0
1052 75 14351 0 0
1053 76 14458 0 0
1054 75 14318 0 0
1055 75 14249 0 0
1056 76 14473 0 0
1057 76 14483 0 0
1058 76 14494 0 0
1059 76 14428 0 0
1060 75 14304 0 0
1061 75 14327 0 0
1062 75 14379 0 0
1063 75 14397 0 0
1064 75 14508 0 0
1065 74 14415 0 0
1066 74 14490 0 0
1067 74 14560 0 0
1068 72 14213 0 0
1069 73 14405 0 0
1070 73 14403 0 0
1071 73 14417 0 0
1072 73 14440 0 0
1073 73 14437 0 0
1074 72 14231 0 0
1075 72 14260 0 0
1076 72 14240 0 0
1077 73 14412 0 0
1078 73 14365 0 0
1079 73 14286 0 0
1080 75 14501 0 0
1081 74 14285 0 0
1082 75 14380 0 0
1083 75 14357 0 0
1084 76 14506 0 0
1085 76 14534 0 0
1086 76 14569 0 0
1087 76 14525 0 0
1088 76 14563 0 0
1089 75 14328 0 0
1090 75 14351 0 0
1091 75 14435 0 0
1092 75 14487 0 0
1093 74 14325 0 0
1094 73 14333 0 0
1095 73 14369 0 0
1096 73 14382 0 0
1097 73 14315 0 0
1098 73 14327 0 0
1099 73 14337 0 0
1100 74 14398 0 0
1101 74 14385 0 0
1102 74 14389 0 0
1103 74 14337 0 0
1104 73 14309 0 0
1105 74 14493 0 0
1106 74 14367 0 0
1107 75 14483 0 0
1108 75 14374 0 0
1109 75 14368 0 0
1110 75 14328 0 0
1111 75 14336 0 0
1112 75 14398 0 0
1113 75 14446 0 0
1114 75 14425 0 0
1115 75 14437 0 0
1116 75 14381 0 0
1117 75 14387 0 0
1118 75 14400 0 0
1119 75 14438 0 0
1120 74 14293 0 0
1121 75 14517 0 0
1122 75 14528 0 0
1123 75 14538 0 0
1124 73 14212 0 0
1125 74 14440 0 0
1126 74 14391 0 0
1127 74 14351 0 0
1128 75 14410 0 0
1129 76 14517 0 0
1130 76 14577 0 0
1131 75 14416 0 0
1132 75 14513 0 0
1133 74 14355 0 0
1134 73 14238 0 0
1135 74 14413 0 0
1136 75 14582 0 0
1137 74 14380 0 0
1138 74 14463 0 0
1139 73 14377 0 0
1140 72 14324 0 0
1141 71 14271 0 1
1142 71 14234 0 1
1143 71 14260 0 1
1144 72 14398 0 1
1145 72 14380 0 1
1146 73 14511 0 0
1147 72 14286 0 0
1148 73 14394 0 0
1149 73 14333 0 0
1150 73 14268 0 0
1151 75 14516 0 0
1152 75 14512 0 0
1153 75 14414 0 0
1154 75 14421 0 0
1155 75 14438 0 0
1156 75 14441 0 0
1157 75 14430 0 0
1158 75 14363 0 0
1159 76 14539 0 0
1160 75 14321 0 0
1161 75 14348 0 0
1162 76 14542 0 0
1163 75 14340 0 0
1164 75 14312 0 0
1165 76 14501 0 0
1166 76 14445 0 0
1167 76 14413 0 0
1168 76 14392 0 0
1169 76 14341 0 0
1170 76 14376 0 0
1171 76 14347 0 0
1172 76 14389 0 0
1173 77 14520 0 0
1174 76 14337 0 0
1175 76 14382 0 0
1176 77 14536 0 0
1177 76 14294 0 0
1178 77 14419 0 0
1179 77 14384 0 0
1180 77 14344 0 0
1181 77 14342 0 0
1182 78 14469 0 0
1183 78 14431 0 0
1184 78 14431 0 0
1185 77 14277 0 0
1186 78 14465 0 0
1187 78 14461 0 0
1188 77 14258 0 0
1189 78 14506 0 0
1190 77 14387 0 0
1191 77 14409 0 0
1192 77 14366 0 0
1193 78 14557 0 0
1194 77 14359 0 0
1195 77 14411 0 0
1196 77 14413 0 0
1197 77 14401 0 0
1198 77 14408 0 0
1199 77 14391 0 0
1200 77 14488 0 0
1201 76 14300 0 0
1202 77 14460 0 0
1203 77 14432 0 0
1204 76 14401 0 0
1205 75 14304 0 0
1206 75 14417 0 0
1207 74 14294 0 0
1208 74 14340 0 0
1209 74 14478 0 0
1210 73 14256 0 0
1211 73 14301 0 0
1212 74 14398 0 0
1213 74 14435 0 0
1214 73 14247 0 0
1215 74 14460 0 0
1216 74 14370 0 0
1217 74 14351 0 0
1218 74 14319 0 0
1219 75 14517 0 0
1220 75 14505 0 0
1221 75 14442 0 0
1222 75 14483 0 0
1223 75 14464 0 0
1224 75 14463 0 0
1225 75 14391 0 0
1226 75 14403 0 0
1227 74 14268 0 0
1228 75 14473 0 0
1229 75 14405 0 0
1230 76 14543 0 0
1231 76 14318 0 0
1232 77 14329 0 0
1233 78 14393 0 0
1234 78 14347 0 0
1235 79 14512 0 0
1236 78 14325 0 0
1237 78 14427 0 0
1238 78 14502 0 0
1239 78 14565 0 0
1240 77 14408 0 0
1241 77 14499 0 0
1242 76 14296 0 0
1243 76 14482 0 0
1244 75 14363 0 0
1245 74 14235 0 0
1246 75 14518 0 0
1247 74 14375 0 0
1248 74 14438 0 0
1249 74 14366 0 0
1250 74 14447 0 0
1251 74 14383 0 0
1252 74 14343 0 0
1253 74 14296 0 0
1254 75 14524 0 0
1255 74 14375 0 0
1256 74 14452 0 0
1257 74 14543 0 0
1258 73 14340 0 0
1259 73 14405 0 0
1260 73 14362 0 0
1261 73 14468 0 0
1262 73 14322 0 0
1263 73 14287 0 0
1264 74 14489 0 0
1265 74 14481 0 0
1266 73 14378 0 0
1267 73 14357 0 0
1268 73 14348 0 0
1269 73 14277 0 0
1270 74 14442 0 0
1271 74 14379 0 0
1272 74 14417 0 0
1273 74 14311 0 0
1274 74 14355 0 0
1275 75 14525 0 0
1276 74 14315 0 0
1277 74 14330 0 0
1278 74 14278 0 0
1279 75 14473 0 0
1280 75 14504 0 0
1281 75 14508 0 0
1282 74 14271 0 0
1283 75 14448 0 0
1284 75 14362 0 0
1285 75 14386 0 0
1286 76 14523 0 0
1287 75 14416 0 0
1288 75 14379 0 0
1289 76 14467 0 0
1290 77 14460 0 0
1291 76 14242 0 0
1292 77 14323 0 0
1293 77 14315 0 0
1294 77 14445 0 0
1295 76 14271 0 0
1296 77 14451 0 0
1297 77 14414 0 0
1298 77 14350 0 0
1299 77 14230 0 0
1300 78 14453 0 0
1301 77 14292 0 0
1302 77 14454 0 0
1303 78 14548 0 0
1304 77 14487 0 0
1305 77 14461 0 0
1306 77 14321 0 0
1307 78 14424 0 0
1308 78 14385 0 0
1309 79 14517 0 0
1310 79 14438 0 0
1311 79 14439 0 0
1312 79 14398 0 0
1313 79 14421 0 0
1314 79 14408 0 0
1315 78 14244 0 0
1316 79 14380 0 0
1317 80 14398 0 0
1318 81 14520 0 0
1319 80 14346 0 0
1320 80 14378 0 0
1321 80 14402 0 0
1322 79 14434 0 0
1323 79 14496 0 0
1324 78 14415 0 0
1325 78 14513 0 0
1326 77 14333 0 0
1327 77 14390 0 0
1328 77 14370 0 0
1329 76 14409 0 0
1330 75 14312 0 0
1331 76 14541 0 0
1332 75 14473 0 0
1333 74 14322 0 0
1334 74 14362 0 0
1335 74 14351 0 0
1336 74 14430 0 0
1337 74 14330 0 0
1338 74 14426 0 0
1339 74 14484 0 0
1340 73 14301 0 0
1341 74 14417 0 0
1342 74 14361 0 0
1343 74 14410 0 0
1344 74 14374 0 0
1345 74 14410 0 0
1346 74 14341 0 0
1347 74 14344 0 0
1348 75 14413 0 0
1349 75 14494 0 0
1350 75 14402 0 0
1351 75 14473 0 0
1352 75 14560 0 0
1353 74 14431 0 0
1354 73 14411 0 0
1355 73 14410 0 0
1356 72 14272 0 0
1357 73 14404 0 0
1358 73 14462 0 0
1359 73 14418 0 0
1360 72 14230 0 0
1361 73 14357 0 0
1362 73 14392 0 0
1363 73 14268 0 0
1364 74 14407 0 0
1365 74 14399 0 0
1366 75 14458 0 0
1367 74 14217 0 0
1368 75 14385 0 0
1369 75 14407 0 0
1370 75 14279 0 0
1371 76 14481 0 0
1372 76 14458 0 0
1373 76 14463 0 0
1374 76 14427 0 0
1375 76 14478 0 0
1376 75 14282 0 0
1377 75 14336 0 0
1378 75 14366 0 0
1379 75 14423 0 0
1380 75 14393 0 0
1381 74 14304 0 0
1382 74 14408 0 0
1383 73 14263 0 0
1384 74 14484 0 0
1385 73 14312 0 0
1386 73 14390 0 0
1387 73 14302 0 0
1388 74 14421 0 0
1389 75 14433 0 0
1390 75 14394 0 0
1391 76 14456 0 0
1392 76 14443 0 0
1393 77 14517 0 0
1394 77 14463 0 0
1395 77 14410 0 0
1396 77 14369 0 0
1397 77 14340 0 0
1398 77 14291 0 0
1399 78 14512 0 0
1400 77 14441 0 0
1401 76 14407 0 0
1402 76 14407 0 0
1403 76 14401 0 0
1404 77 14452 0 0
1405 76 14287 0 0
1406 77 14462 0 0
1407 77 14503 0 0
1408 76 14350 0 0
1409 76 14398 0 0
1410 76 14416 0 0
1411 76 14415 0 0
1412 76 14338 0 0
1413 77 14412 0 0
1414 77 14416 0 0
1415 77 14449 0 0
1416 76 14344 0 0
1417 77 14530 0 0
1418 76 14298 0 0
1419 77 14328 0 0
1420 79 14504 0 0
1421 80 14538 0 0
1422 80 14430 0 0
1423 80 14358 0 0
1424 81 14404 0 0
1425 81 14383 0 0
1426 81 14352 0 0
1427 81 14415 0 0
1428 81 14476 0 0
1429 80 14254 0 0
1430 81 14486 0 0
1431 80 14429 0 0
1432 79 14406 0 0
1433 78 14332 0 0
1434 78 14413 0 0
1435 78 14434 0 0
1436 77 14362 0 0
1437 77 14420 0 0
1438 77 14539 0 0
1439 76 14406 0 0
1440 76 14353 0 0
1441 76 14400 0 0
1442 76 14384 0 0
1443 76 14423 0 0
1444 75 14255 0 0
1445 75 14402 0 0
1446 75 14444 0 0
1447 74 14372 0 0
1448 73 14353 0 0
1449 73 14380 0 0
1450 73 14375 0 0
1451 73 14375 0 0
1452 73 14428 0 0
1453 73 14482 0 0
1454 72 14370 0 1
1455 72 14367 0 1
1456 72 14398 0 1
1457 72 14384 0 1
1458 72 14316 0 0
1459 73 14482 0 0
1460 73 14435 0 0
1461 72 14310 0 0
1462 73 14469 0 0
1463 73 14406 0 0
1464 73 14360 0 0
1465 74 14453 0 0
1466 74 14430 0 0
1467 74 14478 0 0
1468 74 14405 0 0
1469 75 14340 0 0
1470 76 14491 0 0
1471 75 14254 0 0
1472 77 14562 0 0
1473 77 14506 0 0
1474 76 14302 0 0
1475 77 14455 0 0
1476 77 14449 0 0
1477 76 14355 0 0
1478 76 14363 0 0
1479 76 14358 0 0
1480 76 14479 0 0
1481 75 14426 0 0
1482 74 14382 0 0
1483 74 14409 0 0
1484 73 14309 0 0
1485 73 14347 0 0
1486 73 14422 0 0
1487 72 14333 0 0
1488 72 14376 0 1
1489 72 14320 0 0
1490 73 14464 0 0
1491 73 14449 0 0
1492 73 14403 0 0
1493 73 14510 0 0
1494 73 14461 0 0
1495 72 14374 0 1
1496 72 14362 0 1
1497 72 14374 0 1
1498 72 14362 0 1
1499 72 14308 0 0
1500 72 14374 0 1
1501 73 14541 0 1
1502 72 14435 0 1
1503 72 14437 0 1
1504 72 14458 0 1
1505 71 14234 0 1
