block n60 sum_rr60 bad60 hold drowsy alert
0 4 852 1 1 0 0
1 10 2035 1 1 0 0
2 17 3379 1 1 0 0
3 23 4523 1 1 0 0
4 29 5684 1 1 0 0
5 36 7019 1 1 0 0
6 42 8211 1 1 0 0
7 48 9410 1 1 0 0
8 54 10592 1 1 0 0
9 60 11777 1 1 0 0
10 66 12976 1 1 0 0
11 72 14085 1 1 0 0
12 74 14443 0 1 0 0
13 74 14472 0 1 0 0
14 73 14325 0 1 0 0
15 73 14359 0 1 0 0
16 73 14389 0 1 0 0
17 72 14296 0 1 0 0
18 72 14360 0 1 0 0
19 71 14219 0 1 0 0
20 71 14288 0 1 0 0
21 71 14327 0 1 0 0
22 71 14327 0 1 0 0
23 71 14403 0 1 0 0
24 71 14373 0 1 0 0
25 71 14384 0 1 0 0
26 71 14430 0 1 0 0
27 71 14522 0 1 0 0
28 70 14376 0 1 0 0
29 70 14387 0 1 0 0
30 70 14352 0 1 0 0
31 71 14458 0 1 0 0
32 71 14393 0 1 0 0
33 71 14349 0 1 0 0
34 71 14378 0 1 0 0
35 71 14473 0 1 0 0
36 71 14518 0 0 0 0
37 70 14336 0 0 0 0
38 71 14453 0 0 0 0
39 71 14408 0 0 0 0
40 71 14394 0 0 0 0
41 71 14432 0 0 0 0
42 70 14311 0 0 0 0
43 70 14372 0 0 0 0
44 70 14459 0 0 0 0
45 70 14559 0 0 0 0
46 69 14363 0 0 0 0
47 69 14295 0 0 0 0
48 69 14263 0 0 0 0
49 71 14529 0 0 0 0
50 70 14367 0 0 0 0
51 70 14379 0 0 0 0
52 71 14574 0 0 0 0
53 71 14442 0 0 0 0
54 72 14545 0 0 0 0
55 72 14555 0 0 0 0
56 72 14473 0 0 0 0
57 72 14398 0 0 0 0
58 73 14578 0 0 0 0
59 72 14377 0 0 0 0
60 72 14404 0 0 0 0
61 71 14303 0 0 0 0
62 71 14352 0 0 0 0
63 71 14370 0 0 0 0
64 71 14324 0 0 0 0
65 71 14422 0 0 0 0
66 71 14420 0 0 0 0
67 71 14308 0 0 0 0
68 71 14348 0 0 0 0
69 71 14410 0 0 0 0
70 70 14235 0 0 0 0
71 71 14518 0 0 0 0
72 71 14530 0 0 0 0
73 70 14415 0 0 0 0
74 70 14397 0 0 0 0
75 70 14406 0 0 0 0
76 69 14283 0 0 0 0
77 70 14400 0 0 0 0
78 70 14371 0 0 0 0
79 70 14451 0 0 0 0
80 70 14412 0 0 0 0
81 70 14337 0 0 0 0
82 71 14547 0 0 0 0
83 70 14313 0 0 0 0
84 70 14361 0 0 0 0
85 71 14460 0 0 0 0
86 70 14323 0 0 0 0
87 70 14371 0 0 0 0
88 70 14412 0 0 0 0
89 69 14339 0 0 0 0
90 69 14430 0 0 0 0
91 68 14267 0 0 0 0
92 68 14339 0 0 0 0
93 68 14391 0 0 0 0
94 68 14361 0 0 0 0
95 69 14526 0 0 0 0
96 69 14384 0 0 0 0
97 69 14344 0 0 0 0
98 71 14593 0 0 0 0
99 71 14443 0 0 0 0
100 72 14575 0 0 0 0
101 72 14427 0 0 0 0
102 72 14388 0 0 0 0
103 72 14421 0 0 0 0
104 72 14387 0 0 0 0
105 72 14380 0 0 0 0
106 72 14395 0 0 0 0
107 72 14387 0 0 0 0
108 71 14294 0 0 0 0
109 71 14404 0 0 0 0
110 70 14320 0 0 0 0
111 70 14397 0 0 0 0
112 69 14221 0 0 0 0
113 69 14283 0 0 0 0
114 69 14242 0 0 0 0
115 70 14411 0 0 0 0
116 70 14452 0 0 0 0
117 70 14472 0 0 0 0
118 69 14295 0 0 0 0
119 69 14332 0 0 0 0
120 70 14528 0 0 0 0
121 70 14542 0 0 0 0
122 69 14321 0 0 0 0
123 69 14315 0 0 0 0
124 70 14514 0 0 0 0
125 70 14552 0 0 0 0
126 70 14595 0 0 0 0
127 69 14387 0 0 0 0
128 69 14306 0 0 0 0
129 69 14269 0 0 0 0
130 70 14472 0 0 0 0
131 70 14513 0 0 0 0
132 69 14354 0 0 0 0
133 69 14316 0 0 0 0
134 70 14524 0 0 0 0
135 69 14377 0 0 0 0
136 69 14393 0 0 0 0
137 68 14220 0 0 0 0
138 68 14285 0 0 0 0
139 69 14515 0 0 0 0
140 69 14501 0 0 0 0
141 68 14372 0 0 0 0
142 68 14406 0 0 0 0
143 68 14391 0 0 0 0
144 68 14345 0 0 0 0
145 68 14297 0 0 0 0
146 68 14337 0 0 0 0
147 69 14515 0 0 0 0
148 68 14294 0 0 0 0
149 69 14444 0 0 0 0
150 69 14409 0 0 0 0
151 69 14411 0 0 0 0
152 68 14324 0 0 0 0
153 69 14534 0 0 0 0
154 68 14300 0 0 0 0
155 68 14296 0 0 0 0
156 69 14481 0 0 0 0
157 69 14476 0 0 0 0
158 69 14354 0 0 0 0
159 69 14342 0 0 0 0
160 70 14453 0 0 0 0
161 70 14450 0 0 0 0
162 70 14415 0 0 0 0
163 70 14381 0 0 0 0
164 70 14355 0 0 0 0
165 71 14425 0 0 0 0
166 72 14446 0 0 0 0
167 72 14407 0 0 0 0
168 72 14448 0 0 0 0
169 72 14499 0 0 0 0
170 71 14386 0 0 0 0
171 71 14379 0 0 0 0
172 71 14370 0 0 0 0
173 72 14467 0 0 0 0
174 71 14296 0 0 0 0
175 71 14324 0 0 0 0
176 72 14538 0 0 0 0
177 71 14403 0 0 0 0
178 70 14344 0 0 0 0
179 71 14510 0 0 0 0
180 70 14300 0 0 0 0
181 70 14303 0 0 0 0
182 71 14428 0 0 0 0
183 71 14337 0 0 0 0
184 71 14402 0 0 0 0
185 70 14326 0 0 0 0
186 71 14592 0 0 0 0
187 70 14376 0 0 0 0
188 70 14458 0 0 0 0
189 69 14331 0 0 0 0
190 70 14593 0 0 0 0
191 68 14310 0 0 0 0
192 68 14410 0 0 0 0
193 68 14497 0 0 1 1
194 67 14424 0 0 1 0
195 66 14373 0 0 1 0
196 66 14474 0 0 1 0
197 66 14458 0 0 1 0
198 66 14396 0 0 1 0
199 66 14376 0 0 1 1
200 66 14338 0 0 1 0
201 66 14350 0 0 1 0
202 66 14352 0 0 1 0
203 66 14307 0 0 1 0
204 67 14418 0 0 1 0
205 67 14399 0 0 1 1
206 67 14345 0 0 1 0
207 68 14488 0 0 1 0
208 68 14397 0 0 0 0
209 68 14381 0 0 0 0
210 68 14299 0 0 0 0
211 69 14543 0 0 0 0
212 68 14284 0 0 0 0
213 69 14397 0 0 0 0
214 69 14426 0 0 0 0
215 69 14428 0 0 0 0
216 69 14395 0 0 0 0
217 69 14312 0 0 0 0
218 70 14484 0 0 0 0
219 70 14483 0 0 0 0
220 69 14298 0 0 0 0
221 69 14282 0 0 0 0
222 70 14480 0 0 0 0
223 70 14407 0 0 0 0
224 71 14509 0 0 0 0
225 71 14463 0 0 0 0
226 71 14393 0 0 0 0
227 72 14509 0 0 0 0
228 71 14316 0 0 0 0
229 71 14317 0 0 0 0
230 71 14375 0 0 0 0
231 71 14378 0 0 0 0
232 72 14596 0 0 0 0
233 71 14433 0 0 0 0
234 70 14332 0 0 0 0
235 70 14429 0 0 0 0
236 69 14304 0 0 0 0
237 69 14389 0 0 0 0
238 69 14376 0 0 0 0
239 68 14255 0 0 0 0
240 69 14526 0 0 0 0
241 68 14381 0 0 0 0
242 68 14446 0 0 0 0
243 67 14262 0 0 0 0
244 67 14237 0 0 0 0
245 68 14388 0 0 0 0
246 69 14471 0 0 0 0
247 69 14353 0 0 0 0
248 70 14534 0 0 0 0
249 70 14481 0 0 0 0
250 69 14261 0 0 0 0
251 70 14482 0 0 0 0
252 70 14347 0 0 0 0
253 71 14587 0 0 0 0
254 70 14397 0 0 0 0
255 70 14447 0 0 0 0
256 70 14520 0 0 0 0
257 69 14430 0 0 0 0
258 68 14412 0 0 0 0
259 67 14344 0 0 1 1
260 67 14396 0 0 1 0
261 67 14376 0 0 1 0
262 68 14544 0 0 1 0
263 68 14425 0 0 0 0
264 68 14474 0 0 0 0
265 68 14378 0 0 0 0
266 69 14356 0 0 0 0
267 70 14417 0 0 0 0
268 70 14275 0 0 0 0
269 71 14391 0 0 0 0
270 71 14269 0 0 0 0
271 72 14362 0 0 0 0
272 72 14274 0 0 0 0
273 72 14238 0 0 0 0
274 72 14344 0 0 0 0
275 72 14439 0 0 0 0
276 72 14448 0 0 0 0
277 71 14279 0 0 0 0
278 71 14403 0 0 0 0
279 71 14402 0 0 0 0
280 71 14455 0 0 0 0
281 71 14476 0 0 0 0
282 71 14545 0 0 0 0
283 70 14367 0 0 0 0
284 70 14399 0 0 0 0
285 70 14417 0 0 0 0
286 70 14343 0 0 0 0
287 70 14291 0 0 0 0
288 70 14232 0 0 0 0
289 71 14383 0 0 0 0
290 71 14347 0 0 0 0
291 71 14402 0 0 0 0
292 71 14465 0 0 0 0
293 71 14449 0 0 0 0
294 70 14206 0 0 0 0
295 71 14484 0 0 0 0
296 71 14545 0 0 0 0
297 70 14442 0 0 0 0
298 70 14501 0 0 0 0
299 69 14382 0 0 0 0
300 69 14539 0 0 0 0
301 68 14454 0 0 0 0
302 67 14407 0 0 1 1
303 66 14329 0 0 1 0
304 66 14300 0 0 1 0
305 66 14409 0 0 1 0
306 66 14426 0 0 1 0
307 66 14315 0 0 1 0
308 66 14290 0 0 1 1
309 67 14509 0 0 1 0
310 66 14365 0 0 1 0
311 66 14428 0 0 1 0
312 65 14277 0 0 1 0
313 65 14336 0 0 1 0
314 66 14499 0 0 1 1
315 66 14452 0 0 1 0
316 66 14499 0 0 1 0
317 65 14226 0 0 1 0
318 66 14454 0 0 1 0
319 66 14541 0 0 1 0
320 66 14527 0 0 1 1
321 65 14300 0 0 1 0
322 66 14474 0 0 1 0
323 66 14361 0 0 1 0
324 67 14413 0 0 1 0
325 68 14469 0 0 0 0
326 68 14378 0 0 0 0
327 69 14536 0 0 0 0
328 68 14293 0 0 0 0
329 69 14450 0 0 0 0
330 69 14392 0 0 0 0
331 69 14355 0 0 0 0
332 69 14335 0 0 0 0
333 70 14498 0 0 0 0
334 70 14407 0 0 0 0
335 70 14405 0 0 0 0
336 70 14423 0 0 0 0
337 70 14452 0 0 0 0
338 70 14468 0 0 0 0
339 70 14402 0 0 0 0
340 70 14358 0 0 0 0
341 70 14377 0 0 0 0
342 70 14350 0 0 0 0
343 70 14344 0 0 0 0
344 70 14397 0 0 0 0
345 70 14423 0 0 0 0
346 70 14413 0 0 0 0
347 70 14411 0 0 0 0
348 70 14400 0 0 0 0
349 70 14376 0 0 0 0
350 70 14390 0 0 0 0
351 70 14409 0 0 0 0
352 70 14447 0 0 0 0
353 70 14428 0 0 0 0
354 70 14449 0 0 0 0
355 70 14425 0 0 0 0
356 70 14323 0 0 0 0
357 70 14302 0 0 0 0
358 70 14397 0 0 0 0
359 71 14562 0 0 0 0
360 71 14513 0 0 0 0
361 70 14304 0 0 0 0
362 70 14253 0 0 0 0
363 70 14314 0 0 0 0
364 71 14513 0 0 0 0
365 70 14379 0 0 0 0
366 70 14399 0 0 0 0
367 70 14418 0 0 0 0
368 70 14465 0 0 0 0
369 70 14437 0 0 0 0
370 70 14404 0 0 0 0
371 69 14202 0 0 0 0
372 69 14227 0 0 0 0
373 70 14403 0 0 0 0
374 71 14545 0 0 0 0
375 70 14306 0 0 0 0
376 70 14292 0 0 0 0
377 71 14443 0 0 0 0
378 71 14469 0 0 0 0
379 71 14493 0 0 0 0
380 70 14322 0 0 0 0
381 70 14377 0 0 0 0
382 70 14350 0 0 0 0
383 71 14554 0 0 0 0
384 71 14477 0 0 0 0
385 72 14552 0 0 0 0
386 71 14360 0 0 0 0
387 72 14562 0 0 0 0
388 71 14365 0 0 0 0
389 71 14396 0 0 0 0
390 71 14408 0 0 0 0
391 71 14398 0 0 0 0
392 71 14385 0 0 0 0
393 71 14361 0 0 0 0
394 71 14403 0 0 0 0
395 71 14417 0 0 0 0
396 70 14365 0 0 0 0
397 69 14346 0 0 0 0
398 69 14448 0 0 0 0
399 68 14241 0 0 0 0
400 69 14461 0 0 0 0
401 69 14447 0 0 0 0
402 69 14414 0 0 0 0
403 68 14234 0 0 0 0
404 69 14452 0 0 0 0
405 69 14405 0 0 0 0
406 69 14331 0 0 0 0
407 69 14269 0 0 0 0
408 70 14370 0 0 0 0
409 70 14310 0 0 0 0
410 70 14385 0 0 0 0
411 70 14450 0 0 0 0
412 70 14501 0 0 0 0
413 69 14308 0 0 0 0
414 69 14401 0 0 0 0
415 69 14393 0 0 0 0
416 69 14349 0 0 0 0
417 69 14375 0 0 0 0
418 69 14373 0 0 0 0
419 69 14373 0 0 0 0
420 70 14489 0 0 0 0
421 69 14363 0 0 0 0
422 69 14297 0 0 0 0
423 70 14427 0 0 0 0
424 70 14362 0 0 0 0
425 71 14563 0 0 0 0
426 70 14276 0 0 0 0
427 71 14467 0 0 0 0
428 71 14463 0 0 0 0
429 71 14492 0 0 0 0
430 71 14509 0 0 0 0
431 71 14525 0 0 0 0
432 70 14415 0 0 0 0
433 71 14548 0 0 0 0
434 71 14454 0 0 0 0
435 71 14459 0 0 0 0
436 70 14266 0 0 0 0
437 70 14227 0 0 0 0
438 71 14391 0 0 0 0
439 71 14413 0 0 0 0
440 71 14419 0 0 0 0
441 71 14409 0 0 0 0
442 70 14289 0 0 0 0
443 70 14384 0 0 0 0
444 69 14281 0 0 0 0
445 69 14317 0 0 0 0
446 69 14364 0 0 0 0
447 69 14368 0 0 0 0
448 70 14519 0 0 0 0
449 70 14504 0 0 0 0
450 70 14504 0 0 0 0
451 69 14286 0 0 0 0
452 69 14425 0 0 0 0
453 68 14290 0 0 0 0
454 69 14488 0 0 0 0
455 68 14275 0 0 0 0
456 69 14482 0 0 0 0
457 69 14532 0 0 0 0
458 68 14332 0 0 0 0
459 68 14380 0 0 0 0
460 68 14410 0 0 0 0
461 68 14394 0 0 0 0
462 68 14381 0 0 0 0
463 69 14479 0 0 0 0
464 70 14405 0 0 0 0
465 71 14492 0 0 0 0
466 70 14276 0 0 0 0
467 71 14473 0 0 0 0
468 71 14395 0 0 0 0
469 71 14326 0 0 0 0
470 72 14540 0 0 0 0
471 72 14486 0 0 0 0
472 71 14371 0 0 0 0
473 70 14263 0 0 0 0
474 70 14408 0 0 0 0
475 69 14347 0 0 0 0
476 68 14376 0 0 0 0
477 68 14424 0 0 0 0
478 68 14399 0 0 0 0
479 69 14523 0 0 0 0
480 68 14398 0 0 0 0
481 67 14271 0 0 1 1
482 67 14339 0 0 1 0
483 67 14376 0 0 1 0
484 67 14321 0 0 1 0
485 68 14495 0 0 1 0
486 68 14435 0 0 0 0
487 68 14459 0 0 0 0
488 68 14443 0 0 0 0
489 67 14307 0 0 1 1
490 68 14552 0 0 1 0
491 67 14386 0 0 1 0
492 67 14352 0 0 1 0
493 68 14519 0 0 1 0
494 68 14457 0 0 0 0
495 68 14393 0 0 0 0
496 68 14375 0 0 0 0
497 68 14375 0 0 0 0
498 68 14344 0 0 0 0
499 69 14518 0 0 0 0
500 68 14255 0 0 0 0
501 69 14392 0 0 0 0
502 69 14326 0 0 0 0
503 70 14420 0 0 0 0
504 71 14526 0 0 0 0
505 71 14408 0 0 0 0
506 71 14347 0 0 0 0
507 71 14314 0 0 0 0
508 72 14490 0 0 0 0
509 72 14430 0 0 0 0
510 72 14431 0 0 0 0
511 72 14319 0 0 0 0
512 73 14493 0 0 0 0
513 73 14466 0 0 0 0
514 73 14391 0 0 0 0
515 72 14256 0 0 0 0
516 72 14269 0 0 0 0
517 72 14379 0 0 0 0
518 72 14457 0 0 0 0
519 71 14333 0 0 0 0
520 71 14347 0 0 0 0
521 71 14435 0 0 0 0
522 71 14455 0 0 0 0
523 70 14337 0 0 0 0
524 70 14399 0 0 0 0
525 70 14415 0 0 0 0
526 70 14498 0 0 0 0
527 70 14511 0 0 0 0
528 70 14512 0 0 0 0
529 70 14416 0 0 0 0
530 70 14408 0 0 0 0
531 71 14582 0 0 0 0
532 70 14440 0 0 0 0
533 69 14269 0 0 0 0
534 69 14295 0 0 0 0
535 70 14482 0 0 0 0
536 70 14444 0 0 0 0
537 70 14393 0 0 0 0
538 70 14354 0 0 0 0
539 70 14414 0 0 0 0
540 70 14455 0 0 0 0
541 69 14330 0 0 0 0
542 69 14351 0 0 0 0
543 68 14200 0 0 0 0
544 69 14393 0 0 0 0
545 70 14559 0 0 0 0
546 69 14365 0 0 0 0
547 69 14383 0 0 0 0
548 69 14435 0 0 0 0
549 68 14311 0 0 0 0
550 68 14348 0 0 0 0
551 68 14310 0 0 0 0
552 68 14346 0 0 0 0
553 68 14364 0 0 0 0
554 68 14323 0 0 0 0
555 69 14524 0 0 0 0
556 69 14476 0 0 0 0
557 69 14381 0 0 0 0
558 70 14508 0 0 0 0
559 69 14286 0 0 0 0
560 69 14267 0 0 0 0
561 70 14425 0 0 0 0
562 70 14351 0 0 0 0
563 70 14344 0 0 0 0
564 70 14356 0 0 0 0
565 71 14517 0 0 0 0
566 71 14502 0 0 0 0
567 71 14444 0 0 0 0
568 71 14417 0 0 0 0
569 71 14393 0 0 0 0
570 71 14385 0 0 0 0
571 72 14571 0 0 0 0
572 72 14510 0 0 0 0
573 72 14527 0 0 0 0
574 72 14569 0 0 0 0
575 72 14506 0 0 0 0
576 72 14393 0 0 0 0
577 73 14457 0 0 0 0
578 72 14285 0 0 0 0
579 72 14306 0 0 0 0
580 72 14362 0 0 0 0
581 72 14428 0 0 0 0
582 72 14381 0 0 0 0
583 71 14232 0 0 0 0
584 71 14305 0 0 0 0
585 71 14318 0 0 0 0
586 71 14332 0 0 0 0
587 71 14413 0 0 0 0
588 71 14499 0 0 0 0
589 69 14237 0 0 0 0
590 70 14413 0 0 0 0
591 70 14427 0 0 0 0
592 70 14274 0 0 0 0
593 70 14305 0 0 0 0
594 70 14282 0 0 0 0
595 71 14549 0 0 0 0
596 70 14382 0 0 0 0
597 70 14395 0 0 0 0
598 70 14417 0 0 0 0
599 70 14395 0 0 0 0
600 70 14398 0 0 0 0
601 70 14384 0 0 0 0
602 71 14522 0 0 0 0
603 71 14496 0 0 0 0
604 71 14575 0 0 0 0
605 71 14532 0 0 0 0
606 70 14433 0 0 0 0
607 70 14417 0 0 0 0
608 70 14393 0 0 0 0
609 70 14435 0 0 0 0
610 69 14240 0 0 0 0
611 69 14355 0 0 0 0
612 69 14347 0 0 0 0
613 70 14580 0 0 0 0
614 68 14257 0 0 0 0
615 69 14327 0 0 0 0
616 69 14273 0 0 0 0
617 70 14410 0 0 0 0
618 71 14417 0 0 0 0
619 71 14301 0 0 0 0
620 72 14398 0 0 0 0
621 73 14453 0 0 0 0
622 73 14448 0 0 0 0
623 73 14425 0 0 0 0
624 73 14447 0 0 0 0
625 72 14227 0 0 0 0
626 73 14381 0 0 0 0
627 72 14339 0 0 0 0
628 72 14456 0 0 0 0
629 71 14394 0 0 0 0
630 70 14385 0 0 0 0
631 70 14429 0 0 0 0
632 70 14467 0 0 0 0
633 69 14332 0 0 0 0
634 70 14525 0 0 0 0
635 70 14455 0 0 0 0
636 70 14401 0 0 0 0
637 70 14400 0 0 0 0
638 70 14446 0 0 0 0
639 70 14382 0 0 0 0
640 71 14471 0 0 0 0
641 71 14404 0 0 0 0
642 71 14375 0 0 0 0
643 71 14335 0 0 0 0
644 71 14444 0 0 0 0
645 70 14333 0 0 0 0
646 70 14406 0 0 0 0
647 70 14405 0 0 0 0
648 69 14248 0 0 0 0
649 70 14515 0 0 0 0
650 70 14480 0 0 0 0
651 69 14365 0 0 0 0
652 68 14298 0 0 0 0
653 68 14382 0 0 0 0
654 68 14462 0 0 0 0
655 67 14377 0 0 1 1
656 67 14330 0 0 1 0
657 68 14500 0 0 1 0
658 68 14428 0 0 0 0
659 67 14261 0 0 0 0
660 67 14345 0 0 1 0
661 67 14358 0 0 1 1
662 67 14405 0 0 1 0
663 67 14405 0 0 1 0
664 67 14408 0 0 1 0
665 66 14221 0 0 1 0
666 67 14338 0 0 1 0
667 69 14590 0 0 0 0
668 68 14353 0 0 0 0
669 68 14370 0 0 0 0
670 68 14389 0 0 0 0
671 68 14395 0 0 0 0
672 70 14569 0 0 0 0
673 69 14353 0 0 0 0
674 69 14352 0 0 0 0
675 70 14555 0 0 0 0
676 69 14334 0 0 0 0
677 70 14436 0 0 0 0
678 70 14406 0 0 0 0
679 70 14396 0 0 0 0
680 71 14553 0 0 0 0
681 71 14469 0 0 0 0
682 70 14226 0 0 0 0
683 71 14373 0 0 0 0
684 70 14303 0 0 0 0
685 71 14465 0 0 0 0
686 71 14435 0 0 0 0
687 71 14383 0 0 0 0
688 71 14375 0 0 0 0
689 71 14534 0 0 0 0
690 70 14463 0 0 0 0
691 69 14292 0 0 0 0
692 69 14410 0 0 0 0
693 68 14347 0 0 0 0
694 68 14412 0 0 0 0
695 68 14419 0 0 0 0
696 68 14466 0 0 0 0
697 68 14435 0 0 0 0
698 68 14465 0 0 0 0
699 67 14284 0 0 1 1
700 68 14532 0 0 1 0
701 68 14362 0 0 0 0
702 68 14315 0 0 0 0
703 68 14432 0 0 0 0
704 68 14376 0 0 0 0
705 68 14410 0 0 0 0
706 68 14442 0 0 0 0
707 68 14469 0 0 0 0
708 68 14468 0 0 0 0
709 67 14336 0 0 1 1
710 66 14214 0 0 1 0
711 67 14499 0 0 1 0
712 66 14401 0 0 1 0
713 65 14326 0 0 1 0
714 65 14374 0 0 1 0
715 65 14465 0 0 1 1
716 64 14356 0 0 1 0
717 64 14340 0 0 1 0
718 64 14374 0 0 1 0
719 63 14279 0 0 1 0
720 63 14410 0 0 1 0
721 63 14480 0 0 1 1
722 63 14467 0 0 1 0
723 63 14450 0 0 1 0
724 63 14274 0 0 1 0
725 64 14365 0 0 1 0
726 65 14453 0 0 1 0
727 65 14272 0 0 1 1
728 66 14315 0 0 1 0
729 67 14418 0 0 1 0
730 68 14542 0 0 1 0
731 68 14446 0 0 0 0
732 68 14287 0 0 0 0
733 69 14387 0 0 0 0
734 70 14472 0 0 0 0
735 70 14332 0 0 0 0
736 71 14553 0 0 0 0
737 70 14351 0 0 0 0
738 70 14382 0 0 0 0
739 71 14530 0 0 0 0
740 70 14392 0 0 0 0
741 70 14389 0 0 0 0
742 70 14399 0 0 0 0
743 70 14403 0 0 0 0
744 70 14328 0 0 0 0
745 70 14310 0 0 0 0
746 70 14346 0 0 0 0
747 70 14403 0 0 0 0
748 70 14392 0 0 0 0
749 71 14571 0 0 0 0
750 71 14521 0 0 0 0
751 69 14280 0 0 0 0
752 69 14374 0 0 0 0
753 69 14431 0 0 0 0
754 68 14279 0 0 0 0
755 68 14346 0 0 0 0
756 68 14566 0 0 1 1
757 67 14438 0 0 1 0
758 67 14496 0 0 1 0
759 66 14379 0 0 1 0
760 65 14257 0 0 1 0
761 65 14416 0 0 1 0
762 64 14333 0 0 1 1
763 65 14456 0 0 1 0
764 66 14591 0 0 1 0
765 65 14374 0 0 1 0
766 66 14510 0 0 1 0
767 66 14447 0 0 1 0
768 66 14336 0 0 1 1
769 67 14434 0 0 1 0
770 67 14359 0 0 1 0
771 68 14396 0 0 0 0
772 69 14432 0 0 0 0
773 69 14376 0 0 0 0
774 69 14359 0 0 0 0
775 69 14424 0 0 0 0
776 68 14292 0 0 0 0
777 68 14284 0 0 0 0
778 68 14334 0 0 0 0
779 68 14377 0 0 0 0
780 68 14438 0 0 0 0
781 67 14320 0 0 1 1
782 67 14342 0 0 1 0
783 67 14470 0 0 1 0
784 66 14347 0 0 1 0
785 66 14383 0 0 1 0
786 67 14516 0 0 1 0
787 66 14240 0 0 1 1
788 67 14408 0 0 1 0
789 68 14547 0 0 1 0
790 67 14360 0 0 1 0
791 67 14397 0 0 1 0
792 67 14406 0 0 1 0
793 67 14446 0 0 1 1
794 66 14305 0 0 1 0
795 66 14337 0 0 1 0
796 67 14588 0 0 1 0
797 66 14295 0 0 1 0
798 66 14341 0 0 1 0
799 67 14516 0 0 1 1
800 67 14360 0 0 1 0
801 67 14370 0 0 1 0
802 67 14341 0 0 1 0
803 68 14472 0 0 0 0
804 68 14416 0 0 0 0
805 68 14327 0 0 0 0
806 69 14463 0 0 0 0
807 69 14364 0 0 0 0
808 69 14271 0 0 0 0
809 70 14429 0 0 0 0
810 70 14401 0 0 0 0
811 70 14440 0 0 0 0
812 69 14348 0 0 0 0
813 69 14391 0 0 0 0
814 70 14590 0 0 0 0
815 69 14500 0 0 0 0
816 68 14303 0 0 0 0
817 68 14373 0 0 0 0
818 68 14479 0 0 1 1
819 67 14349 0 0 1 0
820 67 14514 0 0 1 0
821 67 14482 0 0 1 0
822 67 14484 0 0 1 0
823 66 14325 0 0 1 0
824 67 14558 0 0 1 1
825 66 14346 0 0 1 0
826 66 14358 0 0 1 0
827 66 14248 0 0 1 0
828 67 14418 0 0 1 0
829 67 14413 0 0 1 0
830 67 14407 0 0 1 1
831 67 14393 0 0 1 0
832 68 14418 0 0 0 0
833 67 14333 0 0 1 0
834 67 14398 0 0 1 0
835 67 14408 0 0 1 0
836 66 14234 0 0 1 1
837 67 14481 0 0 1 0
838 66 14257 0 0 1 0
839 67 14509 0 0 1 0
840 67 14369 0 0 1 0
841 68 14495 0 0 1 0
842 68 14462 0 0 0 0
843 68 14485 0 0 1 1
844 66 14232 0 0 1 0
845 67 14503 0 0 1 0
846 66 14275 0 0 1 0
847 67 14456 0 0 1 0
848 67 14422 0 0 1 0
849 67 14315 0 0 1 1
850 68 14483 0 0 1 0
851 68 14464 0 0 0 0
852 67 14439 0 0 1 0
853 66 14414 0 0 1 0
854 65 14310 0 0 1 0
855 65 14430 0 0 1 1
856 65 14530 0 0 1 0
857 64 14349 0 0 1 0
858 64 14376 0 0 1 0
859 64 14470 0 0 1 0
860 64 14522 0 0 1 0
861 63 14451 0 0 1 1
862 62 14374 0 0 1 0
863 62 14362 0 0 1 0
864 62 14315 0 0 1 0
865 63 14434 0 0 1 0
866 64 14479 0 0 1 0
867 63 14124 1 0 1 1
868 64 14118 1 0 1 0
869 65 14129 1 0 1 0
870 66 14175 1 0 1 0
871 66 14024 1 0 0 0
872 66 13991 1 0 0 0
873 67 14221 1 0 0 0
874 67 14173 1 0 0 0
875 66 13998 1 0 0 0
876 67 14282 1 0 1 1
877 67 14203 1 0 0 0
878 66 13978 1 0 0 0
879 68 14397 0 0 0 0
880 68 14491 0 0 1 0
881 67 14451 0 0 1 0
882 66 14438 0 0 1 1
883 65 14358 0 0 1 0
884 66 14581 0 0 1 0
885 65 14306 0 0 1 0
886 66 14513 0 0 1 0
887 66 14425 0 0 1 0
888 66 14392 0 0 1 1
889 65 14226 0 0 1 0
890 66 14393 0 0 1 0
891 66 14455 0 0 1 0
892 66 14394 0 0 1 0
893 66 14337 0 0 1 0
894 66 14363 0 0 1 1
895 66 14390 0 0 1 0
896 66 14359 0 0 1 0
897 66 14448 0 0 1 0
898 66 14403 0 0 1 0
899 66 14395 0 0 1 0
900 66 14399 0 0 1 1
901 66 14450 0 0 1 0
902 66 14573 0 0 1 0
903 65 14413 0 0 1 0
904 64 14322 0 0 1 0
905 65 14525 0 0 1 0
906 65 14399 0 0 1 1
907 66 14511 0 0 1 0
908 66 14478 0 0 1 0
909 66 14340 0 0 1 0
910 66 14352 0 0 1 0
911 66 14421 0 0 1 0
912 66 14397 0 0 1 1
913 66 14391 0 0 1 0
914 66 14315 0 0 1 0
915 67 14418 0 0 1 0
916 67 14319 0 0 1 0
917 67 14258 0 0 0 0
918 68 14495 0 0 1 1
919 67 14335 0 0 1 0
920 66 14196 0 0 1 0
921 66 14352 0 0 1 0
922 65 14256 0 0 1 0
923 66 14557 0 0 1 0
924 65 14312 0 0 1 1
925 66 14416 0 0 1 0
926 64 14086 1 0 1 0
927 64 14134 1 0 1 0
928 65 14265 1 0 1 0
929 64 14167 1 0 1 0
930 63 14061 1 0 1 1
931 63 14153 1 0 1 0
932 63 14246 1 0 1 0
933 63 14219 1 0 1 0
934 63 14133 1 0 1 0
935 63 14164 1 0 1 0
936 63 14288 1 0 1 1
937 62 14257 1 0 1 0
938 63 14500 0 0 1 0
939 62 14317 0 0 1 0
940 61 14255 0 0 1 0
941 62 14465 0 0 1 0
942 62 14436 0 0 1 1
943 62 14391 0 0 1 0
944 62 14335 0 0 1 0
945 62 14318 0 0 1 0
946 63 14581 0 0 1 0
947 62 14281 0 0 1 0
948 62 14222 0 0 1 1
949 63 14400 0 0 1 0
950 63 14388 0 0 1 0
951 63 14385 0 0 1 0
952 64 14586 0 0 1 0
953 63 14289 0 0 1 0
954 64 14441 0 0 1 1
955 64 14388 0 0 1 0
956 65 14571 0 0 1 0
957 65 14519 0 0 1 0
958 65 14283 0 0 1 0
959 66 14462 0 0 1 0
960 66 14518 0 0 1 1
961 65 14242 0 0 1 0
962 66 14462 0 0 1 0
963 66 14505 0 0 1 0
964 65 14379 0 0 1 0
965 65 14521 0 0 1 0
966 64 14339 0 0 1 1
967 64 14375 0 0 1 0
968 64 14405 0 0 1 0
969 64 14380 0 0 1 0
970 63 14398 0 0 1 0
971 62 14238 0 0 1 0
972 63 14370 0 0 1 1
973 64 14525 0 0 1 0
974 63 14297 0 0 1 0
975 64 14341 0 0 1 0
976 65 14445 0 0 1 0
977 65 14392 0 0 1 0
978 65 14411 0 0 1 1
979 66 14436 0 0 1 0
980 65 14203 0 0 1 0
981 66 14473 0 0 1 0
982 66 14493 0 0 1 0
983 66 14515 0 0 1 0
984 66 14516 0 0 1 1
985 65 14356 0 0 1 0
986 66 14518 0 0 1 0
987 66 14509 0 0 1 0
988 66 14386 0 0 1 0
989 66 14377 0 0 1 0
990 66 14401 0 0 1 1
991 65 14345 0 0 1 0
992 66 14470 0 0 1 0
993 66 14426 0 0 1 0
994 66 14426 0 0 1 0
995 66 14442 0 0 1 0
996 65 14230 0 0 1 1
997 66 14302 0 0 1 0
998 66 14344 0 0 1 0
999 66 14285 0 0 1 0
1000 66 14260 0 0 1 0
1001 67 14429 0 0 1 0
1002 68 14476 0 0 0 0
1003 69 14603 0 0 0 0
1004 68 14418 0 0 0 0
1005 67 14296 0 0 1 1
1006 67 14334 0 0 1 0
1007 67 14310 0 0 1 0
1008 67 14378 0 0 1 0
1009 67 14568 0 0 1 0
1010 66 14405 0 0 1 0
1011 65 14384 0 0 1 1
1012 64 14379 0 0 1 0
1013 63 14252 0 0 1 0
1014 63 14344 0 0 1 0
1015 62 14245 0 0 1 0
1016 63 14506 0 0 1 0
1017 63 14480 0 0 1 1
1018 63 14428 0 0 1 0
1019 63 14454 0 0 1 0
1020 63 14467 0 0 1 0
1021 63 14441 0 0 1 0
1022 63 14384 0 0 1 0
1023 63 14324 0 0 1 1
1024 64 14566 0 0 1 0
1025 64 14521 0 0 1 0
1026 63 14359 0 0 1 0
1027 63 14356 0 0 1 0
1028 63 14341 0 0 1 0
1029 63 14238 0 0 1 1
1030 64 14369 0 0 1 0
1031 65 14366 0 0 1 0
1032 65 14307 0 0 1 0
1033 65 14322 0 0 1 0
1034 65 14323 0 0 1 0
1035 66 14581 0 0 1 1
1036 66 14354 0 0 1 0
1037 66 14328 0 0 1 0
1038 66 14331 0 0 1 0
1039 67 14490 0 0 1 0
1040 66 14250 0 0 1 0
1041 67 14561 0 0 1 1
1042 66 14399 0 0 1 0
1043 65 14387 0 0 1 0
1044 65 14412 0 0 1 0
1045 65 14410 0 0 1 0
1046 65 14437 0 0 1 0
1047 65 14345 0 0 1 1
1048 65 14376 0 0 1 0
1049 65 14425 0 0 1 0
1050 66 14602 0 0 1 0
1051 65 14428 0 0 1 0
1052 65 14466 0 0 1 0
1053 64 14236 0 0 1 1
1054 65 14409 0 0 1 0
1055 66 14463 0 0 1 0
1056 67 14546 0 0 1 0
1057 67 14373 0 0 1 0
1058 68 14471 0 0 0 0
1059 68 14440 0 0 0 0
1060 68 14426 0 0 0 0
1061 68 14340 0 0 0 0
1062 68 14286 0 0 0 0
1063 69 14417 0 0 0 0
1064 69 14353 0 0 0 0
1065 70 14486 0 0 0 0
1066 70 14356 0 0 0 0
1067 70 14454 0 0 0 0
1068 69 14386 0 0 0 0
1069 68 14367 0 0 0 0
1070 67 14255 0 0 0 0
1071 66 14223 0 0 1 1
1072 66 14344 0 0 1 0
1073 67 14416 0 0 1 0
1074 67 14365 0 0 1 0
1075 67 14394 0 0 1 0
1076 67 14435 0 0 1 0
1077 67 14464 0 0 1 1
1078 67 14530 0 0 1 0
1079 66 14256 0 0 1 0
1080 67 14418 0 0 1 0
1081 67 14352 0 0 1 0
1082 68 14553 0 0 1 0
1083 68 14451 0 0 0 0
1084 68 14375 0 0 0 0
1085 68 14435 0 0 0 0
1086 68 14492 0 0 1 1
1087 68 14418 0 0 0 0
1088 68 14363 0 0 0 0
1089 68 14309 0 0 0 0
1090 68 14311 0 0 0 0
1091 69 14525 0 0 0 0
1092 69 14414 0 0 0 0
1093 70 14553 0 0 0 0
1094 70 14390 0 0 0 0
1095 70 14379 0 0 0 0
1096 70 14439 0 0 0 0
1097 70 14475 0 0 0 0
1098 69 14275 0 0 0 0
1099 69 14319 0 0 0 0
1100 70 14556 0 0 0 0
1101 69 14436 0 0 0 0
1102 68 14316 0 0 0 0
1103 68 14379 0 0 0 0
1104 68 14390 0 0 0 0
1105 68 14278 0 0 0 0
1106 68 14305 0 0 0 0
1107 69 14576 0 0 0 0
1108 68 14387 0 0 0 0
1109 68 14348 0 0 0 0
1110 68 14449 0 0 0 0
1111 68 14524 0 0 1 1
1112 67 14318 0 0 1 0
1113 68 14452 0 0 0 0
1114 68 14396 0 0 0 0
1115 68 14330 0 0 0 0
1116 68 14292 0 0 0 0
1117 68 14504 0 0 1 1
1118 67 14408 0 0 1 0
1119 67 14398 0 0 1 0
1120 67 14364 0 0 1 0
1121 67 14488 0 0 1 0
1122 67 14367 0 0 1 0
1123 67 14286 0 0 1 1
1124 68 14493 0 0 1 0
1125 67 14308 0 0 1 0
1126 68 14508 0 0 1 0
1127 67 14373 0 0 1 0
1128 67 14470 0 0 1 0
1129 67 14422 0 0 1 1
1130 68 14539 0 0 1 0
1131 67 14286 0 0 1 0
1132 68 14531 0 0 1 0
1133 67 14362 0 0 1 0
1134 67 14468 0 0 1 0
1135 66 14385 0 0 1 1
1136 65 14241 0 0 1 0
1137 66 14522 0 0 1 0
1138 65 14371 0 0 1 0
1139 65 14384 0 0 1 0
1140 65 14415 0 0 1 0
1141 64 14233 0 0 1 1
1142 64 14381 0 0 1 0
1143 64 14465 0 0 1 0
1144 64 14354 0 0 1 0
1145 65 14416 0 0 1 0
1146 65 14344 0 0 1 0
1147 66 14528 0 0 1 1
1148 66 14465 0 0 1 0
1149 65 14257 0 0 1 0
1150 65 14270 0 0 1 0
1151 66 14551 0 0 1 0
1152 65 14441 0 0 1 0
1153 65 14480 0 0 1 1
1154 65 14325 0 0 1 0
1155 66 14445 0 0 1 0
1156 65 14286 0 0 1 0
1157 66 14395 0 0 1 0
1158 67 14461 0 0 1 0
1159 67 14264 0 0 0 0
1160 68 14405 0 0 0 0
1161 69 14429 0 0 0 0
1162 70 14603 0 0 0 0
1163 69 14266 0 0 0 0
1164 70 14288 0 0 0 0
1165 71 14349 0 0 0 0
1166 72 14434 0 0 0 0
1167 72 14412 0 0 0 0
1168 72 14392 0 0 0 0
1169 71 14308 0 0 0 0
1170 71 14483 0 0 0 0
1171 70 14403 0 0 0 0
1172 70 14491 0 0 0 0
1173 69 14380 0 0 0 0
1174 69 14371 0 0 0 0
1175 70 14564 0 0 0 0
1176 69 14423 0 0 0 0
1177 69 14550 0 0 0 0
1178 67 14444 0 0 1 1
1179 66 14346 0 0 1 0
1180 66 14496 0 0 1 0
1181 65 14401 0 0 1 0
1182 65 14373 0 0 1 0
1183 65 14402 0 0 1 0
1184 64 14216 0 0 1 1
1185 65 14512 0 0 1 0
1186 64 14315 0 0 1 0
1187 64 14361 0 0 1 0
1188 64 14377 0 0 1 0
1189 64 14336 0 0 1 0
1190 64 14208 0 0 1 1
1191 65 14334 0 0 1 0
1192 66 14413 0 0 1 0
1193 67 14468 0 0 1 0
1194 67 14446 0 0 1 0
1195 67 14364 0 0 1 0
1196 68 14506 0 0 1 1
1197 68 14302 0 0 0 0
1198 69 14386 0 0 0 0
1199 68 14237 0 0 0 0
1200 69 14496 0 0 0 0
1201 68 14324 0 0 0 0
1202 69 14555 0 0 0 0
1203 68 14348 0 0 0 0
1204 68 14323 0 0 0 0
1205 68 14407 0 0 0 0
1206 67 14247 0 0 0 0
1207 68 14510 0 0 1 1
1208 68 14446 0 0 0 0
1209 68 14544 0 0 1 0
1210 67 14479 0 0 1 0
1211 67 14416 0 0 1 0
1212 67 14399 0 0 1 0
1213 67 14440 0 0 1 1
1214 66 14238 0 0 1 0
1215 67 14518 0 0 1 0
1216 66 14410 0 0 1 0
1217 66 14353 0 0 1 0
1218 67 14500 0 0 1 0
1219 66 14331 0 0 1 1
1220 66 14440 0 0 1 0
1221 65 14295 0 0 1 0
1222 65 14287 0 0 1 0
1223 66 14515 0 0 1 0
1224 65 14278 0 0 1 0
1225 66 14495 0 0 1 1
1226 66 14466 0 0 1 0
1227 66 14323 0 0 1 0
1228 68 14537 0 0 1 0
1229 67 14360 0 0 1 0
1230 67 14350 0 0 1 0
1231 68 14487 0 0 1 1
1232 67 14215 0 0 0 0
1233 68 14332 0 0 0 0
1234 69 14494 0 0 0 0
1235 68 14300 0 0 0 0
1236 69 14463 0 0 0 0
1237 70 14414 0 0 0 0
1238 70 14412 0 0 0 0
1239 70 14467 0 0 0 0
1240 69 14392 0 0 0 0
1241 69 14404 0 0 0 0
1242 69 14455 0 0 0 0
1243 69 14445 0 0 0 0
1244 70 14600 0 0 0 0
1245 69 14402 0 0 0 0
1246 69 14354 0 0 0 0
1247 70 14389 0 0 0 0
1248 70 14341 0 0 0 0
1249 69 14244 0 0 0 0
1250 70 14486 0 0 0 0
1251 70 14391 0 0 0 0
1252 70 14345 0 0 0 0
1253 70 14420 0 0 0 0
1254 70 14432 0 0 0 0
1255 69 14272 0 0 0 0
1256 68 14195 0 0 0 0
1257 69 14419 0 0 0 0
1258 69 14458 0 0 0 0
1259 69 14524 0 0 0 0
1260 69 14492 0 0 0 0
1261 69 14503 0 0 0 0
1262 69 14419 0 0 0 0
1263 68 14283 0 0 0 0
1264 68 14347 0 0 0 0
1265 68 14326 0 0 0 0
1266 68 14377 0 0 0 0
1267 68 14402 0 0 0 0
1268 68 14405 0 0 0 0
1269 68 14544 0 0 1 1
1270 67 14407 0 0 1 0
1271 66 14328 0 0 1 0
1272 65 14281 0 0 1 0
1273 65 14408 0 0 1 0
1274 64 14300 0 0 1 0
1275 65 14497 0 0 1 1
1276 65 14454 0 0 1 0
1277 66 14531 0 0 1 0
1278 66 14310 0 0 1 0
1279 67 14418 0 0 1 0
1280 68 14592 0 0 1 0
1281 67 14274 0 0 1 1
1282 67 14306 0 0 1 0
1283 67 14334 0 0 1 0
1284 67 14401 0 0 1 0
1285 67 14409 0 0 1 0
1286 67 14425 0 0 1 0
1287 67 14501 0 0 1 1
1288 66 14364 0 0 1 0
1289 66 14439 0 0 1 0
1290 66 14514 0 0 1 0
1291 65 14370 0 0 1 0
1292 65 14401 0 0 1 0
1293 65 14430 0 0 1 1
1294 66 14581 0 0 1 0
1295 66 14506 0 0 1 0
1296 67 14552 0 0 1 0
1297 66 14272 0 0 1 0
1298 67 14392 0 0 1 0
1299 67 14313 0 0 1 1
1300 68 14420 0 0 0 0
1301 68 14398 0 0 0 0
1302 68 14339 0 0 0 0
1303 69 14474 0 0 0 0
1304 68 14210 0 0 0 0
1305 69 14410 0 0 0 0
1306 68 14208 0 0 0 0
1307 69 14394 0 0 0 0
1308 69 14405 0 0 0 0
1309 70 14509 0 0 0 0
1310 70 14489 0 0 0 0
1311 69 14368 0 0 0 0
1312 69 14415 0 0 0 0
1313 68 14282 0 0 0 0
1314 68 14403 0 0 0 0
1315 68 14411 0 0 0 0
1316 69 14429 0 0 0 0
1317 69 14333 0 0 0 0
1318 70 14440 0 0 0 0
1319 71 14440 0 0 0 0
1320 71 14414 0 0 0 0
1321 70 14313 0 0 0 0
1322 70 14368 0 0 0 0
1323 71 14514 0 0 0 0
1324 70 14305 0 0 0 0
1325 71 14441 0 0 0 0
1326 72 14468 0 0 0 0
1327 72 14452 0 0 0 0
1328 71 14448 0 0 0 0
1329 71 14518 0 0 0 0
1330 70 14357 0 0 0 0
1331 69 14303 0 0 0 0
1332 69 14342 0 0 0 0
1333 69 14346 0 0 0 0
1334 69 14286 0 0 0 0
1335 69 14253 0 0 0 0
1336 70 14517 0 0 0 0
1337 70 14491 0 0 0 0
1338 68 14221 0 0 0 0
1339 68 14210 0 0 0 0
1340 69 14364 0 0 0 0
1341 70 14396 0 0 0 0
1342 71 14536 0 0 0 0
1343 71 14526 0 0 0 0
1344 70 14322 0 0 0 0
1345 71 14527 0 0 0 0
1346 71 14484 0 0 0 0
1347 71 14383 0 0 0 0
1348 72 14447 0 0 0 0
1349 71 14324 0 0 0 0
1350 72 14556 0 0 0 0
1351 72 14576 0 0 0 0
1352 72 14541 0 0 0 0
1353 70 14278 0 0 0 0
1354 70 14321 0 0 0 0
1355 70 14416 0 0 0 0
1356 70 14465 0 0 0 0
1357 69 14280 0 0 0 0
1358 69 14309 0 0 0 0
1359 69 14468 0 0 0 0
1360 68 14278 0 0 0 0
1361 68 14294 0 0 0 0
1362 68 14341 0 0 0 0
1363 68 14418 0 0 0 0
1364 67 14284 0 0 1 1
1365 68 14540 0 0 1 0
1366 68 14535 0 0 1 0
1367 68 14379 0 0 0 0
1368 68 14294 0 0 0 0
1369 69 14439 0 0 0 0
1370 69 14477 0 0 0 0
1371 69 14409 0 0 0 0
1372 68 14331 0 0 0 0
1373 69 14509 0 0 0 0
1374 69 14453 0 0 0 0
1375 68 14199 0 0 0 0
1376 69 14460 0 0 0 0
1377 68 14266 0 0 0 0
1378 68 14252 0 0 0 0
1379 68 14325 0 0 0 0
1380 68 14410 0 0 0 0
1381 68 14365 0 0 0 0
1382 68 14355 0 0 0 0
1383 68 14407 0 0 0 0
1384 68 14482 0 0 1 1
1385 67 14307 0 0 1 0
1386 67 14427 0 0 1 0
1387 67 14489 0 0 1 0
1388 66 14283 0 0 1 0
1389 67 14519 0 0 1 0
1390 67 14540 0 0 1 1
1391 67 14481 0 0 1 0
1392 67 14480 0 0 1 0
1393 67 14518 0 0 1 0
1394 67 14426 0 0 1 0
1395 67 14415 0 0 1 0
1396 67 14352 0 0 1 1
1397 68 14479 0 0 1 0
1398 68 14309 0 0 0 0
1399 69 14454 0 0 0 0
1400 70 14583 0 0 0 0
1401 69 14302 0 0 0 0
1402 69 14407 0 0 0 0
1403 68 14287 0 0 0 0
1404 69 14493 0 0 0 0
1405 68 14334 0 0 0 0
1406 68 14427 0 0 0 0
1407 68 14465 0 0 0 0
1408 68 14458 0 0 0 0
1409 68 14475 0 0 0 0
1410 68 14495 0 0 1 1
1411 67 14354 0 0 1 0
1412 66 14198 0 0 1 0
1413 67 14519 0 0 1 0
1414 66 14200 0 0 1 0
1415 67 14413 0 0 1 0
1416 67 14389 0 0 1 1
1417 68 14457 0 0 0 0
1418 69 14461 0 0 0 0
1419 69 14345 0 0 0 0
1420 70 14459 0 0 0 0
1421 69 14244 0 0 0 0
1422 69 14252 0 0 0 0
1423 70 14349 0 0 0 0
1424 71 14456 0 0 0 0
1425 71 14329 0 0 0 0
1426 72 14511 0 0 0 0
1427 72 14367 0 0 0 0
1428 73 14338 0 0 0 0
1429 73 14352 0 0 0 0
1430 72 14272 0 0 0 0
1431 72 14300 0 0 0 0
1432 72 14299 0 0 0 0
1433 73 14457 0 0 0 0
1434 73 14402 0 0 0 0
1435 72 14269 1 0 0 0
1436 71 14136 1 0 0 0
1437 71 14169 1 0 0 0
1438 71 14231 1 0 0 0
1439 70 14152 1 0 0 0
1440 69 14148 1 0 0 0
1441 68 14088 1 0 0 0
1442 68 14118 1 0 0 0
1443 68 14122 1 0 0 0
1444 68 14215 1 0 0 0
1445 67 14126 1 0 0 0
1446 67 14230 1 0 0 0
1447 68 14378 0 0 0 0
1448 69 14549 0 0 0 0
1449 68 14282 0 0 0 0
1450 69 14401 0 0 0 0
1451 69 14370 0 0 0 0
1452 69 14380 0 0 0 0
1453 70 14573 0 0 0 0
1454 69 14528 0 0 0 0
1455 68 14511 0 0 1 1
1456 67 14288 0 0 1 0
1457 67 14345 0 0 1 0
1458 67 14450 0 0 1 0
1459 66 14295 0 0 1 0
1460 66 14287 0 0 1 0
1461 67 14471 0 0 1 1
1462 66 14276 0 0 1 0
1463 67 14447 0 0 1 0
1464 67 14352 0 0 1 0
1465 67 14259 0 0 0 0
1466 68 14330 0 0 0 0
1467 69 14303 0 0 0 0
1468 70 14417 0 0 0 0
1469 71 14464 0 0 0 0
1470 71 14244 0 0 0 0
1471 72 14374 0 0 0 0
1472 72 14497 0 0 0 0
1473 71 14383 0 0 0 0
1474 71 14479 0 0 0 0
1475 71 14488 0 0 0 0
1476 70 14393 0 0 0 0
1477 70 14507 0 0 0 0
1478 69 14379 0 0 0 0
1479 69 14560 0 0 0 0
1480 68 14471 0 0 0 0
1481 67 14384 0 0 1 1
1482 67 14549 0 0 1 0
1483 66 14441 0 0 1 0
1484 66 14428 0 0 1 0
1485 66 14450 0 0 1 0
1486 66 14404 0 0 1 0
1487 65 14317 0 0 1 1
1488 66 14551 0 0 1 0
1489 65 14407 0 0 1 0
1490 65 14497 0 0 1 0
1491 64 14365 0 0 1 0
1492 64 14420 0 0 1 0
1493 64 14420 0 0 1 1
1494 63 14216 0 0 1 0
1495 64 14513 0 0 1 0
1496 63 14241 0 0 1 0
1497 64 14471 0 0 1 0
1498 63 14343 0 0 1 0
1499 63 14366 0 0 1 1
1500 63 14375 0 0 1 0
1501 63 14310 0 0 1 0
1502 64 14448 0 0 1 0
1503 64 14369 0 0 1 0
1504 64 14290 0 0 1 0
1505 65 14466 0 0 1 1
1506 66 14620 0 0 1 0
1507 66 14427 0 0 1 0
1508 67 14509 0 0 1 0
1509 67 14275 0 0 1 0
1510 68 14329 0 0 0 0
1511 70 14480 0 0 0 0
1512 70 14386 0 0 0 0
1513 70 14379 0 0 0 0
1514 68 13955 2 0 0 0
1515 68 13893 2 0 0 0
1516 69 14131 2 0 0 0
1517 68 13911 2 0 0 0
1518 66 13463 4 0 0 0
1519 66 13489 4 0 0 0
1520 65 13402 4 0 0 0
1521 65 13662 4 0 0 0
1522 64 13544 4 0 0 0
1523 63 13468 4 0 1 1
1524 63 13485 4 0 1 0
1525 64 13609 4 0 0 0
1526 65 13785 2 0 0 0
1527 66 14073 2 0 1 0
1528 65 13926 2 0 1 0
1529 65 14032 2 0 1 1
1530 67 14477 0 0 1 0
1531 66 14320 0 0 1 0
1532 67 14550 0 0 1 0
1533 66 14266 0 0 1 0
1534 67 14492 0 0 1 0
1535 67 14537 0 0 1 1
1536 66 14323 0 0 1 0
1537 66 14355 0 0 1 0
1538 67 14554 0 0 1 0
1539 66 14263 0 0 1 0
1540 67 14300 0 0 1 0
1541 68 14306 0 0 0 0
1542 69 14383 0 0 0 0
1543 70 14474 0 0 0 0
1544 70 14341 0 0 0 0
1545 71 14423 0 0 0 0
1546 71 14336 0 0 0 0
1547 72 14400 0 0 0 0
1548 73 14489 0 0 0 0
1549 74 14491 0 0 0 0
1550 74 14328 0 0 0 0
1551 76 14510 0 0 0 0
1552 77 14560 0 0 0 0
1553 77 14479 0 0 0 0
1554 77 14399 0 0 0 0
1555 77 14333 0 0 0 0
1556 78 14444 0 0 0 0
1557 79 14532 0 0 0 0
1558 79 14450 0 0 0 0
1559 79 14416 0 0 0 0
1560 79 14392 0 0 0 0
1561 79 14383 0 0 0 0
1562 79 14437 0 0 0 0
1563 78 14373 0 0 0 0
1564 77 14321 0 0 0 0
1565 77 14414 0 0 0 0
